0.01
0.03
0.05
0.07
0.09
0.11
0.13
0.15000000000000002
0.16999999999999998
0.19
0.21000000000000002
0.22999999999999998
0.25
0.27
0.29000000000000004
0.31
0.33
0.35
0.37
0.39
0.41000000000000003
0.43
0.45
0.47
0.49
0.51
0.53
0.55
0.5700000000000001
0.59
0.61
0.63
0.65
0.67
0.6900000000000001
0.71
0.73
0.75
0.77
0.79
0.81
0.8300000000000001
0.85
0.87
0.89
0.91
0.93
0.95
0.97
0.99
1.01
1.03
1.05
1.07
1.09
1.11
1.1300000000000001
1.15
1.17
1.19
1.21
1.23
1.25
1.27
1.29
1.31
1.33
1.35
1.37
1.3900000000000001
1.4100000000000001
1.43
1.45
1.47
1.49
1.51
1.53
1.55
1.57
1.59
1.61
1.6300000000000001
1.6500000000000001
1.67
1.69
1.71
1.73
1.75
1.77
1.79
1.81
1.83
1.85
1.87
1.8900000000000001
1.9100000000000001
1.93
1.95
1.97
1.99
2.01
2.0300000000000002
2.05
2.0700000000000003
2.09
2.1100000000000003
2.13
2.1500000000000004
2.17
2.1900000000000004
2.21
2.2300000000000004
2.25
2.2700000000000005
2.29
2.31
2.33
2.3499999999999996
2.37
2.3899999999999997
2.41
2.4299999999999997
2.45
2.4699999999999998
2.49
2.51
2.5300000000000002
2.55
2.5700000000000003
2.59
2.6100000000000003
2.63
2.6500000000000004
2.67
2.6900000000000004
2.71
2.7300000000000004
2.75
2.7700000000000005
2.79
2.81
2.83
2.8499999999999996
2.87
2.8899999999999997
2.91
2.9299999999999997
2.95
2.9699999999999998
2.99
3.01
3.0300000000000002
3.05
3.0700000000000003
3.09
3.1100000000000003
3.13
3.1500000000000004
3.17
3.1900000000000004
3.21
3.2300000000000004
3.25
3.2700000000000005
3.29
3.3100000000000005
3.33
3.3499999999999996
3.37
3.3899999999999997
3.41
3.4299999999999997
3.45
3.4699999999999998
3.49
3.51
3.5300000000000002
3.55
3.5700000000000003
3.59
3.6100000000000003
3.63
3.6500000000000004
3.67
3.6900000000000004
3.71
3.7300000000000004
3.75
3.7700000000000005
3.79
3.8100000000000005
3.83
3.8499999999999996
3.87
3.8899999999999997
3.91
3.9299999999999997
3.95
3.9699999999999998
3.99
