0.18181818181818182
0.16666666666666669
0.15384615384615385
0.14285714285714288
0.13333333333333333
0.125
0.11764705882352942
0.11111111111111112
0.10526315789473685
0.1
0.09523809523809523
0.09090909090909091
0.08695652173913045
0.08333333333333334
0.08
0.07692307692307693
0.07407407407407407
0.07142857142857144
0.06896551724137931
0.06666666666666667
0.06451612903225806
0.0625
0.060606060606060615
0.05882352941176471
0.05714285714285715
0.05555555555555556
0.05405405405405406
0.052631578947368425
0.05128205128205129
0.05
0.04878048780487806
0.047619047619047616
0.04651162790697675
0.045454545454545456
0.044444444444444446
0.04347826086956522
0.0425531914893617
0.04166666666666667
0.04081632653061224
0.04
0.03921568627450981
0.038461538461538464
0.03773584905660378
0.037037037037037035
0.03636363636363637
0.03571428571428572
0.03508771929824561
0.034482758620689655
0.03389830508474576
0.03333333333333333
0.03278688524590164
0.03225806451612903
0.03174603174603175
0.03125
0.03076923076923077
0.030303030303030307
0.029850746268656716
0.029411764705882356
0.028985507246376812
0.028571428571428574
0.028169014084507046
0.02777777777777778
0.027397260273972605
0.02702702702702703
0.02666666666666667
0.026315789473684213
0.025974025974025976
0.025641025641025644
0.02531645569620253
0.025
0.02469135802469136
0.02439024390243903
0.024096385542168672
0.023809523809523808
0.023529411764705882
0.023255813953488375
0.02298850574712644
0.022727272727272728
0.02247191011235955
0.022222222222222223
0.02197802197802198
0.02173913043478261
0.02150537634408602
0.02127659574468085
0.021052631578947368
0.020833333333333336
0.02061855670103093
0.02040816326530612
0.020202020202020204
0.02
0.019801980198019802
0.019607843137254905
0.019417475728155338
0.019230769230769232
0.01904761904761905
0.01886792452830189
0.01869158878504673
0.018518518518518517
0.01834862385321101
0.018181818181818184
