10.903601367334637
15.50591271987099
3.9678518579111355
4.954330480463792
2.1133297403595983
3.7755805014993142
1.7841205999203167
3.434712574470436
1.9017891682490242
3.40262702128727
2.1426357393648554
3.4816524712120622
2.4536308737766337
3.578598136947486
2.7740197904356263
3.7169357388224546
3.0530896373466896
3.9063954177062183
3.3261985493471533
4.114288549048851
3.5552909253825993
4.294977780960609
3.7471745898990707
4.4192561138993005
3.925429054997403
4.459714205763304
4.059174015650501
4.426297620707088
4.1882624405157705
4.3257124027669365
4.294020145990909
4.171602745269931
4.341349253670579
3.904650132920356
4.323148517731697
3.5849299218748008
4.201107476197188
3.211665950899776
3.913216142754628
2.92823975548616
3.5765532826800333
2.8445123852819614
3.308903636330724
2.8852662350902927
3.185482433343057
2.948796574447085
3.100471895985295
2.99714055817673
3.0857197675428956
3.031688173167871
3.0655355344051833
3.0350785540061893
3.0674996217431487
3.052254453107531
3.0575524354708308
3.0527613825108846
3.054021974841832
3.0499920382748313
3.073278510359456
3.0588657592501347
3.067268686588265
3.0609095386105905
3.0615251953897094
3.054700213784706
3.0451391970033836
3.0584268821715095
3.038351617896371
3.0513662748808428
3.026100297398926
3.0408685876870987
3.0217121505152162
3.0283687715015963
3.020104015308387
3.028688507705811
3.024507634645224
3.012701593114094
3.0288760507744534
3.0016613012381925
3.012839412765845
3.005592531222939
2.9962333684582507
3.0106892345368323
2.997794961544315
3.014017034636467
2.995038804288113
3.002369824042896
2.9959864473641575
2.997794476856404
2.983855657515108
3.0004569648870905
2.9719799507176337
3.005536378289389
2.972375695402348
2.988752461782446
2.9880669706542533
2.9803005340521205
2.9873401070310535
2.977333513856935
2.984837065858474
2.9721956841325046
