2.9969999999999387e-13
2.433990271245516
2.7461419368010795
2.408036388982688
2.7504857966517338
2.5997853375075204
2.709120557962062
2.6716711245027858
2.8303715002105054
2.7895448626168826
2.93601675461577
2.894885133833272
3.0487234831427235
3.000186905821057
3.1595636732802173
3.0894588861788495
3.2580948345216023
3.169918299556982
3.3499624907849057
3.2461790738857395
3.4337058785911756
3.317103537868705
3.509059505604721
3.3870297944734227
3.577581113561339
3.452328431208669
3.634604053026674
3.515959707960782
3.6844737213370524
3.573826006304207
3.7258085678304527
3.623862677366628
3.7553566048965883
3.6675609151725026
3.7732555431463797
3.7024351162917744
3.784469614735097
3.726146919475755
3.789262102442716
3.7573825592623638
3.799315904392086
3.7842402773734234
3.814838410356325
3.817481446682229
3.839640746552052
3.8452442896205485
3.861377162347605
3.8686227084047653
3.8819165486504397
3.888380505933894
3.8999940280844863
3.907311874632681
3.9180988127738927
3.9261296705478212
3.9350083562341944
3.9434700760768915
3.9512335891498633
3.959989469815134
3.9675071044417387
3.975288280839699
3.9826775806957673
3.9900059546945337
3.9974602380577653
4.000000000000226
4.000000000000222
4.000000000000224
4.000000000000224
4.000000000000222
4.000000000000224
4.000000000000226
4.000000000000222
4.00000000000022
4.000000000000224
4.000000000000224
4.000000000000224
4.000000000000224
4.000000000000225
4.000000000000224
4.000000000000224
4.000000000000222
4.000000000000224
4.000000000000224
4.000000000000222
4.000000000000223
4.000000000000224
4.000000000000222
4.000000000000224
4.000000000000224
4.000000000000222
4.000000000000224
4.00000000000022
4.000000000000225
4.000000000000222
4.000000000000224
4.00000000000022
4.00000000000022
4.000000000000221
4.000000000000222
4.000000000000222
4.000000000000223
4.000000000000222
