1.0	0.39461235059929617	0.0	1.0	0.00019473228518557536	0.0	1.0	0.0
1.0	0.3284796252332943	0.0	1.0	0.00023182516388911003	0.0	1.0	0.0
1.0	0.3190111847336353	0.0	1.0	0.0002760064458435997	0.0	1.0	0.0
1.0	0.31802461092427614	0.0	1.0	0.00032863472120714106	0.0	1.0	0.0
1.0	0.31658512613465567	0.0	1.0	0.0003913305308392072	0.0	1.0	0.0
1.0	0.3144601104542046	0.0	1.0	0.0004658549356657332	0.0	1.0	0.0
1.0	0.3112919955936074	0.0	1.0	0.0005538936519184055	0.0	1.0	0.0
1.0	0.3066684499288795	0.0	1.0	0.0006575156267705914	0.0	1.0	0.0
1.0	0.30027199788174735	0.0	1.0	0.0007786567947612026	0.0	1.0	0.0
1.0	0.29202902806914033	0.0	1.0	0.0009192466964407221	0.0	1.0	0.0
1.0	0.25918799617933186	0.0	1.0	0.0010812113536137126	0.0	1.0	0.0
1.0	0.060265075690287315	0.0	1.0	0.001266489188535304	0.0	1.0	0.0
1.0	0.0	0.0	1.0	0.0014770537034209021	0.0	1.0	0.0
1.0	0.0	0.0	1.0	0.0017149376708394015	0.0	1.0	0.0
1.0	0.0	0.0	1.0	0.001982255358171025	0.0	1.0	0.0
1.0	0.0	0.0	1.0	0.002281221130158284	0.0	1.0	0.0
1.0	0.0	0.0	1.0	0.00261416427203344	0.0	1.0	0.0
1.0	0.0	0.0	1.0	0.002983540959995858	0.0	1.0	0.0
1.0	0.0	0.0	1.0	0.003391945053326182	0.0	1.0	0.0
1.0	0.0	0.0	0.052217017920008844	0.0038421199383135637	0.0	1.0	0.0
1.0	0.0	0.0	0.050775371224491626	0.004336974166933769	0.0	1.0	0.0
1.0	0.0	0.0	0.04920954541838385	0.004879604225682665	0.0	1.0	0.0
1.0	0.0	0.0	0.0	0.005473328533212334	0.0	1.0	0.0
1.0	0.0	0.0	0.0	0.00612173776286817	0.0	1.0	0.0
1.0	0.0	0.0	0.0	1.0	0.0	1.0	0.0
1.0	0.0	0.0	0.0	1.0	0.0	1.0	0.0
1.0	0.0	0.0	0.0	1.0	0.0	1.0	0.0
1.0	0.0	0.0	0.0	1.0	0.0	1.0	0.0
1.0	0.0	0.0	0.0	1.0	0.0	1.0	0.0
1.0	0.0	0.9020413891347194	0.03123871404452162	1.0	0.0	1.0	0.0
1.0	0.0	0.9031803747820057	0.04187902560514415	1.0	0.0	1.0	0.0
1.0	0.0	0.898783514181965	0.04814055913766309	1.0	0.0	1.0	0.0
1.0	0.0	0.8881850329459791	0.0480872799083701	1.0	0.0	1.0	0.0
1.0	0.0	0.8792276062987261	0.047950284383291894	1.0	0.0	1.0	0.0
1.0	0.0	0.8718470007176313	0.04773012953206048	1.0	0.0	1.0	0.0
1.0	0.0	0.8658900338697116	0.04742785086211002	1.0	0.0	1.0	0.0
1.0	0.0	0.8611611269566452	0.047044270063872955	1.0	0.0	1.0	0.0
1.0	0.0	0.8574591150266505	0.046579509450836755	1.0	0.0	1.0	0.0
1.0	0.0	0.8545829191024776	0.0460327731786406	1.0	0.0	1.0	0.0
1.0	0.0	0.8523653197307145	0.045402108517294586	1.0	0.0	1.0	0.0
1.0	0.0	0.9447583023174823	0.03740082074837198	1.0	0.0	1.0	0.0
1.0	0.0	0.9447506703838454	0.03678304765338367	1.0	0.0	1.0	0.0
1.0	0.0	0.9447482993808664	0.036135013354925	1.0	0.0	1.0	0.0
1.0	0.0	0.9447513538674819	0.03545777636491788	1.0	0.0	1.0	0.0
1.0	0.0	0.9447599822973084	0.034751939963071014	1.0	0.0	1.0	0.0
1.0	0.0	0.9525427485346192	0.04204059660786899	1.0	0.0	1.0	0.0
1.0	0.0	0.9519935790407292	0.04166736766192207	1.0	0.0	1.0	0.0
1.0	0.0	0.9515787251876469	0.04126228264393453	1.0	0.0	1.0	0.0
1.0	0.0	0.9513172039644282	0.04082445912008196	1.0	0.0	1.0	0.0
1.0	0.0	0.9512546881653733	0.040353073906639655	1.0	0.0	1.0	0.0
1.0	0.0	0.9514743241715876	0.03984749243342015	1.0	0.0	1.0	0.0
1.0	0.0	0.9521130276032482	0.03930745473778805	1.0	0.0	1.0	0.0
1.0	0.0	0.9528270137719915	0.03873334339048805	1.0	0.0	1.0	0.0
1.0	0.0	0.952848062644487	0.038123900804777046	1.0	0.0	1.0	0.0
1.0	0.0	0.952875905067782	0.03747414247874197	1.0	0.0	0.0	1.0
1.0	0.0	0.9529113100827057	0.036781734464689846	1.0	0.0	0.0	1.0
1.0	0.0	0.952955482169364	0.036043833629333825	1.0	0.0	0.0	1.0
1.0	0.0	0.953010356116372	0.03525678718419656	1.0	0.0	0.0	1.0
1.0	0.0	0.953079086779018	0.034415636894906704	1.0	0.0	0.0	1.0
1.0	0.0	0.953166854857406	0.033513306866297825	1.0	0.0	0.0	1.0
1.0	0.0	0.9532821791978722	0.03253928443986839	1.0	0.0	0.0	1.0
1.0	0.0	0.9534390305517049	0.03147749932306528	1.0	0.0	0.0	1.0
1.0	0.0	0.9536601948004336	0.030302953014958986	1.0	0.0	0.0	1.0
1.0	0.0	0.953982549872306	0.028976434447968765	1.0	0.0	0.0	1.0
1.0	0.0	1.0	0.0	1.0	0.0	0.0	1.0
1.0	0.0	1.0	0.0	1.0	0.0	0.0	1.0
1.0	0.0	1.0	0.0	1.0	0.0	0.0	1.0
1.0	0.0	1.0	0.0	1.0	0.0	0.0	1.0
1.0	0.0	1.0	0.0	1.0	0.0	0.0	1.0
1.0	0.0	1.0	0.0	1.0	0.0	0.0	1.0
1.0	0.0	1.0	0.0	1.0	0.0	0.5342167362176311	0.002039855416976112
1.0	0.0	1.0	0.0	1.0	0.0	1.0	0.0
1.0	0.0	1.0	0.0	1.0	0.0	1.0	0.0
1.0	0.0	1.0	0.0	1.0	0.0	1.0	0.0
1.0	0.0	1.0	0.0	1.0	0.0	1.0	0.0
1.0	0.0	1.0	0.0	1.0	0.0	1.0	0.0
1.0	0.0	1.0	0.0	1.0	0.0	1.0	0.0
1.0	0.0	1.0	0.0	1.0	0.0	1.0	0.0
1.0	0.0	1.0	0.0	1.0	0.0	0.0	1.0
1.0	0.0	1.0	0.0	1.0	0.0	0.0	1.0
1.0	0.0	1.0	0.0	1.0	0.0	0.0	1.0
1.0	0.027540286185009588	1.0	0.0	1.0	0.0	0.0	1.0
1.0	0.37819415213944246	1.0	0.0	1.0	0.0	0.0	1.0
1.0	0.37295387963342297	1.0	0.0	1.0	0.0	0.0	1.0
1.0	0.40353388103503696	1.0	0.0	1.0	0.0	0.0	1.0
1.0	0.4492117879567072	1.0	0.0	1.0	0.0	0.0	1.0
1.0	0.5133957789787548	1.0	0.0	1.0	0.0	0.0	1.0
1.0	1.0	1.0	0.0	1.0	0.0	0.0	1.0
1.0	0.0	1.0	0.0	1.0	0.0	0.0	1.0
1.0	0.0	1.0	0.0	1.0	0.0	0.0	1.0
1.0	0.0	1.0	0.0	1.0	0.0	0.0	1.0
1.0	1.0	1.0	0.0	1.0	0.0	0.0	1.0
1.0	1.0	1.0	0.0	1.0	0.0	0.0	1.0
1.0	1.0	1.0	0.0	1.0	0.0	0.0	1.0
1.0	1.0	1.0	0.0	1.0	0.0	0.0	1.0
1.0	1.0	1.0	0.0	1.0	0.0	0.0	1.0
1.0	1.0	1.0	0.0	1.0	0.0	0.0	1.0
1.0	1.0	1.0	0.0	1.0	0.0	0.0	1.0
1.0	1.0	1.0	0.0	1.0	0.0	0.0	1.0
1.0	1.0	1.0	0.0	1.0	0.0	0.0	1.0
