0.0
1.0344827586206897
2.0689655172413794
3.103448275862069
4.137931034482759
5.172413793103448
6.206896551724138
7.241379310344827
8.275862068965518
9.310344827586206
10.344827586206897
11.379310344827585
12.413793103448276
13.448275862068966
14.482758620689655
15.517241379310345
16.551724137931036
17.586206896551722
18.620689655172413
19.655172413793103
20.689655172413794
21.724137931034484
22.75862068965517
23.79310344827586
24.82758620689655
25.862068965517242
26.896551724137932
27.93103448275862
28.96551724137931
30.0
