1.8598502333913507e-128	0.0	1.2211811853784294e-40
2.2141074207039887e-128	0.0	1.4537871254505117e-40
2.635842167504747e-128	0.0	1.7306989588696575e-40
3.137907342267558e-128	0.0	2.0603559034162574e-40
3.7356039788899474e-128	0.0	2.4528046469241177e-40
4.4471475939166044e-128	0.0	2.9200055320525205e-40
5.294223326091198e-128	0.0	3.476197061967289e-40
6.302646816775235e-128	0.0	4.1383298356753375e-40
7.503150972351475e-128	0.0	4.926583137708739e-40
8.932322586132704e-128	0.0	5.864979925843737e-40
1.0633717364443701e-127	0.0	6.982118959337782e-40
1.2659187338623447e-127	0.0	8.312046380164029e-40
1.5070461117408871e-127	0.0	9.895293309719085e-40
1.7941025139772462e-127	0.0	1.1780111082998907e-39
2.135836326163388e-127	0.0	1.4023941765474895e-39
2.542662293051655e-127	0.0	1.6695168768422484e-39
3.0269789202995865e-127	0.0	1.9875200914788685e-39
3.6035463336899847e-127	0.0	2.3660953469986535e-39
4.289936111535696e-127	0.0	2.816780174998395e-39
5.1070667994472555e-127	0.0	3.353309732140945e-39
6.079841427913403e-127	0.0	3.9920353954058914e-39
7.237906461801674e-127	0.0	4.752423089768914e-39
8.616555311668652e-127	0.0	5.657646535439186e-39
1.025780394246268e-126	0.0	6.735293494570464e-39
1.2211671360074627e-126	0.0	8.01820654115531e-39
1.4537704000088847e-126	0.0	9.545483977565846e-39
1.7306790476296234e-126	0.0	1.1363671401864096e-38
2.060332199559074e-126	0.0	1.3528180240314403e-38
2.4527764280465185e-126	0.0	1.6104976476564783e-38
2.919971938150619e-126	0.0	1.917259104352948e-38
3.476157069226926e-126	0.0	2.2824513147058916e-38
4.1382822252701526e-126	0.0	2.717203946078443e-38
4.926526458654944e-126	0.0	3.234766602474335e-38
5.864912450779692e-126	0.0	3.850912621993261e-38
6.982038631880584e-126	0.0	4.584419788087212e-38
8.3119507522388e-126	0.0	5.457642604865729e-38
9.895179466950947e-126	0.0	6.497193577221101e-38
1.1779975555893988e-125	0.0	7.734754258596558e-38
1.4023780423683313e-125	0.0	9.208040784043514e-38
1.6694976694861097e-125	0.0	1.0961953314337526e-37
1.987497225578702e-125	0.0	1.3049944421830392e-37
2.36606812568893e-125	0.0	1.5535648121226657e-37
2.816747768677298e-125	0.0	1.8494819191936494e-37
3.35327115318726e-125	0.0	2.2017641895162508e-37
3.9919894680800714e-125	0.0	2.621147844662201e-37
4.752368414381035e-125	0.0	3.120414100788336e-37
5.657581445691711e-125	0.0	3.714778691414685e-37
6.73521600677585e-125	0.0	4.4223555850174815e-37
8.018114293780772e-125	0.0	5.264709029782717e-37
9.54537415926282e-125	0.0	6.267510749741327e-37
1.1363540665789071e-124	0.0	7.461322321120632e-37
1.352802460212986e-124	0.0	8.882526572762653e-37
1.610479119301173e-124	0.0	1.057443639614601e-36
1.91723704678711e-124	0.0	1.258861475731669e-36
2.2824250556989405e-124	0.0	1.498644613966273e-36
2.7171726853558816e-124	0.0	1.7841007309122297e-36
3.234729387328431e-124	0.0	2.1239294415621778e-36
3.850868318248133e-124	0.0	2.5284874304311618e-36
4.584367045533492e-124	0.0	3.010104083846622e-36
5.457579816111298e-124	0.0	3.5834572426745514e-36
6.4971188287039255e-124	0.0	4.2660205269935144e-36
7.734665272266583e-124	0.0	5.07859586546847e-36
9.207934847936402e-124	0.0	6.045947458891032e-36
1.0961827199924298e-123	0.0	7.1975564986798e-36
1.3049794285624154e-123	0.0	8.56851964128548e-36
1.5535469387647816e-123	0.0	1.0200618620577955e-35
1.8494606413866438e-123	0.0	1.2143593595926122e-35
2.2017388587936244e-123	0.0	1.4456659042769224e-35
2.621117689040031e-123	0.0	1.7210308384249045e-35
3.1203782012381323e-123	0.0	2.0488462362201256e-35
3.714735953854917e-123	0.0	2.4391026621668186e-35
4.42230470697014e-123	0.0	2.903693645436687e-35
5.264648460678736e-123	0.0	3.4567781493293875e-35
6.26743864366516e-123	0.0	4.115212082534988e-35
7.461236480553765e-123	0.0	4.899062003017842e-35
8.882424381611625e-123	0.0	5.832216670259332e-35
1.0574314740013841e-122	0.0	6.943115083642072e-35
1.2588469928587904e-122	0.0	8.265613194811983e-35
1.498627372450941e-122	0.0	9.840015708109493e-35
1.7840802052987403e-122	0.0	1.1714304414416074e-34
2.1239050063080238e-122	0.0	1.3945600493352482e-34
2.528458340842886e-122	0.0	1.6601905349229148e-34
3.0100694533843884e-122	0.0	1.97641730347966e-34
3.583416015933795e-122	0.0	2.3528777422376886e-34
4.265971447540234e-122	0.0	2.8010449312353455e-34
5.078537437547896e-122	0.0	3.334577299089697e-34
6.045877901842734e-122	0.0	3.96973487986869e-34
7.19747369266992e-122	0.0	4.725874856986534e-34
8.56842106270228e-122	0.0	5.62604149641254e-34
1.0200501265121768e-121	0.0	6.697668448110167e-34
1.2143453887049726e-121	0.0	7.973414819178768e-34
1.4456492722678244e-121	0.0	9.492160499022352e-34
1.7210110384140762e-121	0.0	1.1300191070264692e-33
2.0488226647786636e-121	0.0	1.345260841698178e-33
2.439074600926973e-121	0.0	1.601501002021641e-33
2.903660239198764e-121	0.0	1.9065488119305243e-33
3.45673837999849e-121	0.0	2.2697009665839494e-33
4.115164738093372e-121	0.0	2.7020249602189683e-33
4.8990056405872e-121	0.0	3.216696381213023e-33
5.8321495721273395e-121	0.0	3.829400453824971e-33
6.943035204912929e-121	0.0	4.558810064077263e-33
8.265518101085676e-121	0.0	5.4271548381870575e-33
9.839902501290217e-121	0.0	6.460898616889028e-33
1.1714169644388788e-120	0.0	7.691545972486299e-33
1.3945440052835484e-120	0.0	9.156602348196784e-33
1.6601714348597824e-120	0.0	1.0900717081184415e-32
1.9763945653062658e-120	0.0	1.297704414426297e-32
2.352850672978019e-120	0.0	1.5448862076495813e-32
2.801012705915727e-120	0.0	1.839150247200469e-32
3.334538935594576e-120	0.0	2.1894645799979815e-32
3.9696892090056e-120	0.0	2.606505452373896e-32
4.725820486846645e-120	0.0	3.1029826813891677e-32
5.6259767699383096e-120	0.0	3.69402700163896e-32
6.697591392573049e-120	0.0	4.397651192401185e-32
7.973323086020441e-120	0.0	5.235299038526995e-32
9.492051292214544e-120	0.0	6.232498855309397e-32
1.1300061060984613e-119	0.0	7.419641494277664e-32
1.3452453641969838e-119	0.0	8.832906540568898e-32
1.6014825760663194e-119	0.0	1.0515364928842176e-31
1.9065268756484027e-119	0.0	1.2518291581264417e-31
2.2696748508931116e-119	0.0	1.4902728071767805e-31
2.701993868279884e-119	0.0	1.774134294062328e-31
3.2166593638813445e-119	0.0	2.112064635461766e-31
3.8293563802892135e-119	0.0	2.5143626607217292e-31
4.5587575866752513e-119	0.0	2.9932888809164343e-31
5.427092350148751e-119	0.0	3.5634391424784114e-31
6.460824201426678e-119	0.0	4.242189452930992e-31
7.691457341212484e-119	0.0	5.0502255353031004e-31
9.156496766244186e-119	0.0	6.012173250007247e-31
1.090059127555012e-118	0.0	7.157349097006689e-31
1.2976894190685307e-118	0.0	8.520653670670993e-31
1.5448683258410454e-118	0.0	1.0143635296347432e-30
1.8391289102541862e-118	0.0	1.2075756264129186e-30
2.189439099412928e-118	0.0	1.4375900249634955e-30
2.606474990207316e-118	0.0	1.7114166861993244e-30
3.102946211060839e-118	0.0	2.037400800964287e-30
3.6939832551396288e-118	0.0	2.4254771191683615e-30
4.397598587901686e-118	0.0	2.8874727223779515e-30
5.235235579386085e-118	0.0	3.43746746709402e-30
6.232421986924312e-118	0.0	4.092223083475544e-30
7.419547898304529e-118	0.0	4.871694006537352e-30
8.832791835539683e-118	0.0	5.799635507623159e-30
1.0515223230279215e-117	0.0	6.904327659118812e-30
1.2518114850267203e-117	0.0	8.219437195270175e-30
1.4902505144548085e-117	0.0	9.785043534150407e-30
1.774105807633312e-117	0.0	1.1648860228300441e-29
2.1120277055672442e-117	0.0	1.386768906673606e-29
2.514314034113876e-117	0.0	1.650915114027187e-29
2.993223807282507e-117	0.0	1.9653747621381572e-29
3.563350630962296e-117	0.0	2.3397313056111667e-29
4.24206715231944e-117	0.0	2.785393592481168e-29
5.050054048199592e-117	0.0	3.315943546476921e-29
6.011929596886112e-117	0.0	3.947550069462424e-29
7.156998905268634e-117	0.0	4.699461775350668e-29
8.520145454289079e-117	0.0	5.594593568108112e-29
1.014289188027808e-116	0.0	6.660224934868482e-29
1.2074661945496242e-116	0.0	7.928831227595707e-29
1.4374281602763707e-116	0.0	9.439073256638892e-29
1.7111764080687498e-116	0.0	1.123697534002149e-28
2.0370432181863314e-116	0.0	1.3377327689886645e-28
2.4249440690256572e-116	0.0	1.592535584647036e-28
2.8866773136518945e-116	0.0	1.8958707997638007e-28
3.436280039335878e-116	0.0	2.256982069506414e-28
4.090450388986944e-116	0.0	2.6868734989960654e-28
4.86904838485347e-116	0.0	3.198644871084176e-28
5.795689301792305e-116	0.0	3.8078906908175896e-28
6.898445895882869e-116	0.0	4.533175188943919e-28
8.210678293495035e-116	0.0	5.396597734984654e-28
9.772013047804898e-116	0.0	6.424465856650825e-28
1.1629495692308838e-115	0.0	7.648096329617309e-28
1.3838943915570495e-115	0.0	9.104768688463091e-28
1.6466531000152048e-115	0.0	1.0838860133038435e-27
1.959063101776406e-115	0.0	1.2903196303781975e-27
2.3303957849785554e-115	0.0	1.536065893986501e-27
2.771602851205963e-115	0.0	1.828609921179511e-27
3.2955976207446454e-115	0.0	2.1768614768354517e-27
3.917572817320018e-115	0.0	2.5914259533195785e-27
4.65535452014853e-115	0.0	3.0849268357486533e-27
5.52978902994084e-115	0.0	3.67238941713756e-27
6.565154893445794e-115	0.0	4.3716973741012805e-27
7.7895857264286625e-115	0.0	5.2041360077601434e-27
9.235480140179293e-115	0.0	6.195038561043813e-27
1.0939862355975296e-114	0.0	7.374555119740301e-27
1.294464042458923e-114	0.0	8.778567281657182e-27
1.5296688110495562e-114	0.0	1.0449776144251055e-26
1.8047651882981087e-114	0.0	1.2438996344023872e-26
2.125335769511707e-114	0.0	1.4806695032359422e-26
2.4972666783390536e-114	0.0	1.7624821971492623e-26
2.926561158864116e-114	0.0	2.0978985592907834e-26
3.419064117234006e-114	0.0	2.497104012918862e-26
3.980083235194286e-114	0.0	2.972216110523066e-26
4.613899236111327e-114	0.0	3.5376500905427894e-26
5.323170449989696e-114	0.0	4.21055332327194e-26
6.1082557587348484e-114	0.0	5.0113215530302826e-26
6.96650480739086e-114	0.0	5.96421224218099e-26
7.89159253107676e-114	0.0	7.098073161794607e-26
8.873001513688099e-114	0.0	8.447207733482075e-26
9.895772948523125e-114	0.0	1.0052402601089931e-25
1.0940646179206304e-113	0.0	1.1962147610137753e-25
1.1984680200931336e-113	0.0	1.423408392713857e-25
1.3002394747475774e-113	0.0	1.6936722593175424e-25
1.3967388005059576e-113	0.0	2.0151483555955628e-25
1.4854296166839328e-113	0.0	2.3975114372976426e-25
1.5640878146540087e-113	0.0	2.8522558572966297e-25
1.630996010321811e-113	0.0	3.393035639376167e-25
1.685097650351786e-113	0.0	4.0360675622565283e-25
1.7260901794219833e-113	0.0	4.8006087947759135e-25
1.7544467982307786e-113	0.0	5.709522705682729e-25
1.771368436332804e-113	0.0	6.789948922848419e-25
1.7786787491417985e-113	0.0	8.074096600723382e-25
1.7786828229942617e-113	0.0	9.600183246126237e-25
1.7740135904371856e-113	0.0	1.1413545438089257e-24
1.7674888131083273e-113	0.0	1.3567952459137232e-24
1.7619970323648306e-113	0.0	1.6127159351608217e-24
1.7604247916233216e-113	0.0	1.916674236161243e-24
1.765631355605979e-113	0.0	2.2776267295914408e-24
1.7804723569332605e-113	0.0	2.706185018075603e-24
1.8078710195991286e-113	0.0	3.2149179994349608e-24
1.8509350819103453e-113	0.0	3.818708539982164e-24
1.9131191838766498e-113	0.0	4.5351741627135945e-24
1.998436091680735e-113	0.0	5.385163028275057e-24
2.1117255716448002e-113	0.0	6.393338430105975e-24
2.258997088055444e-113	0.0	7.588867295195336e-24
2.4478722126742143e-113	0.0	9.006230831710683e-24
2.68816556825179e-113	0.0	1.0686178556126525e-23
2.992660708746546e-113	0.0	1.267685053684423e-23
3.3781617096432204e-113	0.0	1.5035096891334484e-23
3.8669355180299136e-113	0.0	1.7828028465132968e-23
4.48870876264919e-113	0.0	2.1134838314027273e-23
5.283452141392252e-113	0.0	2.5048940233041813e-23
6.305284838575369e-113	0.0	2.968047827457254e-23
7.627973795841504e-113	0.0	3.515927014306198e-23
9.352706899475906e-113	0.0	4.163825774071497e-23
1.16191123046912e-112	0.0	4.929755019352242e-23
1.4620917073608583e-112	0.0	5.83491586690556e-23
1.8628242953727433e-112	0.0	6.904253850613182e-23
2.4019405839581254e-112	0.0	8.16710729554798e-23
3.132633382060822e-112	0.0	9.657965457542262e-23
4.129951294189367e-112	0.0	1.1417354549178993e-22
5.5000948950220465e-112	0.0	1.3492872683872175e-22
7.393734119711856e-112	0.0	1.5940398134589631e-22
1.0025099606016644e-111	0.0	1.88254991915495e-22
1.369936730384438e-111	0.0	2.2225078392725853e-22
1.8851958021328157e-111	0.0	2.6229289082597035e-22
2.610495887133398e-111	0.0	3.094376823178637e-22
3.634815350543023e-111	0.0	3.649223634162777e-22
5.085542707013819e-111	0.0	4.301952319891359e-22
7.14520279920281e-111	0.0	5.069508739236786e-22
1.0075495203336886e-110	0.0	5.971710803120586e-22
1.4251847084297465e-110	0.0	7.031723922033397e-22
2.0213086111442487e-110	0.0	8.276613177801142e-22
2.873285767254587e-110	0.0	9.737984269473123e-22
4.0922314239264685e-110	0.0	1.1452727122861656e-21
5.837778137609175e-110	0.0	1.3463878165727004e-21
8.339311272288876e-110	0.0	1.5821619695151265e-21
1.1926508824650579e-109	0.0	1.858443754505332e-21
1.7073264114842744e-109	0.0	2.1820461451061143e-21
2.4460858048184097e-109	0.0	2.5609016165163322e-21
3.506881987459067e-109	0.0	3.00424155598118e-21
5.03056154434481e-109	0.0	3.522803675566415e-21
7.219662441701701e-109	0.0	4.129071679447536e-21
1.0365452416292877e-108	0.0	4.8375520656020795e-21
1.4886821143450713e-108	0.0	5.665093659585413e-21
2.1386223552955095e-108	0.0	6.631256298468589e-21
3.0730150594333866e-108	0.0	7.758736020270654e-21
4.41648819676591e-108	0.0	9.073855184500326e-21
6.3482991007985485e-108	0.0	1.0607127171078809e-20
9.126285535322832e-108	0.0	1.2393906698751481e-20
1.3121318493535518e-107	0.0	1.447513839369425e-20
1.8866861549247272e-107	0.0	1.689821805110031e-20
2.713026074004769e-107	0.0	1.971798309735927e-20
3.90152935060951e-107	0.0	2.2997851112278737e-20
5.610968336953656e-107	0.0	2.6811127948424992e-20
8.06972972900484e-107	0.0	3.124251003194853e-20
1.1606338832900982e-106	0.0	3.638980889581797e-20
1.669336830225122e-106	0.0	4.236592993830058e-20
2.4010600305903063e-106	0.0	4.930114188017056e-20
3.453588457712056e-106	0.0	5.734567848508212e-20
4.967583674379355e-106	0.0	6.667271988965298e-20
7.145384656627589e-106	0.0	7.748180745429794e-20
1.027805260117541e-105	0.0	9.000275349568644e-20
1.4784274638749364e-105	0.0	1.0450011571299139e-19
2.1266326493721005e-105	0.0	1.2127831570377876e-19
3.0590574313015693e-105	0.0	1.4068749182902062e-19
4.400327591601672e-105	0.0	1.6313018899658201e-19
6.329716001957555e-105	0.0	1.8906900187588623e-19
9.10510492443027e-105	0.0	2.1903530384417846e-19
1.3097455613541683e-104	0.0	2.536392118341881e-19
1.8840392607472318e-104	0.0	2.9358095747105554e-19
2.7101530411869532e-104	0.0	3.3966385775346917e-19
3.898507649632671e-104	0.0	3.9280910438776006e-19
5.607942510655325e-104	0.0	4.5407262010369755e-19
8.066947015272886e-104	0.0	5.246642632934835e-19
1.1604201621298914e-103	0.0	6.059696995998772e-19
1.6692511082601957e-103	0.0	6.995753011734447e-19
2.401200221323352e-103	0.0	8.072964818262895e-19
3.4541033636265444e-103	0.0	9.31209929907839e-19
4.968696917288307e-103	0.0	1.0736902611772926e-18
7.14742950395091e-103	0.0	1.2374516820993113e-18
1.0281522611107452e-102	0.0	1.4255953308000465e-18
1.4789888489179885e-102	0.0	1.6416630494600554e-18
2.12751291643132e-102	0.0	1.889698439388801e-18
3.0604081750686095e-102	0.0	2.1743161597654877e-18
4.402367973495012e-102	0.0	2.500780554547216e-18
6.332761899180511e-102	0.0	2.875094831021198e-18
9.109610342345514e-102	0.0	3.3041021697969918e-18
1.3104071371415402e-101	0.0	3.795600321804243e-18
1.8850049266025828e-101	0.0	4.3584714454378766e-18
2.7115555077783814e-101	0.0	5.0028291590099205e-18
3.9005356730963654e-101	0.0	5.7401850330690146e-18
5.61086379384899e-101	0.0	6.5836370272243785e-18
8.07114004202906e-101	0.0	7.54808269053354e-18
1.1610199638938492e-100	0.0	8.650460297384916e-18
1.6701062422077877e-100	0.0	9.910021486705182e-18
2.402415227016146e-100	0.0	1.1348639416357372e-17
3.4558235037409766e-100	0.0	1.2991156942468273e-17
4.971122769088709e-100	0.0	1.4865779891490846e-17
7.150835920613152e-100	0.0	1.7004521118156618e-17
1.0286282726585752e-99	0.0	1.944370174300509e-17
1.4796511772510112e-99	0.0	2.2224516747697973e-17
2.1284300867637064e-99	0.0	2.5393672984640524e-17
3.061670856546764e-99	0.0	2.900410864046808e-17
4.40409395108235e-99	0.0	3.311580429287232e-17
6.335100406210451e-99	0.0	3.779669693057816e-17
9.112743811083562e-99	0.0	4.312370968210643e-17
1.3108210836623296e-98	0.0	4.91839115370228e-17
1.8855416474118583e-98	0.0	5.607582306233325e-17
2.7122338894333773e-98	0.0	6.391088603725241e-17
3.901362220057276e-98	0.0	7.281511707479813e-17
5.6118150889793243e-98	0.0	8.293096769414888e-17
8.07213048675819e-98	0.0	9.441941598189666e-17
1.1611023977980426e-97	0.0	1.0746231796482528e-16
1.6701295656232337e-97	0.0	1.2226505014674607e-16
2.402297833764535e-97	0.0	1.390594783761681e-16
3.455415748171321e-97	0.0	1.5810729235341575e-16
4.970158626684992e-97	0.0	1.7970374970320194e-16
7.148852939813367e-97	0.0	2.0418187868483198e-16
1.0282490454457031e-96	0.0	2.3191719434618976e-16
1.4789576853793344e-96	0.0	2.633329893148607e-16
2.12719979630856e-96	0.0	2.989062675327316e-16
3.059535601977936e-96	0.0	3.391743971595745e-16
4.40044909015067e-96	0.0	3.8474256768549014e-16
6.328959131932401e-96	0.0	4.3629214610040224e-16
9.102504308485932e-96	0.0	4.945900378801971e-16
1.3091285297730551e-95	0.0	5.604991706846748e-16
1.8827641690314124e-95	0.0	6.34990232155994e-16
2.7077042274697158e-95	0.0	7.191548082060191e-16
3.894014536345884e-95	0.0	8.142200848507323e-16
5.599952108363215e-95	0.0	9.215652951710775e-16
8.05305701481009e-95	0.0	1.0427401135526481e-15
1.158047126825559e-94	0.0	1.1794852222032702e-15
1.665251897745727e-94	0.0	1.3337553003127331e-15
2.3945344755738964e-94	0.0	1.50774471437347e-15
3.443093967538845e-94	0.0	1.7039162194240605e-15
4.950652167015589e-94	0.0	1.9250330156392577e-15
7.118046217993324e-94	0.0	2.1741945431361795e-15
1.023394549405569e-93	0.0	2.4548764404984733e-15
1.471323993727405e-93	0.0	2.7709751397843507e-15
2.115219455579146e-93	0.0	3.126857623170136e-15
3.0407686608243687e-93	0.0	3.527416924430636e-15
4.3711031758613705e-93	0.0	3.9781340227683266e-15
6.283148432875226e-93	0.0	4.4851468477334895e-15
9.03110688754894e-93	0.0	5.055327192853962e-15
1.2980183224827427e-92	0.0	5.69636642291648e-15
1.8655013981051117e-92	0.0	6.416870956494207e-15
2.6809205864634983e-92	0.0	7.2264686122698e-15
3.852517291722789e-92	0.0	8.135927026031411e-15
5.535745869025136e-92	0.0	9.15728547610036e-15
7.953846070528483e-92	0.0	1.0304001599684291e-14
1.1427369277950661e-91	0.0	1.159111464266754e-14
1.6416550398144857e-91	0.0	1.3035427062228971e-14
2.358210647695416e-91	0.0	1.4655706497147073e-14
3.387246422494652e-91	0.0	1.6472910336622967e-14
4.8648888355670795e-91	0.0	1.851043535701996e-14
6.986495420468903e-91	0.0	2.0794395159394347e-14
1.0032393038353177e-90	0.0	2.335392843161019e-14
1.4404783884282718e-90	0.0	2.6221541379987237e-14
2.068065694020601e-90	0.0	2.943348802988628e-14
2.968763444022712e-90	0.0	3.30301924857679e-14
4.261267754121114e-90	0.0	3.705671767276983e-14
6.11578615648954e-90	0.0	4.156328555780321e-14
8.776356472426125e-90	0.0	4.66058543730442e-14
1.2592818964943996e-89	0.0	5.2246758943397704e-14
1.8066608964477857e-89	0.0	5.855542085742804e-14
2.5916332356381874e-89	0.0	6.560913592430509e-14
3.7171653154420106e-89	0.0	7.349394713399277e-14
5.3307691755805795e-89	0.0	8.23056121913445e-14
7.64373768180148e-89	0.0	9.215067563477739e-14
1.0958668738148455e-88	0.0	1.0314765658535975e-13
1.5708842725975602e-88	0.0	1.1542836431186432e-13
2.2514546388670859e-88	0.0	1.2913935505193258e-13
3.22636197270962e-88	0.0	1.4444354491027552e-13
4.622661944060589e-88	0.0	1.6152199517418965e-13
6.622144123202195e-88	0.0	1.8057588805819823e-13
9.484859145060602e-88	0.0	2.018287127282071e-13
1.3582735484147395e-87	0.0	2.255286834775167e-13
1.944760218013861e-87	0.0	2.5195141415022523e-13
2.7839775656101945e-87	0.0	2.8140287535154205e-13
3.9845994384808005e-87	0.0	3.1422266367076174e-13
5.701922723001371e-87	0.0	3.5078761509457987e-13
8.157821324084541e-87	0.0	3.9151579803170786e-13
1.166921861093177e-86	0.0	4.368709249325448e-13
1.6688705359155406e-86	0.0	4.873672254006677e-13
2.386247035745417e-86	0.0	5.435748279898147e-13
3.411290314554583e-86	0.0	6.061257025976502e-13
4.875634817463286e-86	0.0	6.757202205461412e-13
6.967092833101179e-86	0.0	7.531343951219907e-13
9.953566913640744e-86	0.0	8.392278715871952e-13
1.4217113257137145e-85	0.0	9.349527425122764e-13
2.0302453244224423e-85	0.0	1.0413632717904665e-12
2.898604429726908e-85	0.0	1.1596266189229147e-12
4.137439874276741e-85	0.0	1.2910346641917714e-12
5.904400086353997e-85	0.0	1.4370170452344e-12
8.424037238767449e-85	0.0	1.599155526380528e-12
1.201612199006641e-84	0.0	1.7791998340036926e-12
1.713590780133999e-84	0.0	1.9790851041673672e-12
2.443137349844026e-84	0.0	2.200951103120742e-12
3.4824582855764837e-84	0.0	2.447163396836292e-12
4.962729296589492e-84	0.0	2.720336662907879e-12
7.070518737106282e-84	0.0	3.02336035688316e-12
1.0071112694432331e-83	0.0	3.359426965638839e-12
1.4341633970023472e-83	0.0	3.732063102887187e-12
2.041805551352801e-83	0.0	4.145163726507308e-12
2.9061920807665366e-83	0.0	4.603029784321643e-12
4.135500832377579e-83	0.0	5.110409624401437e-12
5.883361033203254e-83	0.0	5.67254453821805e-12
8.367895639466332e-83	0.0	6.295218840215159e-12
1.1898719017973833e-82	0.0	6.98481492593742e-12
1.691520406265478e-82	0.0	7.748373793017475e-12
2.4040709598606236e-82	0.0	8.593661555424329e-12
3.415940602491752e-82	0.0	9.529242531772657e-12
4.852509023456782e-82	0.0	1.0564559543574857e-11
6.891527265779276e-82	0.0	1.1710022119514136e-11
9.784931953595944e-82	0.0	1.2977103367589422e-11
1.3889720523849842e-81	0.0	1.437844634884125e-11
1.971164081495032e-81	0.0	1.5927980864858406e-11
2.796699892856068e-81	0.0	1.7641051656992828e-11
3.967007871275203e-81	0.0	1.953455910882237e-11
5.625675706623054e-81	0.0	2.1627113645614414e-11
7.975926171323143e-81	0.0	2.3939205136125546e-11
1.1305317396742433e-80	0.0	2.649338872386837e-11
1.602064637222684e-80	0.0	2.931448864790236e-11
2.2697259375245637e-80	0.0	3.2429821758253486e-11
3.214870052893124e-80	0.0	3.586944258932479e-11
4.5525065304292694e-80	0.0	3.9666412027303035e-11
6.445185911622587e-80	0.0	4.385709179587616e-11
9.122599992362802e-80	0.0	4.8481467189946683e-11
1.290924218837959e-79	0.0	5.358350071097099e-11
1.8263434243302205e-79	0.0	5.92115195017195e-11
2.583237843991174e-79	0.0	6.541863974442875e-11
3.652979971979923e-79	0.0	7.226323147644567e-11
5.164542465251812e-79	0.0	7.98094275936615e-11
7.29993204263933e-79	0.0	8.812768115659233e-11
1.0315943188049729e-78	0.0	9.7295375489381e-11
1.457481335920598e-78	0.0	1.0739749197097459e-10
2.058741364827406e-78	0.0	1.1852734086322161e-10
2.9074089014133314e-78	0.0	1.3078736100582825e-10
4.1050343970020354e-78	0.0	1.4428999473647132e-10
5.794749695910292e-78	0.0	1.5915864496966828e-10
8.178254233930556e-78	0.0	1.755287219943414e-10
1.153972443414282e-77	0.0	1.9354878823179769e-10
1.6279461862085373e-77	0.0	2.1338180993793391e-10
2.2961238334945382e-77	0.0	2.352065256410623e-10
3.237890158390152e-77	0.0	2.592189419855299e-10
4.5650060305374756e-77	0.0	2.856339686074182e-10
6.4347835038138305e-77	0.0	3.146872047087403e-10
9.068610966946157e-77	0.0	3.466368911279485e-10
1.277799643901393e-76	0.0	3.8176604293506615e-10
1.8001173969916653e-76	0.0	4.2038477891791685e-10
2.535454896875225e-76	0.0	4.6283286578092874e-10
3.5704985772426653e-76	0.0	5.094824964599242e-10
5.0271364904270156e-76	0.0	5.607413236759736e-10
7.076723870331156e-76	0.0	6.170557717205906e-10
9.960118548217308e-76	0.0	6.789146514960652e-10
1.4015815517922281e-75	0.0	7.468531060423248e-10
1.9719448596459537e-75	0.0	8.214569161804941e-10
2.7739243377466495e-75	0.0	9.033671985094081e-10
3.901385118150919e-75	0.0	9.93285530822421e-10
5.486158093322213e-75	0.0	1.0919795430869543e-9
7.713367246467797e-75	0.0	1.200289015469021e-9
1.084293375241255e-74	0.0	1.3191325285118596e-9
1.5239741757391147e-74	0.0	1.449514714515944e-9
2.141594878168658e-74	0.0	1.5925341634433937e-9
3.0090321945971812e-74	0.0	1.7493920413114914e-9
4.227143995280831e-74	0.0	1.921401484078444e-9
5.937434428618766e-74	0.0	2.10999783549305e-9
8.338406541100772e-74	0.0	2.3167498033145986e-9
1.1708483029447272e-73	0.0	2.543371614749034e-9
1.6438129126621466e-73	0.0	2.7917362589348817e-9
2.3074866351644895e-73	0.0	3.063889911892594e-9
3.238634232184577e-73	0.0	3.362067647574383e-9
4.5448688441794775e-73	0.0	3.6887105475706544e-9
6.377028961194023e-73	0.0	4.046484331702839e-9
8.9465137617667e-73	0.0	4.438299642222775e-9
1.254956033435059e-72	0.0	4.867334125713769e-9
1.7601238674933607e-72	0.0	5.337056469121687e-9
2.468304885935839e-72	0.0	5.851252559714914e-9
3.460955538195877e-72	0.0	6.414053953265696e-9
4.852166242713569e-72	0.0	7.029968850455183e-9
6.801716695039894e-72	0.0	7.703915798530651e-9
9.533346794474145e-72	0.0	8.441260353694199e-9
1.3360324100799848e-71	0.0	9.247854959695611e-9
1.8721217928566573e-71	0.0	1.01300823197639e-8
2.6229949403490054e-71	0.0	1.1094902562480695e-8
3.674580724347073e-71	0.0	1.2149904527620524e-8
5.147138398672899e-71	0.0	1.3303361525520424e-8
7.208955294378451e-71	0.0	1.4564291953365146e-8
1.009550300022486e-70	0.0	1.5942525184073316e-8
1.413622461948128e-70	0.0	1.7448773178444706e-8
1.9791989446720112e-70	0.0	1.9094708309099554e-8
2.770745818900934e-70	0.0	2.0893047925741316e-8
3.8784287753140164e-70	0.0	2.2857646235660645e-8
5.4283459659497765e-70	0.0	2.5003594121446505e-8
7.596830564300303e-70	0.0	2.7347327569874888e-8
1.0630439838142798e-69	0.0	2.990674544223116e-8
1.4873889166566034e-69	0.0	3.270133737723288e-8
2.0809085454729212e-69	0.0	3.575232268363099e-8
2.9109665564481686e-69	0.0	3.908280115088486e-8
4.0717192316417823e-69	0.0	4.2717916783463064e-8
5.69475995970472e-69	0.0	4.668503554779552e-8
7.963988302183643e-69	0.0	5.101393831119257e-8
1.1136378566947335e-68	0.0	5.573703024971445e-8
1.5570986292825464e-68	0.0	6.08895681076001e-8
2.176945705904161e-68	0.0	6.650990680510068e-8
3.0432594414861572e-68	0.0	7.263976701508879e-8
4.2539347309461895e-68	0.0	7.932452546238641e-8
5.9457094226109e-68	0.0	8.66135298441667e-8
8.309561310978825e-68	0.0	9.456044042591468e-8
1.1612202621277059e-67	0.0	1.0322360053620972e-7
1.6226084542280327e-67	0.0	1.1266643836602958e-7
2.267127811068393e-67	0.0	1.2295790267547097e-7
3.167392823185647e-67	0.0	1.34172935223891e-7
4.4247833534925165e-67	0.0	1.4639298296979724e-7
6.180829344899951e-67	0.0	1.5970655333568128e-7
8.633097445802407e-67	0.0	1.7420981610191862e-7
1.2057358303119096e-66	0.0	1.9000725578440237e-7
1.6838515520828916e-66	0.0	2.072123786644849e-7
2.3513756569384533e-66	0.0	2.2594847897889426e-7
3.283275147296124e-66	0.0	2.4634946914360254e-7
4.584162913778326e-66	0.0	2.685607792812577e-7
6.400011592120823e-66	0.0	2.927403317491253e-7
8.934492225213815e-66	0.0	3.190595968259588e-7
1.2471762303143345e-65	0.0	3.4770473621459765e-7
1.7408247068362932e-65	0.0	3.788778415552139e-7
2.429696067479063e-65	0.0	4.12798275725193e-7
3.390931145215205e-65	0.0	4.4970412532896223e-7
4.73212836245941e-65	0.0	4.898537734583657e-7
6.603360300422149e-65	0.0	5.335276025353007e-7
9.213927827735028e-65	0.0	5.810298378375568e-7
1.2855718308694785e-64	0.0	6.326905431606399e-7
1.7935769312352064e-64	0.0	6.888677809877788e-7
2.5021663316515853e-64	0.0	7.499499505325785e-7
3.490480586318505e-64	0.0	8.163583180895549e-7
4.8688627886267586e-64	0.0	8.885497552833049e-7
6.791152316276257e-64	0.0	9.67019702053838e-7
9.471819140104341e-64	0.0	1.0523053725608397e-6
1.3209843449163299e-63	0.0	1.1449892236409871e-6
1.8421994418855758e-63	0.0	1.2457027070181354e-6
2.568920544308812e-63	0.0	1.3551303281553014e-6
3.582119672379498e-63	0.0	1.4740140364592e-6
4.994652083166232e-63	0.0	1.6031579735133383e-6
6.963802702325296e-63	0.0	1.7434336081351302e-6
9.708766807000048e-63	0.0	1.8957852893384172e-6
1.3535004406078797e-62	0.0	2.0612362507478855e-6
1.8868169669915164e-62	0.0	2.240895102670172e-6
2.6301377827402294e-62	0.0	2.43596285089289e-6
3.6661049581017773e-62	0.0	2.647740484373506e-6
5.109863075301842e-62	0.0	2.8776371773121954e-6
7.121835014568715e-62	0.0	3.127179154695517e-6
9.925516830357042e-62	0.0	3.398019274270481e-6
1.3832262507229539e-61	0.0	3.691947382083881e-6
1.927580285582926e-61	0.0	4.010901503221873e-6
2.6860319702027546e-61	0.0	4.356979934235724e-6
3.7427395812229e-61	0.0	4.7324543089680094e-6
5.2149248292832216e-61	0.0	5.139783715128131e-6
7.265855901235195e-61	0.0	5.5816299450389895e-6
1.0122926075917444e-60	0.0	6.06087397052052e-6
1.4102826891527236e-60	0.0	6.580633738927806e-6
1.9646598689276008e-60	0.0	7.144283394960318e-6
2.736843244040193e-60	0.0	7.755474041045988e-6
3.8123615457434926e-60	0.0	8.41815615792544e-6
5.310312741716157e-60	0.0	9.136603816565475e-6
7.396533520699045e-60	0.0	9.915440822769939e-6
1.0301932985920554e-59	0.0	1.0759668946885862e-5
1.4348014768830971e-59	0.0	1.1674698402884873e-5
1.998240488584729e-59	0.0	1.266638075389846e-5
2.7828306404529973e-59	0.0	1.3741044435071646e-5
3.8753337981245363e-59	0.0	1.4905533099448646e-5
5.396535079956431e-59	0.0	1.6167247008595387e-5
7.514579282138537e-59	0.0	1.7534187706889012e-5
1.0463532813805203e-58	0.0	1.901500623695194e-5
1.456921783282321e-58	0.0	2.0619055173684334e-5
2.0285166615618433e-58	0.0	2.2356444775859305e-5
2.824265917950615e-58	0.0	2.423810357740773e-5
3.932035852182021e-58	0.0	2.627584376546192e-5
5.4741216265879985e-58	0.0	2.8482431719082226e-5
7.620732449944435e-58	0.0	3.087166411150547e-5
1.0608756752492293e-57	0.0	3.345845000988802e-5
1.4767873967131783e-57	0.0	3.625889944003157e-5
2.055688815016552e-57	0.0	3.9290418919666444e-5
2.861428358852609e-57	0.0	4.25718145027147e-5
3.982856743314206e-57	0.0	4.6123402918775715e-5
5.543614130579085e-57	0.0	4.996713143709755e-5
7.715747203430174e-57	0.0	5.412670713276037e-5
1.0738654399307249e-56	0.0	5.862773628496653e-5
1.4945443485613413e-56	0.0	6.349787469348662e-5
2.079960067086085e-56	0.0	6.876698975975464e-5
2.8946004079973733e-56	0.0	7.446733524416961e-5
4.028189120321518e-56	0.0	8.063373968118612e-5
5.6055583041693445e-56	0.0	8.730380950915768e-5
7.800381796821571e-56	0.0	9.451814805301714e-5
1.0854279074665793e-55	0.0	0.00010232059158520518
1.5103389250199223e-55	0.0	0.00011075846378423253
2.1015335345840456e-55	0.0	0.00011988285001141418
2.924064027342382e-55	0.0	0.00012974889293518
4.068424309969771e-55	0.0	0.00014041611114953075
5.6604971415271744e-55	0.0	0.0001519487425593157
7.87538951530942e-55	0.0	0.00016441611444072604
1.0956675581361596e-54	0.0	0.00017789304223147175
1.5243160105263183e-54	0.0	0.00019246025926231326
2.1206100913904347e-54	0.0	0.00020820487981082917
2.950097663044677e-54	0.0	0.00022522089804038914
4.1039482139251756e-54	0.0	0.00024360972558331461
5.708965368655014e-54	0.0	0.00026348077073814287
7.941511168599484e-54	0.0	0.00028495206247794674
1.104687005357137e-53	0.0	0.0003081509227110473
1.536617715238476e-53	0.0	0.00033321469049844447
2.1373865129314125e-53	0.0	0.0003602915022154126
2.9729737373698456e-53	0.0	0.0003895411319493955
4.135137919144144e-53	0.0	0.00042113589675432656
5.7514848632149085e-53	0.0	0.00045526163173453745
7.999468903104901e-53	0.0	0.0004921187403114197
1.1125861598693987e-52	0.0	0.0005319233254350674
1.547382246278503e-52	0.0	0.0005749084079434447
2.1520539521211162e-52	0.0	0.0006213252387456261
2.992956591329695e-52	0.0	0.0006714447120158992
4.1623589212068675e-52	0.0	0.0007255588871347817
5.788560907940631e-52	0.0	0.0007839826277043359
8.049961147857818e-52	0.0	0.0008470553666016886
1.1194615481194792e-51	0.0	0.0009151430067199148
1.556742988721504e-51	0.0	0.0009886399677831537
2.1647967006187407e-51	0.0	0.0010679713904169494
3.0103008154574125e-51	0.0	0.001153595509509708
4.185962875699471e-51	0.0	0.001246006209821407
5.820679162489874e-51	0.0	0.0013457357777863844
8.093658537965717e-51	0.0	0.0014533578645232483
1.1254057636636526e-50	0.0	0.001569490676212781
1.5648277676014818e-50	0.0	0.0016948004092399013
2.1757911964388607e-50	0.0	0.0018300049488251834
3.025249915879536e-50	0.0	0.0019758778513019526
4.2062858059844904e-50	0.0	0.002133252584681812
5.84830325655816e-50	0.0	0.002303027107214831
8.131200683834577e-50	0.0	0.002486169009892794
1.1305070337211832e-49	0.0	0.0026837207731548497
1.5717582667069204e-49	0.0	0.0028968055272008872
2.185205245068169e-49	0.0	0.003126633253592342
3.0380352711562532e-49	0.0	0.0033745074618537828
4.223646707001274e-49	0.0	0.0036418323773477817
5.8718729224488925e-49	0.0	0.0039301206794441395
8.163193675302478e-49	0.0	0.004241001831954541
1.1348488858577076e-48	0.0	0.0045762310509688976
1.5776495838192263e-48	0.0	0.004937698958623221
2.1931974265323002e-48	0.0	0.005327441974964652
3.048875342579175e-48	0.0	0.005747653503972066
4.238346494592198e-48	0.0	0.006200695973953971
5.891802598758397e-48	0.0	0.00668911379699436
8.190208228237391e-48	0.0	0.007215647316864718
1.138509902298684e-47	0.0	0.007783247819880605
1.5826099054998101e-47	0.0	0.008395093688566094
2.1999166655910677e-47	0.0	0.00905460778370893
3.05797510711508e-47	0.0	0.009765476146453667
4.2506672587835815e-47	0.0	0.01053166811849312
5.908480449129966e-47	0.0	0.011357457985184059
8.212778398102637e-47	0.0	0.01224744825352669
1.1415635517124565e-46	0.0	0.013206594684402311
1.586740287766377e-46	0.0	0.014240233206239867
2.2055019467209276e-46	0.0	0.015354108845357513
3.0655256884021503e-46	0.0	0.016554406816558294
4.2608717880951175e-46	0.0	0.017847785926099553
5.922267752071208e-46	0.0	0.01924141444783066
8.2314008017937e-46	0.0	0.020743008642014896
1.1440780906520769e-45	0.0	0.022360874094996253
1.5901345322914323e-45	0.0	0.02410395006629486
2.210082160167121e-45	0.0	0.025981857037725858
3.071704167711553e-45	0.0	0.028004947666505794
4.269203341127385e-45	0.0	0.03018436135074948
5.933498630801344e-45	0.0	0.03253208262092171
8.246534307432642e-45	0.0	0.035061003574265365
1.1461165294553879e-44	0.0	0.03778499057046624
1.592879151472212e-44	0.0	0.04071895540521761
2.2137760706502023e-44	0.0	0.04387893117317153
3.076673564370416e-44	0.0	0.047282153022122866
4.2758856525483045e-44	0.0	0.050947143985192636
5.942480107711397e-44	0.0	0.054893806055910016
8.258600174287701e-44	0.0	0.059143516639785766
1.1477366606463843e-43	0.0	0.06371923047832119
1.5950534204089998e-43	0.0	0.06864558708743694
2.2166924071000245e-43	0.0	0.07394902368635262
3.0805829849896113e-43	0.0	0.07965789350947453
4.281123174906293e-43	0.0	0.08580259044524696
5.949492488842397e-43	0.0	0.09241572257141072
8.267982655334097e-43	0.0	0.09953216152520476
1.1489911523103772e-42	0.0	0.1071892120802611
1.5967295203037023e-42	0.0	0.11542675534764442
2.2189300812667597e-42	0.0	0.12428738950885435
3.0835679547266365e-42	0.0	0.1337844801645443
4.285101578072463e-42	0.0	0.14395511995006272
5.954790113709871e-42	0.0	0.15484137986251575
8.275030118962399e-42	0.0	0.16648728314919176
1.149927715388043e-41	0.0	0.17893880600169823
1.5979727873208469e-41	0.0	0.19224386266859195
2.220578557101243e-41	0.0	0.20645227239238684
3.0857509645178905e-41	0.0	0.22161570529434688
4.287988558655253e-41	0.0	0.23778760402924534
5.958602550876445e-41	0.0	0.25502307771450644
8.28005681289242e-41	0.0	0.27337876430414065
1.150589363664115e-40	0.0	0.2929126572308356
1.5988420954799723e-40	0.0	0.31368389178218903
2.2217184142701245e-40	0.0	0.3357524863138077
3.0872422999653233e-40	0.0	0.35917903303821064
4.289935058691004e-40	0.0	0.38402433277107534
5.9611363891472065e-40	0.0	0.41034896767389767
8.283345496143998e-40	0.0	0.4382128057149903
1.1510148004380563e-39	0.0	0.46767443029152134
1.5993904246615766e-39	0.0	0.49879048822892436
2.22242218249378e-39	0.0	0.5316149492181084
3.088141266887415e-39	0.0	0.566198269685916
4.291077065927804e-39	0.0	0.6025864541438112
5.96257788234157e-39	0.0	0.6408200072505508
8.285151324906769e-39	0.0	0.6809327701866886
1.1512389895474072e-38	0.0	0.7229506355054083
1.5996656998662112e-38	0.0	0.766890135431573
2.2227555752871747e-38	0.0	0.8127568996677363
3.0885380053517356e-38	0.0	0.8605439801725292
4.291538281700693e-38	0.0	0.9102300421442062
5.9630968738439e-38	0.0	0.9617774226100221
8.285707627137832e-38	0.0	1.0
1.1512940052588766e-37	0.0	1.0
1.599712042383283e-37	0.0	1.0
2.2227793323435837e-37	0.0	1.0
3.0885162033350928e-37	0.0	1.0
4.291434118914804e-37	0.0	1.0
5.962852688225995e-37	0.0	1.0
8.285234586868985e-37	0.0	1.0
1.1512103126490172e-36	0.0	1.0
1.5995716579723735e-36	0.0	1.0
2.2225520046654012e-36	0.0	1.0
3.088157205771856e-36	0.0	1.0
4.290877765594488e-36	0.0	1.0
5.9620030807455794e-36	0.0	1.0
8.283952455722995e-36	0.0	1.0
1.1510187182788876e-35	0.0	1.0
1.5992877175185307e-35	0.0	1.0
2.2221342092565347e-35	0.0	1.0
3.087546299647425e-35	0.0	1.0
4.289989470664745e-35	0.0	1.0
5.960717958320627e-35	0.0	1.0
8.282101830121055e-35	0.0	1.0
1.150753367183591e-34	0.0	1.0
1.598908787134454e-34	0.0	1.0
2.2215951783728913e-34	0.0	1.0
3.0867823971585994e-34	0.0	1.0
4.288910862173286e-34	0.0	1.0
5.95920055371882e-34	0.0	1.0
8.279974967553873e-34	0.0	1.0
1.1504563749862922e-33	0.0	1.0
1.598495680445126e-33	0.0	1.0
2.221022897239925e-33	0.0	1.0
3.0859930358772796e-33	0.0	1.0
4.287827144887311e-33	0.0	1.0
5.957720278478008e-33	0.0	1.0
8.277964416643157e-33	0.0	0.9999983883825299
1.1501850274274137e-32	0.0	0.9999943397236284
1.5981321191075408e-32	0.0	0.9999886247740978
2.2205398923461834e-32	0.0	0.9999805781146078
3.085357766212949e-32	0.0	0.9999692772570054
4.2870017525694484e-32	0.0	0.9999534472890774
5.956664078998516e-32	0.0	0.9999313316548656
8.276639150632463e-32	0.0	0.9999005178258632
1.1500230704282498e-31	0.0	0.9998577030970698
1.5979414810281365e-31	0.0	0.9997983813079183
2.220328086141866e-31	0.0	0.9997164257144128
3.085145052047616e-31	0.0	0.9996035363095116
4.28683115850879e-31	0.0	0.9994485114032345
5.956617892007717e-31	0.0	0.9992362930730468
8.27686569011226e-31	0.0	0.998946724129619
1.1500987321939946e-30	0.0	0.99855294066448
1.598113634472387e-30	0.0	0.998019309563259
2.220668782363625e-30	0.0	0.9972988056767796
3.085771902565195e-30	0.0	0.9963297106530576
4.287933888776593e-30	0.0	0.9950315081435914
5.9584996495715225e-30	0.0	0.9932998536066452
8.280007059736039e-30	0.0	0.9910005194170892
1.1506145200252914e-29	0.0	0.9879622692821518
1.5989496216102757e-29	0.0	0.9839687163141018
2.2220097688494694e-29	0.0	0.9787493875339621
3.087904797568472e-29	0.0	0.9719704789573868
4.2913025695452216e-29	0.0	0.9632261652150593
5.963788751891856e-29	0.0	0.9520318444618554
8.288269775043315e-29	0.0	0.9378213508980892
1.1518997954014485e-28	0.0	0.9199509081483204
1.6009414924858559e-28	0.0	0.8977133074734525
2.225086821596761e-28	0.0	0.8703662470516822
3.092645058587262e-28	0.0	0.8371786016739676
4.2985874526933075e-28	0.0	0.7974971289883054
5.974960867683993e-28	0.0	0.750833262809235
8.305372465098903e-28	0.0	0.6969649015600508
1.1545138862301242e-27	0.0	0.6360417249488789
1.6049318078304494e-27	0.0	0.5686757487055941
2.231171217156708e-27	0.0	0.49599384945510294
3.1019141178738914e-27	0.0	0.4196288999795536
4.3124832935823174e-27	0.0	0.3416335851429304
5.995162757159116e-27	0.0	0.2643164083092024
8.333917364621601e-27	0.0	0.19001972622292387
1.1584322986921916e-26	0.0	0.12087824344666859
1.6101404995829158e-26	0.0	0.05860554818045253
2.237827881273031e-26	0.0	0.004351103112587091
3.109977223833444e-26	0.0	0.0
4.32168189213251e-26	0.0	0.0
6.004963631885219e-26	0.0	0.0
8.343076993264303e-26	0.0	0.0
1.1590331094551236e-25	0.0	0.0
1.6099539758523653e-25	0.0	0.0
2.2360005210602082e-25	0.0	0.0
3.1050021877692047e-25	0.0	0.0
4.31093489055287e-25	0.0	0.0
5.983905724692584e-25	0.0	0.0
8.303873998778389e-25	0.0	0.0
1.1519441232700589e-24	0.0	0.0
1.5973460780667136e-24	0.0	0.0007687985645847278
2.2137716275684355e-24	0.0	0.003412686669025439
3.0659465994435228e-24	0.0	0.007232734212720539
4.242316521939231e-24	0.0	0.012492536934382866
5.863099663883798e-24	0.0	0.018754598322526364
8.090569091031967e-24	0.0	0.025978861150298342
1.1141816208588757e-23	0.0	0.033869721853056416
1.5304048145202806e-23	0.0	0.042502689879213254
2.0952204999356633e-23	0.0	0.05179339989843715
2.8568549239428094e-23	0.0	0.06152491793614212
3.876437371520597e-23	0.0	0.07163861281825547
5.230596794817291e-23	0.0	0.08234741213521746
7.015152863154779e-23	0.0	0.09976244746580203
9.351332496551346e-23	0.0	0.11764862080835006
1.2396899325047414e-22	0.0	0.13556147094317153
1.636538909914292e-22	0.0	0.15361195105147035
2.1556859888522226e-22	0.0	0.17192501374032676
2.840303996765501e-22	0.0	0.1906518620566538
3.7529011002217684e-22	0.0	0.20998559704880249
4.983377531796921e-22	0.0	0.2301763225263964
6.659441922210051e-22	0.0	0.2515450955076822
8.960343764168568e-22	0.0	0.2744954334651659
1.2135538182721135e-21	0.0	0.29951836279111727
1.6530639647620541e-21	0.0	0.3271896518895266
2.262384533267149e-21	0.0	0.3581483707193624
3.1077039901821834e-21	0.0	0.3743008774845369
4.280722631318078e-21	0.0	0.3787374396788462
5.908599247825643e-21	0.0	0.39077110404629023
8.167769043960046e-21	0.0	0.40920317212764895
1.1303120381366918e-20	0.0	0.43276180656713975
1.5654604672581616e-20	0.0	0.4602462340513693
2.1694168488820733e-20	0.0	0.4906192754149932
3.0077027582635534e-20	0.0	0.5230370817487335
4.1712875654763643e-20	0.0	0.5568586715675573
5.786481966404772e-20	0.0	0.5916236158473488
8.028693020073853e-20	0.0	0.6270311978291596
1.1141571323132403e-19	0.0	0.6629189085135014
1.54637256491032e-19	0.0	0.6992494478975898
2.1466159039709136e-19	0.0	0.7360717268520787
2.980490857031631e-19	0.0	0.7735104469785946
4.1396786536437543e-19	0.0	0.8117664101996463
5.753111373115531e-19	0.0	0.8510836116486544
8.00411944569239e-19	0.0	0.8917551199902591
1.115864973466073e-18	0.0	0.9341038723419098
1.5615870796773267e-18	0.0	0.9785272836327107
2.2006488017335904e-18	0.0	1.0
3.1403922430380647e-18	0.0	1.0
4.580263338322881e-18	0.0	1.0
6.92444347147963e-18	0.0	1.0
1.1052390996114448e-17	0.0	1.0
1.8973102782965722e-17	0.0	1.0
3.5405610755543606e-17	0.0	1.0
7.157457809750222e-17	0.0	1.0
1.5424570906998982e-16	0.0	1.0
3.470078426064318e-16	0.0	1.0
7.998156927362907e-16	0.0	1.0
1.862888640447657e-15	0.0	1.0
4.345186484977249e-15	0.0	1.0
1.0093240402791883e-14	0.0	1.0
2.3270086559083494e-14	0.0	1.0
5.314327513899935e-14	0.0	1.0
1.2008169157043232e-13	0.0	1.0
2.682846920492238e-13	0.0	1.0
5.924526350707918e-13	0.0	1.0
1.292963130134802e-12	0.0	1.0
2.788621095219439e-12	0.0	1.0
5.944325935403896e-12	0.0	1.0
1.2525527664352732e-11	0.0	1.0
2.609542793286684e-11	0.0	1.0
5.376764132471405e-11	0.0	1.0
1.0959559925769984e-10	0.0	1.0
2.2106445643470068e-10	0.0	1.0
4.4141217724778096e-10	0.0	1.0
8.7281169653731e-10	0.0	1.0
1.7096304981364059e-9	0.0	1.0
3.3185289729014165e-9	0.0	1.0
6.3856784964752214e-9	0.0	1.0
1.2185463894740672e-8	0.0	1.0
2.3067703809258732e-8	0.0	1.0
4.33356343018699e-8	0.0	1.0
8.08188493748534e-8	0.0	1.0
1.4967586079849054e-7	0.0	1.0
2.7536185398708487e-7	0.0	1.0
5.033920132909261e-7	0.0	1.0
9.147307280624004e-7	0.0	1.0
1.6527027364085698e-6	0.0	1.0
2.9698681652665958e-6	0.0	1.0
5.309373802903027e-6	0.0	1.0
9.445659686966942e-6	0.0	1.0
1.672706435892153e-5	0.0	1.0
2.9492908760091187e-5	0.0	1.0
5.178861508088829e-5	0.0	1.0
9.058877138535854e-5	0.0	1.0
0.00015788406988831089	0.0	1.0
0.00027423446619151	0.0	1.0
0.00047480582638227974	0.0	1.0
0.000819603940368479	0.0	1.0
0.0014107845073514178	0.0	1.0
0.0024218527422930746	0.0	1.0
0.004146747581098308	0.0	1.0
0.007081942073464332	0.0	1.0
0.012062718296085642	0.0	1.0
0.02048655019744795	0.0	1.0
0.03467157295653432	0.0	1.0
0.05841073888271543	0.0	1.0
0.0977717167298297	0.0	1.0
0.162103927950995	0.0	1.0
0.2649404177679384	0.0	1.0
0.42356278458459345	0.0	1.0
0.6565137940625497	0.0	1.0
0.9779879312694931	0.0	1.0
1.0	0.0	1.0
1.0	0.0	1.0
1.0	0.0	1.0
1.0	0.0	1.0
1.0	0.0	1.0
1.0	0.0	1.0
1.0	0.0	1.0
1.0	0.0	1.0
1.0	0.0	1.0
1.0	0.0	1.0
1.0	0.0	1.0
1.0	0.0	1.0
1.0	0.0	1.0
1.0	0.0	1.0
1.0	0.0	1.0
1.0	0.0	1.0
1.0	0.0	1.0
1.0	0.0	1.0
1.0	0.0	1.0
1.0	0.0	1.0
1.0	0.0	1.0
1.0	0.0	1.0
1.0	0.0	1.0
1.0	0.0	1.0
1.0	0.0	1.0
1.0	0.0	1.0
1.0	0.0	1.0
1.0	0.0	1.0
1.0	0.0	1.0
1.0	0.0	1.0
1.0	0.0	1.0
1.0	0.0	1.0
1.0	0.0	1.0
1.0	0.0	1.0
1.0	0.0	1.0
1.0	0.0	1.0
1.0	0.0	1.0
1.0	0.0	1.0
1.0	0.0	1.0
1.0	0.0	1.0
1.0	0.0	1.0
1.0	0.0	1.0
1.0	0.0	1.0
1.0	0.0	1.0
1.0	0.0	1.0
1.0	0.0	1.0
1.0	0.0	1.0
1.0	0.0	1.0
1.0	0.0	1.0
1.0	0.0	1.0
1.0	0.0	1.0
1.0	0.0	1.0
1.0	0.0	1.0
1.0	0.0	1.0
1.0	0.0	1.0
1.0	0.0	1.0
1.0	0.0	1.0
1.0	0.0	1.0
1.0	0.0	1.0
1.0	0.0	1.0
