0.0
0.2564102564102564
0.5128205128205128
0.7692307692307693
1.0256410256410255
1.2820512820512822
1.5384615384615385
1.794871794871795
2.051282051282051
2.3076923076923075
2.5641025641025643
2.8205128205128207
3.076923076923077
3.3333333333333335
3.58974358974359
3.8461538461538463
4.102564102564102
4.358974358974359
4.615384615384615
4.871794871794871
5.128205128205129
5.384615384615385
5.641025641025641
5.897435897435898
6.153846153846154
6.410256410256411
6.666666666666667
6.923076923076923
7.17948717948718
7.435897435897436
7.6923076923076925
7.948717948717949
8.205128205128204
8.461538461538462
8.717948717948717
8.974358974358974
9.23076923076923
9.487179487179487
9.743589743589743
10.0
