58.362663571778036
49.759864040617046
46.35897459115568
45.15883782834017
44.13819639426644
43.17201375984694
42.25390130792386
41.36153691584018
40.493405589356186
39.640685856356455
38.797756344918625
37.958292202602465
37.12461100189379
36.295922175529036
35.46839668084704
34.638138038879084
33.81067198858926
32.981270948189255
32.15164465614651
31.319558076021927
30.49818577418861
29.77125149524353
29.006555421739748
28.402963619489622
27.639079283055885
26.823893727935594
26.156506483264923
25.410356276477856
24.876767315249456
24.11149546552935
23.320994304838617
22.872100792204577
22.101389014618288
21.271613861144512
20.67887910083216
20.24054299348012
19.46687399256024
18.62665247965479
17.831347378786806
17.402450148400096
16.640445945456932
15.813975965223367
15.123963174218899
14.741860906296441
14.144345756563007
13.376005834085056
12.538175556269973
11.834895200811344
11.509279407951022
10.743330848576486
10.08807873455917
9.710605296409419
9.595510752118207
9.171509717015413
8.943857251688119
8.75975361190192
8.607707651692593
8.485426885431616
8.386587724310544
8.306165522031943
8.24444424859236
8.19410677822518
8.1551675195063
8.125637601113372
8.101794415696192
8.083710624037526
8.068494085443811
8.056998897052077
8.04801193651413
8.040566189785947
8.035217911237158
8.030831292381261
8.026772197987675
8.023597942691927
8.021102985247897
8.018645473283177
8.01694251802628
8.015280275560947
8.01377186186205
8.012756599568299
8.011477009235497
8.010590216773908
8.009894357268722
8.00905305308494
8.008230299446875
8.007797853979602
8.007295626309684
8.006705319243883
8.006076712956688
8.005783189246864
8.005450131720202
8.005068819024764
8.004627663012759
8.004166654392076
8.003939752552027
8.003683549916328
8.003391562323975
8.003055112253424
8.002662275467287
8.002315605225494
8.002073050184817
8.001788817403582
8.00144945279017
8.001034487450804
8.000510954932434
8.000028357832976
7.999479901033503
7.998693035293205
7.997440978923103
7.995348276950036
7.9906340954053094
7.968138881803795
7.192164297210463
4.263699150276124
1.8285385117009763
0.018451253485277954
0.001203408949041761
0.000919187686586997
0.0007421143380658821
0.0006198937519378204
0.0005307154644499494
0.00046473832554421574
0.0004140388562262518
0.00037284119528223543
0.0003387572176722353
0.00031011148352368665
0.0002857318283123214
0.00026477246404992146
0.00024656694060130413
0.0002306130267170445
0.00021713072708981924
0.00020515149687142962
0.0001943848655930806
0.00018465894564728786
0.0001758305878841733
0.00016778195664465402
0.00016041539370327778
0.00015364896920157356
0.00014741639815166025
0.00014166133285478002
0.0001363318631549613
0.00013138308458795356
0.0001267757278154134
0.0001224761465286664
0.0001184555013803641
0.0001146872177711655
0.00011114868255765964
0.00010782016895695754
0.00010468451234926683
0.00010172683920005181
9.904069192538118e-5
9.651457161889544e-5
9.411466316814997e-5
9.183184198730848e-5
8.965783740742449e-5
8.758513277686456e-5
8.560688678424763e-5
8.371685836571901e-5
8.190933928716536e-5
8.017910052919732e-5
7.852145015237457e-5
