7.659361348339096
9.823427424267882
3.165187934699463
3.0974924429068564
3.1247074776362664
3.1191584876621317
3.13544300271769
3.147958802186919
3.1423107849742076
3.1659002419867623
3.16203806674263
3.1744768258079485
3.1884173283844954
3.188868870226951
3.1854065405039167
3.1974971109221726
3.1898684682696694
3.200063521571006
3.19581535081738
3.2137171140918888
3.6273505108387547
3.255665291102648
4.264991857780295
3.321055725080991
3.2306763366586195
3.7148436430745777
3.3003624760548833
4.2559581986252315
3.35700283903795
3.265658542872267
4.472377590716417
3.391835347007724
3.2824335126339044
3.185987543442242
5.244907265516399
3.451972565622729
3.304425543961815
3.2797456458051033
4.4555759012248926
3.407324781523606
3.2951777338731993
3.4814537809227435
3.262855313985154
5.259395791349886
3.471716065375293
3.304208366724489
3.290351552099885
4.119846368215105
3.467577259320466
3.3071397831804807
2.420858693025535
3.199885234020768
2.299118985003634
1.8267170907726449
1.7559133368865834
1.640549820724086
1.5816910672712714
1.4879788646207162
1.385107149218902
1.30052044944289
1.1977281153416954
1.121685964659239
1.05915805144471
0.979265275145437
0.9209440105425278
0.821667118230691
0.7645463584953501
0.709216599732785
0.6568287542277585
0.6293909989339326
0.6086786761259457
0.5051054082764328
0.5188914086501129
0.44503935541859413
0.4483624074093961
0.3818423533064267
0.43330868908817644
0.3230184223447634
0.3585696855642272
0.34501877007285486
0.26766505948032066
0.30116748655497594
0.33752526897129254
0.23882821665621962
0.2360512525932725
0.2622907832997538
0.29315770374450584
0.2114873899785684
0.19563134261233234
0.21373050296361867
0.2345155672301791
0.25770474195586957
0.18550670688102947
0.17383732794923687
0.18855967099371915
0.2054279343806634
0.2249654324490632
0.2174555659643205
0.1733643633893074
0.18194321668103097
0.20006844614146144
0.221890377529708
0.24876401094041925
0.235009405492817
0.23254093575126203
0.27283894082827087
0.3285733825941249
0.3867032120613559
0.47642672567405214
0.7112823913818033
1.2716867294090117
3.182416706460235
4.699474922601434
4.505643291775211
4.50592828710321
2.3671896320165677
0.25762877138625984
0.20321299776495566
0.16807138159395504
0.14088750903563838
0.12118960452688532
0.10751056035246276
0.09694625009472134
0.08821661900369503
0.08093250585562327
0.07475145969353265
0.06938064652366435
0.06438357830472372
0.059454931494428556
0.05561721691170703
0.05267750268593729
0.0500188423732189
0.047618470504544576
0.04544372744346941
0.04346528216134347
0.04165571272177252
0.03999413305152938
0.0384577343245509
0.03702105551181812
0.03569135083530112
0.03445421798268482
0.03330518375741944
0.03223313426851586
0.0312271549884261
0.03028728871208675
0.029404469615389308
0.028571516620556327
0.027606384961779005
0.02651764665658523
0.02568435885723403
0.025056328697462053
0.024468104537791947
0.023908435515158095
0.023375277095613486
0.0228668268772395
0.02238139007509936
0.021917429062580946
0.02147356664318095
0.02104852548185662
0.02064113793690092
