1.1980000000000028e-13
2.592757161722991
2.999999815318361
2.999999815398944
2.9999998153654936
2.999999815356537
2.999999815353286
2.9999998153521616
2.999999815351869
2.999999815351823
2.9999998153518272
2.999999815351861
2.999999815351912
2.999999815351992
2.999999815352032
2.999999815352088
2.999999815352094
2.999999815352109
2.9999998153521834
2.999999815352246
2.9999998153523117
2.99999981535172
2.999999815351827
2.999999815341866
2.999999815341943
2.999999815341992
2.9999998152799767
2.9999998152798346
2.9999998141738544
2.999999814173944
2.9999998141726323
2.999999784141518
2.9999997841415604
2.9999997841400936
2.9999997408452153
2.999995287637648
2.99999528763768
2.9999952876374945
2.9999952860984056
2.999880203851566
2.999880203850323
2.999880199639449
2.9994526507496038
2.9992287533904776
2.9558206202668114
2.9558206202662562
2.955820619550847
2.9558056454245074
2.0000000000355067
2.000000000035527
2.0000000000355307
2.0000000000355422
2.000000000035551
2.0000000000356
2.000000000035737
2.000000000036521
2.0000000000405267
2.000000000059317
2.000000000138482
2.000000000440278
2.00000000149054
2.000000004743508
2.000000014047983
2.00000003814585
2.000000093680854
2.0000002106756813
2.0000004334602055
2.0000008354057446
2.000001517449339
2.0000025727500486
2.000004111089977
2.0000061567493916
2.0000086963235173
2.000011753457505
2.0000158413532008
2.0000206563621186
2.0000260840958233
2.0000317286406046
2.0000372980755508
2.0000422881373434
2.0000459842323037
2.000047780525775
2.0000507487404997
2.000051575392353
2.0000492810265094
2.000046216335104
2.0000413220556776
2.0000322049504997
2.00001881905811
2.0000105604273113
2.000000000035609
2.0000000000355955
2.000000000035585
2.000000000035573
2.000000000035557
2.0000000000355387
2.0000000000355223
2.000000000035498
2.000000000035481
2.000000000035456
2.000000000035424
2.000000000035386
2.0000000000353384
2.0000000000352838
2.0000000000352163
2.00000000003513
2.0000000000350204
2.0000000000348717
2.000000000034663
2.000000000034325
2.0000000000336877
2.0000000000320233
2.0000000000214238
1.9999999994671995
1.9999999751930688
1.999998917779919
1.9692009185762624
1.9689543038690538
1.9687597099578702
1.9685986672827855
1.968461755918527
1.9683425008845332
1.9682369519626925
1.9681418624655653
1.968055528413895
1.967976448255802
1.9679036562552068
1.9678362261359026
1.967773457901151
1.9677147752971784
1.9676596198291394
1.9676075627913516
1.9675583278066644
1.9675115594396952
1.967467039150019
1.9674245918422257
1.9673840456230856
1.9673451387066638
1.9673078498567724
1.9672720593309043
1.9672376591818983
1.967204590663749
1.967172740609144
1.9671420160759099
1.9671122950104905
1.9670835615341358
1.9670557569835612
1.9670288205913113
1.9670026772356999
1.9669773124115317
1.9669526842725897
1.9669287325742983
1.9669054198335711
1.9668827159873303
1.9668606215700999
1.9668390801110118
1.9668180670018045
1.9667975665450679
1.96677755052123
1.9667580001528147
1.9667388940858896
