0.0	0.9999989751808273	0.9999989657367799	1.0	0.9999989468486848	0.26085711340614864	0.44721850519659234	0.24480619155071695	0.2374739776389976	0.22237393562741725	0.0	0.9999988807403518	1.0	0.9999988618522567	1.0	0.9999988429641616	1.0	0.9999988240760663	1.0	0.9999988051879711	1.0	0.9999987862998759	1.0
0.0	0.9999987890919125	0.9999987890919125	1.0	0.9999987890919125	0.1840607834577855	0.389785287052065	0.16634247813557948	0.15824857197018977	0.14157990919914595	0.0	0.9999987890919125	1.0	0.9999987890919125	1.0	0.9999987890919125	1.0	0.9999987890919125	1.0	0.9999987890919125	1.0	0.9999987890919125	1.0
0.0	0.9999985895657848	0.999998598745142	1.0	0.9999986171038565	0.17653518132721382	0.38415720325200753	0.1586537104339992	0.15048484287524813	0.13366255197678387	0.0	0.9999986813593575	1.0	0.999998699718072	1.0	0.9999987180767865	1.0	0.999998736435501	1.0	0.9999987547942156	1.0	0.9999987731529303	1.0
0.0	0.9999989916191296	0.9999989825331256	1.0	0.9999989643611176	0.17653517842732733	0.38415719454825764	0.15865313133052936	0.15048497230420113	0.13366246277405427	0.0	0.9999989007590895	1.0	0.9999988825870814	1.0	0.9999988644150735	1.0	0.9999988462430653	1.0	0.9999988280710574	1.0	0.9999988098990493	1.0
0.0	0.9999987876812008	0.9999987878693263	1.0	0.9999987882455775	0.17653484212751863	0.38415687997428993	0.15865340077926357	0.15048455505614042	0.13366222800633815	0.0	0.9999987895624566	1.0	0.9999987899387077	1.0	0.9999987903149589	1.0	0.9999987906912099	1.0	0.9999987910674611	1.0	0.9999987914437123	1.0
0.0	0.9999987933218984	0.9999987932536712	1.0	0.9999987931172162	0.17653484207426198	0.3841568744757606	0.15865311362778145	0.15048472855738365	0.13366240183302117	0.0	0.999998792639624	1.0	0.999998792503169	1.0	0.9999987923667142	1.0	0.9999987922302592	1.0	0.9999987920938044	1.0	0.9999987919573494	1.0
0.0	0.9999987944594788	0.9999987943395806	1.0	0.9999987940997844	0.17653451802780717	0.3841568910710864	0.1586531139139415	0.15048455520489454	0.1336620502880239	0.0	0.9999987932604976	1.0	0.9999987930207014	1.0	0.9999987927809051	1.0	0.9999987925411089	1.0	0.9999987923013126	1.0	0.9999987920615165	1.0
0.0	0.9999985912247534	0.9999986003428317	1.0	0.9999986185789878	0.17653517235208355	0.38415688580341106	0.15865282215839951	0.15048452536617252	0.13366210789831098	0.0	0.9999986824055341	1.0	0.9999987006416903	1.0	0.9999987188778463	1.0	0.9999987371140023	1.0	0.9999987553501586	1.0	0.9999987735863146	1.0
0.0	0.9999987810595293	0.9999987815487873	1.0	0.9999987825273028	0.1765345180214816	0.3841568827009742	0.1586531152129325	0.15048454810332415	0.13366228110960202	0.0	0.999998785952108	1.0	0.9999987869306238	1.0	0.9999987879091393	1.0	0.9999987888876551	1.0	0.999998789866171	1.0	0.9999987908446866	1.0
0.0	0.999998784634924	0.9999987849616822	1.0	0.9999987856151983	0.17653517236162813	0.38415688291847583	0.15865311293441745	0.15048455030540367	0.13366200158539457	0.0	0.9999987879025051	1.0	0.9999987885560211	1.0	0.9999987892095374	1.0	0.9999987898630535	1.0	0.9999987905165697	1.0	0.9999987911700859	1.0
0.0	0.9999988026006661	0.9999988021108225	1.0	0.9999988011311353	0.17653451800559783	0.3841568828109888	0.15865340062993824	0.1504845625331513	0.1336622419457709	0.0	0.9999987977022293	1.0	0.9999987967225419	1.0	0.9999987957428547	1.0	0.9999987947631672	1.0	0.9999987937834799	1.0	0.9999987928037924	1.0
0.0	0.9999987929903107	0.9999987929373141	1.0	0.9999987928313209	0.1765348451496914	0.38415688270273013	0.15865283229531252	0.150484556212934	0.13366230154402758	0.0	0.9999987924603447	1.0	0.9999987923543515	1.0	0.9999987922483583	1.0	0.9999987921423651	1.0	0.9999987920363719	1.0	0.9999987919303788	1.0
0.0	0.9999987936091397	0.9999987935280209	1.0	0.9999987933657832	0.1765351724477944	0.38415688292021044	0.15865340886402712	0.15048455604719382	0.13366187382638564	0.0	0.9999987927979512	1.0	0.9999987926357136	1.0	0.9999987924734758	1.0	0.9999987923112381	1.0	0.9999987921490006	1.0	0.9999987919867627	1.0
0.0	0.9999987891060883	0.9999987892296562	1.0	0.9999987894767924	0.1765345179506273	0.3841568827022561	0.1586528240219011	0.1504845535491622	0.13366229988835615	0.0	0.9999987903417683	1.0	0.9999987905889043	1.0	0.9999987908360404	1.0	0.9999987910831764	1.0	0.9999987913303122	1.0	0.9999987915774484	1.0
0.0	0.9999983880695316	0.9999984064220327	1.0	0.9999984431270357	0.17653517242498695	0.38415688292026	0.15865311657600997	0.15048427990765081	0.13366207614628342	0.0	0.999998571594545	1.0	0.9999986082995477	1.0	0.9999986450045504	1.0	0.9999986817095532	1.0	0.9999987184145559	1.0	0.9999987551195586	1.0
0.0	0.9999991926341093	0.9999991744154946	1.0	0.9999991379782649	0.17653451800233172	0.3841568827025079	0.15865340510241285	0.15048482868190344	0.13366229819653808	0.0	0.9999990104479616	1.0	0.9999989740107321	1.0	0.9999989375735024	1.0	0.999998901136273	1.0	0.9999988646990434	1.0	0.9999988282618139	1.0
0.0	0.9999985908809739	0.999998600014773	1.0	0.9999986182823714	0.17653517236463434	0.3841568829147821	0.15865311179926164	0.150484418012097	0.13366200630413838	0.0	0.9999986822189655	1.0	0.9999987004865637	1.0	0.999998718754162	1.0	0.9999987370217601	1.0	0.9999987552893587	1.0	0.9999987735569569	1.0
0.0	0.9999987918245689	0.9999987918245689	1.0	0.9999987918245689	0.17653484518314116	0.3841568828140233	0.15865311610633728	0.1504845552077408	0.13366207022957605	0.0	0.9999987918245689	1.0	0.9999987918245689	1.0	0.9999987918245689	1.0	0.9999987918245689	1.0	0.9999987918245689	1.0	0.9999987918245689	1.0
0.0	0.9999989927681516	0.9999989836343526	1.0	0.9999989653667543	0.17653451802803843	0.3841568827048211	0.15865282449759738	0.15048469221472985	0.1336623246431761	0.0	0.9999989014301602	1.0	0.999998883162562	1.0	0.9999988648949636	1.0	0.9999988466273653	1.0	0.999998828359767	1.0	0.9999988100921686	1.0
0.0	0.9999987907304723	0.9999987907802034	1.0	0.9999987908796656	0.17653517236478147	0.38415688292017575	0.15865311528538356	0.15048455446176176	0.1336619687441704	0.0	0.9999987912277836	1.0	0.9999987913272458	1.0	0.9999987914267079	1.0	0.9999987915261701	1.0	0.9999987916256323	1.0	0.9999987917250946	1.0
0.0	0.9999987929186495	0.9999987928689184	1.0	0.9999987927694561	0.17653451801736006	0.3841568827024246	0.15865311511261995	0.15048455641617037	0.13366229198746912	0.0	0.9999987924213382	1.0	0.9999987923218759	1.0	0.9999987922224138	1.0	0.9999987921229516	1.0	0.9999987920234893	1.0	0.9999987919240271	1.0
0.0	0.9999985908809752	0.9999986000147744	1.0	0.9999986182823728	0.17653517235852856	0.3841568829153708	0.1586531145130373	0.15048431057075864	0.13366199903882248	0.0	0.9999986822189669	1.0	0.9999987004865651	1.0	0.9999987187541634	1.0	0.9999987370217616	1.0	0.9999987552893601	1.0	0.9999987735569582	1.0
0.0	0.9999987966735697	0.9999987964531595	1.0	0.9999987960123392	0.1765348451888287	0.38415688248525626	0.15865340788864696	0.15048483572854474	0.133662252346086	0.0	0.9999987944694677	1.0	0.9999987940286472	1.0	0.999998793587827	1.0	0.9999987931470065	1.0	0.9999987927061862	1.0	0.9999987922653656	1.0
0.0	0.9999991935570625	0.9999991752964943	1.0	0.9999991387753577	0.1765345180295376	0.3841568831287984	0.15865311623746248	0.1504843818544165	0.1336621189512932	0.0	0.9999990109513801	1.0	0.9999989744302438	1.0	0.9999989379091073	1.0	0.9999989013879709	1.0	0.9999988648668342	1.0	0.9999988283456979	1.0
0.0	0.999998793013787	0.9999987929597315	1.0	0.9999987928516206	0.17653517235207533	0.3841568827354344	0.158653116367479	0.1504845580227392	0.13366186269957417	0.0	0.9999987924732323	1.0	0.9999987923651212	1.0	0.9999987922570104	1.0	0.9999987921488993	1.0	0.9999987920407886	1.0	0.9999987919326775	1.0
0.0	0.9999987941688145	0.9999987940622561	1.0	0.9999987938491396	0.17653451803088605	0.38415688290371613	0.1586531169532896	0.15048483206964153	0.13366237265166003	0.0	0.9999987931032313	1.0	0.9999987928901147	1.0	0.999998792676998	1.0	0.9999987924638815	1.0	0.9999987922507647	1.0	0.9999987920376482	1.0
0.0	0.9999985912333436	0.9999986003511263	1.0	0.9999986185866916	0.1765351723547611	0.3841568851611623	0.15865296939131288	0.15048441838792495	0.13366198116872186	0.0	0.9999986824111706	1.0	0.9999987006467361	1.0	0.9999987188823014	1.0	0.9999987371178669	1.0	0.9999987553534324	1.0	0.9999987735889978	1.0
0.0	0.9999989917546775	0.9999989826669458	1.0	0.9999989644914822	0.17653484762565227	0.38415703783767746	0.1586532203104657	0.1504847293697447	0.1336621941604937	0.0	0.9999989008773591	1.0	0.9999988827018954	1.0	0.9999988645264316	1.0	0.9999988463509678	1.0	0.9999988281755042	1.0	0.9999988100000405	1.0
0.0	0.9999985899547735	0.9999985991306735	1.0	0.9999986174824728	0.17653455570822726	0.38415672682096047	0.15865282169785902	0.15048427738231768	0.13366209411867738	0.0	0.9999986817137708	1.0	0.9999987000655705	1.0	0.9999987184173698	1.0	0.9999987367691693	1.0	0.9999987551209686	1.0	0.9999987734727681	1.0
0.0	0.9999987880869029	0.9999987882567976	1.0	0.9999987885965869	0.17653496712882566	0.38415687992306424	0.15865330031838004	0.1504847951871307	0.13366189543778215	0.0	0.9999987897858496	1.0	0.9999987901256389	1.0	0.9999987904654282	1.0	0.9999987908052175	1.0	0.9999987911450068	1.0	0.9999987914847961	1.0
0.0	0.9999985899547703	0.99999859913067	1.0	0.9999986174824695	0.17653468086152294	0.38415672682095675	0.1586530082023796	0.15048431522833375	0.1336620364146921	0.0	0.9999986817137676	1.0	0.999998700065567	1.0	0.9999987184173665	1.0	0.999998736769166	1.0	0.9999987551209655	1.0	0.9999987734727648	1.0
0.0	0.999998991754679	0.9999989826669472	1.0	0.9999989644914835	0.1765348474677368	0.3841570378376783	0.15865322031046633	0.15048465367768163	0.13366218371867378	0.0	0.9999989008773604	1.0	0.9999988827018969	1.0	0.999998864526433	1.0	0.9999988463509695	1.0	0.9999988281755058	1.0	0.9999988100000419	1.0
0.0	0.999998591233344	0.9999986003511269	1.0	0.9999986185866921	0.1765351723547616	0.3841568851611619	0.15865296939131288	0.15048441838790588	0.13366190996996538	0.0	0.9999986824111711	1.0	0.9999987006467367	1.0	0.999998718882302	1.0	0.9999987371178675	1.0	0.9999987553534329	1.0	0.9999987735889982	1.0
0.0	0.9999987894091129	0.9999987895189059	1.0	0.9999987897384918	0.17653451803038894	0.3841568831981459	0.15865311351914352	0.15048455366692912	0.13366201298744182	0.0	0.9999987905070424	1.0	0.9999987907266282	1.0	0.9999987909462142	1.0	0.9999987911658	1.0	0.9999987913853859	1.0	0.9999987916049718	1.0
0.0	0.9999987920986095	0.999998792086153	1.0	0.9999987920612401	0.17653484519074095	0.3841568813166264	0.15865311527584036	0.15048455590458298	0.13366198566844112	0.0	0.9999987919740448	1.0	0.9999987919491319	1.0	0.999998791924219	1.0	0.9999987918993061	1.0	0.9999987918743931	1.0	0.9999987918494802	1.0
0.0	0.9999987936919252	0.9999987936070451	1.0	0.9999987934372851	0.1765351723536102	0.38415688514286606	0.15865311703252497	0.1504847285609998	0.13366195179761928	0.0	0.999998792843125	1.0	0.999998792673365	1.0	0.9999987925036049	1.0	0.9999987923338449	1.0	0.9999987921640848	1.0	0.9999987919943247	1.0
0.0	0.9999989926898297	0.9999989835595906	1.0	0.9999989652991123	0.1765345180258484	0.38415689284799137	0.1586532611603645	0.1504843818543602	0.13366203412100894	0.0	0.9999989013874381	1.0	0.9999988831269596	1.0	0.9999988648664813	1.0	0.9999988466060029	1.0	0.9999988283455246	1.0	0.9999988100850462	1.0
0.0	0.9999985918944521	0.999998600982184	1.0	0.9999986191576477	0.17653484479433643	0.3841567141742977	0.15865311527582598	0.1504846928713302	0.13366172518165664	0.0	0.9999986827717706	1.0	0.9999987009472343	1.0	0.999998719122698	1.0	0.9999987372981617	1.0	0.9999987554736254	1.0	0.9999987736490892	1.0
0.0	0.9999991957024872	0.9999991773444	1.0	0.9999991406282256	0.17653517294254562	0.38415719491608935	0.15865300759219822	0.15048441889165984	0.1336617503670548	0.0	0.999999012121615	1.0	0.9999989754054406	1.0	0.9999989386892661	1.0	0.9999989019730916	1.0	0.9999988652569172	1.0	0.9999988285407427	1.0
0.0	0.9999987954238928	0.9999987952602859	1.0	0.9999987949330721	0.17653451767248607	0.38415688557519495	0.15865322295945766	0.15048483303299512	0.1336618659407906	0.0	0.9999987937878237	1.0	0.99999879346061	1.0	0.9999987931333962	1.0	0.9999987928061824	1.0	0.9999987924789686	1.0	0.9999987921517548	1.0
0.0	0.99999859189445	0.9999986009821817	1.0	0.9999986191576455	0.17653517252465858	0.38415672778482585	0.15865312081551058	0.1504844188915803	0.13366147344333368	0.0	0.9999986827717685	1.0	0.9999987009472322	1.0	0.9999987191226959	1.0	0.9999987372981596	1.0	0.9999987554736233	1.0	0.999998773649087	1.0
0.0	0.9999989937313085	0.9999989845537293	1.0	0.9999989661985712	0.17653451802797593	0.3841568803510281	0.15865326168965538	0.15048469287121705	0.13366160413459321	0.0	0.9999989019555173	1.0	0.9999988836003593	1.0	0.999998865245201	1.0	0.9999988468900426	1.0	0.9999988285348843	1.0	0.9999988101797261	1.0
0.0	0.9999985908809793	0.9999986000147785	1.0	0.9999986182823769	0.17653517235400978	0.3841568829178883	0.1586531129128947	0.15048441773801005	0.13366119452938477	0.0	0.9999986822189708	1.0	0.9999987004865691	1.0	0.9999987187541675	1.0	0.9999987370217658	1.0	0.9999987552893642	1.0	0.9999987735569624	1.0
0.0	0.9999987937058042	0.9999987936202939	1.0	0.9999987934492731	0.1765345179799607	0.3841568827029139	0.15865311493267004	0.15048455695252552	0.13366103929102133	0.0	0.9999987928507008	1.0	0.9999987926796801	1.0	0.9999987925086593	1.0	0.9999987923376386	1.0	0.9999987921666179	1.0	0.9999987919955973	1.0
0.0	0.9999987918245722	0.9999987918245722	1.0	0.9999987918245722	0.17653484519651141	0.3841568828112593	0.15865311532589424	0.15048455507190456	0.1336609010019542	0.0	0.9999987918245722	1.0	0.9999987918245722	1.0	0.9999987918245722	1.0	0.9999987918245722	1.0	0.9999987918245722	1.0	0.9999987918245722	1.0
0.0	0.9999987899433428	0.9999987900288531	1.0	0.999998790199874	0.17653517239836905	0.38415688291962596	0.15865282199762884	0.15048455405990202	0.1336607095867773	0.0	0.9999987907984462	1.0	0.999998790969467	1.0	0.9999987911404877	1.0	0.9999987913115084	1.0	0.999998791482529	1.0	0.9999987916535497	1.0
0.0	0.9999989927681706	0.9999989836343715	1.0	0.9999989653667731	0.17653451802911607	0.3841568827040292	0.15865340869753555	0.15048469221399446	0.13366013596168133	0.0	0.999998901430179	1.0	0.9999988831625808	1.0	0.9999988648949825	1.0	0.9999988466273841	1.0	0.9999988283597858	1.0	0.9999988100921877	1.0
0.0	0.9999987919024638	0.9999987918989239	1.0	0.999998791891844	0.17653517235229346	0.3841568828801613	0.15865282200371225	0.15048455520676904	0.1336599637798238	0.0	0.9999987918670644	1.0	0.9999987918599845	1.0	0.9999987918529046	1.0	0.9999987918458246	1.0	0.9999987918387448	1.0	0.999998791831665	1.0
0.0	0.9999987917467003	0.9999987917502402	1.0	0.9999987917573201	0.17653451803071188	0.38415688274355037	0.15865340857896373	0.15048438185313742	0.13365917724463602	0.0	0.9999987917820996	1.0	0.9999987917891796	1.0	0.9999987917962594	1.0	0.9999987918033394	1.0	0.9999987918104192	1.0	0.9999987918174991	1.0
0.0	0.9999985908810018	0.999998600014801	1.0	0.9999986182823993	0.17653517235470015	0.3841568829172207	0.1586528219222824	0.15048458617026833	0.13365878982734195	0.0	0.9999986822189935	1.0	0.9999987004865916	1.0	0.99999871875419	1.0	0.9999987370217884	1.0	0.9999987552893868	1.0	0.999998773556985	1.0
0.0	0.9999991927808787	0.9999991745555938	1.0	0.9999991381050244	0.1765345180099998	0.3841568827024948	0.15865311482700553	0.15048455621089046	0.13365777736825973	0.0	0.9999990105280315	1.0	0.9999989740774621	1.0	0.9999989376268926	1.0	0.9999989011763233	1.0	0.9999988647257538	1.0	0.9999988282751845	1.0
0.0	0.9999987906586737	0.9999987907116703	1.0	0.9999987908176635	0.1765351723876989	0.38415688291974376	0.15865311303919047	0.1504845569364401	0.13365700091697716	0.0	0.9999987911886397	1.0	0.9999987912946329	1.0	0.9999987914006261	1.0	0.9999987915066192	1.0	0.9999987916126124	1.0	0.9999987917186056	1.0
0.0	0.9999987918246	0.9999987918246	1.0	0.9999987918246	0.17653451792087718	0.3841568828109205	0.1586534007839004	0.15048483024446224	0.1336557273380512	0.0	0.9999987918246	1.0	0.9999987918246	1.0	0.9999987918246	1.0	0.9999987918246	1.0	0.9999987918246	1.0	0.9999987918246	1.0
0.0	0.9999987929905512	0.9999987929375547	1.0	0.9999987928315613	0.17653484525284957	0.3841568827032505	0.15865283221470167	0.15048455618601364	0.13365419363158315	0.0	0.9999987924605852	1.0	0.999998792354592	1.0	0.9999987922485988	1.0	0.9999987921426056	1.0	0.9999987920366125	1.0	0.9999987919306192	1.0
0.0	0.9999983908683494	0.9999984090936341	1.0	0.9999984455442035	0.17653517238679897	0.38415688292004535	0.1586534090926019	0.1504842818213149	0.13365262698458186	0.0	0.9999985731211966	1.0	0.9999986095717659	1.0	0.9999986460223352	1.0	0.9999986824729046	1.0	0.999998718923474	1.0	0.9999987553740435	1.0
0.0	0.9999989927682388	0.9999989836344397	1.0	0.9999989653668413	0.17653451802713052	0.3841568827059523	0.1586531174994329	0.15048469220515961	0.1336502644725944	0.0	0.9999989014302472	1.0	0.999998883162649	1.0	0.9999988648950507	1.0	0.9999988466274522	1.0	0.9999988283598539	1.0	0.9999988100922558	1.0
0.0	0.9999985899179246	0.9999985990955037	1.0	0.9999986174506618	0.17653517235416985	0.3841568824673449	0.15865296889585767	0.15048441753117686	0.13364791632310485	0.0	0.9999986816937156	1.0	0.9999987000488737	1.0	0.9999987184040321	1.0	0.9999987367591905	1.0	0.9999987551143487	1.0	0.9999987734695068	1.0
0.0	0.9999989935955701	0.9999989844241662	1.0	0.9999989660813585	0.17653451803026587	0.38415688394894554	0.15865326201841973	0.15048469275765006	0.1336443575614126	0.0	0.9999989018815318	1.0	0.9999988835387242	1.0	0.9999988651959166	1.0	0.999998846853109	1.0	0.9999988285103013	1.0	0.9999988101674936	1.0
0.0	0.9999983806659384	0.9999983993549764	1.0	0.9999984367330526	0.17653484207721365	0.3841568813265852	0.15865281625143934	0.15048427485651397	0.13364101258126593	0.0	0.9999985675563189	1.0	0.999998604934395	1.0	0.9999986423124712	1.0	0.9999986796905471	1.0	0.9999987170686234	1.0	0.9999987544466994	1.0
0.0	0.9999989935956356	0.999998984424232	1.0	0.9999989660814242	0.17653501035797842	0.38415672611947693	0.1586532620184857	0.15048469274350992	0.13363593636006435	0.0	0.9999989018815976	1.0	0.99999888353879	1.0	0.9999988651959822	1.0	0.9999988468531745	1.0	0.9999988285103669	1.0	0.9999988101675592	1.0
0.0	0.9999985935778254	0.9999986025890498	1.0	0.9999986206114985	0.17653468313994816	0.38415703752752867	0.15865297106899628	0.15048441997803763	0.1336304967363808	0.0	0.9999986836900693	1.0	0.999998701712518	1.0	0.9999987197349668	1.0	0.9999987377574155	1.0	0.9999987557798645	1.0	0.9999987738023133	1.0
0.0	0.9999991966837924	0.9999991782811133	1.0	0.9999991414757545	0.17653517235258495	0.384156885471777	0.15865340994574073	0.15048483139634944	0.13362344767317727	0.0	0.9999990126569992	1.0	0.9999989758516405	1.0	0.9999989390462819	1.0	0.9999989022409231	1.0	0.9999988654355646	1.0	0.9999988286302058	1.0
0.0	0.9999985886330047	0.9999985978689995	1.0	0.9999986163409892	0.17653468303244016	0.38415688256951863	0.15865296730094317	0.15048431560178607	0.13361514422861742	0.0	0.999998680992953	1.0	0.9999986997338248	1.0	0.9999987179369323	1.0	0.9999987365702513	1.0	0.9999987548809116	1.0	0.9999987733529011	1.0
0.0	0.9999989930796511	0.9999989839317119	1.0	0.9999989656358336	0.17653501046580078	0.38415688316988944	0.15865326144398537	0.15048479553353286	0.1336047719781692	0.0	0.9999989016002592	1.0	0.9999988830354984	1.0	0.9999988650085024	1.0	0.9999988465512947	1.0	0.9999988284167456	1.0	0.9999988101208671	1.0
0.0	0.9999987930142953	0.9999987929602401	1.0	0.9999987928521289	0.17653484207741316	0.3841568827192657	0.15865311636798682	0.15048455603576386	0.133592525257875	0.0	0.9999987924737406	1.0	0.9999987923656296	1.0	0.9999987922575186	1.0	0.9999987921494077	1.0	0.9999987920412968	1.0	0.9999987919331857	1.0
0.0	0.9999987941694312	0.9999987940628727	1.0	0.9999987938497562	0.17653451803152517	0.384156882904331	0.1586531169539061	0.15048455410171852	0.133577572255383	0.0	0.9999987931038479	1.0	0.9999987928907313	1.0	0.9999987926776146	1.0	0.9999987924644981	1.0	0.9999987922513813	1.0	0.9999987920382648	1.0
0.0	0.9999985912340921	0.9999986003518749	1.0	0.9999986185874402	0.17653517235513896	0.3841568822736995	0.15865296939206103	0.15048441813130337	0.1335595930007377	0.0	0.9999986824119191	1.0	0.9999987006474848	1.0	0.99999871888305	1.0	0.9999987371186155	1.0	0.9999987553541809	1.0	0.9999987735897463	1.0
0.0	0.9999987842084479	0.9999987845546785	1.0	0.9999987852471394	0.1765345180274714	0.3841568836875592	0.1586531097371033	0.15048454966804395	0.1335372877317248	0.0	0.9999987876707521	1.0	0.999998788363213	1.0	0.9999987890556737	1.0	0.9999987897481345	1.0	0.9999987904405954	1.0	0.9999987911330561	1.0
0.0	0.9999985912344441	0.9999986003522269	1.0	0.9999986185877922	0.17653517235552335	0.3841568823591389	0.1586529693924131	0.15048441792078657	0.13351116898182736	0.0	0.9999986824122712	1.0	0.9999987006478367	1.0	0.999998718883402	1.0	0.9999987371189675	1.0	0.999998755354533	1.0	0.9999987735900984	1.0
0.0	0.999998789410443	0.9999987895202359	1.0	0.9999987897398218	0.1765345180315753	0.3841568832657866	0.15865311352047315	0.15048455303693484	0.133478727922861	0.0	0.9999987905083725	1.0	0.9999987907279583	1.0	0.9999987909475442	1.0	0.9999987911671301	1.0	0.999998791386716	1.0	0.9999987916063019	1.0
0.0	0.999998792100218	0.9999987920877615	1.0	0.9999987920628486	0.1765348451931382	0.3841568826938747	0.1586531152774483	0.15048455430522772	0.13344024702250384	0.0	0.9999987919756533	1.0	0.9999987919507404	1.0	0.9999987919258275	1.0	0.9999987919009146	1.0	0.9999987918760016	1.0	0.9999987918510886	1.0
0.0	0.9999987936938831	0.9999987936090029	1.0	0.999998793439243	0.176535172354758	0.3841568824789843	0.1586531170344823	0.1504845557097229	0.13339370707620013	0.0	0.9999987928450828	1.0	0.9999987926753228	1.0	0.9999987925055628	1.0	0.9999987923358028	1.0	0.9999987921660426	1.0	0.9999987919962826	1.0
0.0	0.9999989926921893	0.9999989835619502	1.0	0.9999989653014716	0.1765345180306913	0.38415688057536884	0.1586532611627231	0.15048469043183563	0.13333680972704953	0.0	0.9999989013897976	1.0	0.9999988831293191	1.0	0.9999988648688408	1.0	0.9999988466083624	1.0	0.9999988283478841	1.0	0.9999988100874058	1.0
0.0	0.9999985918973106	0.9999986009850423	1.0	0.999998619160506	0.1765348426430949	0.38415672767602066	0.15865296987497407	0.15048437896790784	0.13326889682566884	0.0	0.999998682774629	1.0	0.9999987009500928	1.0	0.9999987191255565	1.0	0.9999987373010202	1.0	0.9999987554764839	1.0	0.9999987736519476	1.0
0.0	0.9999989936978146	0.9999989845219149	1.0	0.9999989661701155	0.17653500980003242	0.3841570388050027	0.1586532620936891	0.15048462810213742	0.13318637227715646	0.0	0.9999989019388174	1.0	0.999998883587018	1.0	0.9999988652352185	1.0	0.9999988468834191	1.0	0.9999988285316197	1.0	0.9999988101798201	1.0
0.0	0.999998591862711	0.9999986009520756	1.0	0.9999986191308049	0.17653460069609317	0.38415672829622083	0.15865300947168973	0.15048479142160107	0.13308723059542524	0.0	0.999998682756357	1.0	0.9999987009350862	1.0	0.9999987191138154	1.0	0.9999987372925446	1.0	0.9999987554712738	1.0	0.9999987736500029	1.0
0.0	0.9999989932760592	0.9999989841194024	1.0	0.9999989658060887	0.17653508969617224	0.38415703910068905	0.15865322185995392	0.15048427231594028	0.1329675606662781	0.0	0.9999989017094908	1.0	0.9999988833961772	1.0	0.9999988650828634	1.0	0.9999988467695498	1.0	0.9999988284562361	1.0	0.9999988101429224	1.0
0.0	0.9999987909216769	0.9999987909629955	1.0	0.9999987910456327	0.17653472326037056	0.38415688142864535	0.1586531149445737	0.15048451314357908	0.13282336447716464	0.0	0.9999987913348629	1.0	0.9999987914175001	1.0	0.9999987915001374	1.0	0.9999987915827745	1.0	0.9999987916654117	1.0	0.999998791748049	1.0
0.0	0.9999989949642067	0.9999989857309212	1.0	0.9999989672643499	0.1765348038057215	0.38415703984954974	0.15865319109482628	0.1504847564267754	0.13264978437807326	0.0	0.9999989026313506	1.0	0.9999988841647793	1.0	0.9999988656982082	1.0	0.9999988472316369	1.0	0.9999988287650657	1.0	0.9999988102984945	1.0
0.0	0.9999985916128629	0.9999986007137984	1.0	0.9999986189156693	0.17653513352622857	0.384156728124354	0.15865304159183669	0.15048440560923732	0.13244071423669262	0.0	0.9999986826222175	1.0	0.9999987008240885	1.0	0.9999987190259594	1.0	0.9999987372278304	1.0	0.9999987554297013	1.0	0.9999987736315722	1.0
0.0	0.9999987885393087	0.9999987886891272	1.0	0.9999987889887642	0.17653484520227825	0.38415688024832284	0.15865311273446497	0.15048474079684193	0.1321889927151591	0.0	0.9999987900374938	1.0	0.9999987903371308	1.0	0.9999987906367678	1.0	0.9999987909364049	1.0	0.9999987912360419	1.0	0.9999987915356789	1.0
0.0	0.9999987952320268	0.9999987950777294	1.0	0.9999987947691347	0.17653472326716965	0.38415688545893506	0.15865296847436194	0.15048429300753566	0.13188643857344917	0.0	0.9999987936890533	1.0	0.9999987933804585	1.0	0.9999987930718638	1.0	0.9999987927632691	1.0	0.9999987924546744	1.0	0.9999987921460798	1.0
0.0	0.999998788390611	0.9999987885474098	1.0	0.9999987888610076	0.17653484225091448	0.38415688014167343	0.15865337126947066	0.1504846630112094	0.1315223388099511	0.0	0.9999987899585997	1.0	0.9999987902721974	1.0	0.9999987905857951	1.0	0.9999987908993929	1.0	0.9999987912129906	1.0	0.9999987915265884	1.0
0.0	0.9999987922219876	0.9999987922047763	1.0	0.9999987921703536	0.17653484576649078	0.3841568838864772	0.15865300625551731	0.15048451771076346	0.13108501150441787	0.0	0.9999987920498742	1.0	0.9999987920154514	1.0	0.9999987919810287	1.0	0.999998791946606	1.0	0.9999987919121832	1.0	0.9999987918777606	1.0
0.0	0.9999987940616143	0.9999987939609596	1.0	0.9999987937596504	0.17653484678576975	0.3841568839434794	0.15865330230664243	0.15048463911340987	0.1305595284548785	0.0	0.9999987930550681	1.0	0.9999987928537589	1.0	0.9999987926524496	1.0	0.9999987924511404	1.0	0.9999987922498312	1.0	0.9999987920485219	1.0
0.0	0.9999989928304147	0.999998983695025	1.0	0.999998965424246	0.17653484604725617	0.38415696159529905	0.15865307770314763	0.15048451838145832	0.12992870260076322	0.0	0.9999989014765194	1.0	0.9999988832057402	1.0	0.9999988649349612	1.0	0.9999988466641822	1.0	0.999998828393403	1.0	0.999998810122624	1.0
0.0	0.9999985395452398	0.9999985510139737	1.0	0.9999985739514419	0.1765349671616282	0.3841567642726887	0.15865281896155478	0.15048427341650825	0.1291718671678582	0.0	0.9999986542325798	1.0	0.999998677170048	1.0	0.999998700107516	1.0	0.9999987230449839	1.0	0.999998745982452	1.0	0.99999876891992	1.0
0.0	0.9999988417515021	0.999998839483892	1.0	0.9999988349486717	0.17653472329376366	0.38415692128822776	0.15865307771538176	0.150484537679823	0.12826435582475204	0.0	0.9999988190754007	1.0	0.9999988145401804	1.0	0.9999988100049602	1.0	0.9999988054697398	1.0	0.9999988009345195	1.0	0.9999987963992992	1.0
0.0	0.9999987938200523	0.9999987937315081	1.0	0.9999987935544198	0.1765348443719412	0.3841568844759287	0.15865330168527617	0.15048431670928933	0.12717728132320774	0.0	0.9999987929346107	1.0	0.9999987927575223	1.0	0.999998792580434	1.0	0.9999987924033457	1.0	0.9999987922262573	1.0	0.9999987920491691	1.0
0.0	0.9999987922052693	0.9999987921905595	1.0	0.9999987921611398	0.1765348430576135	0.3841568831370205	0.15865300694006698	0.15048418526350194	0.12587617713893084	0.0	0.999998792058171	1.0	0.9999987920287513	1.0	0.9999987919993316	1.0	0.9999987919699119	1.0	0.9999987919404922	1.0	0.9999987919110727	1.0
0.0	0.9999987887089056	0.9999987888536466	1.0	0.9999987891431288	0.17653472332289355	0.3841568803827645	0.1586530373754175	0.15048448355127503	0.1243206973282974	0.0	0.9999987901563161	1.0	0.9999987904457982	1.0	0.9999987907352803	1.0	0.9999987910247625	1.0	0.9999987913142445	1.0	0.9999987916037266	1.0
0.0	0.9999988438868358	0.9999988415241148	1.0	0.9999988367986725	0.176534816882629	0.38415690508880834	0.15865332772628218	0.15048400026076839	0.12246342299961203	0.0	0.9999988202596249	1.0	0.9999988155341828	1.0	0.9999988108087406	1.0	0.9999988060832984	1.0	0.9999988013578562	1.0	0.9999987966324141	1.0
0.0	0.9999987383389521	0.9999987407746107	1.0	0.999998745645928	0.17653512061436957	0.3841568594929605	0.15865298097574118	0.15048426837901444	0.12024977828130148	0.0	0.9999987626955387	1.0	0.9999987675668559	1.0	0.9999987724381733	1.0	0.9999987773094905	1.0	0.9999987821808077	1.0	0.9999987870521252	1.0
0.0	0.9999987883153658	0.9999987884802651	1.0	0.999998788810064	0.1765347233728371	0.38415688180795415	0.1586530777944554	0.15048353128050207	0.11761626164750469	0.0	0.9999987899643598	1.0	0.9999987902941586	1.0	0.9999987906239574	1.0	0.9999987909537562	1.0	0.999998791283555	1.0	0.9999987916133538	1.0
0.0	0.9999988054366489	0.999998804824377	1.0	0.9999988035998332	0.176534849315024	0.38415688887728155	0.15865326413804479	0.15048356245142044	0.11449108487590515	0.0	0.9999987993139295	1.0	0.9999987980893856	1.0	0.9999987968648418	1.0	0.9999987956402979	1.0	0.999998794415754	1.0	0.9999987931912102	1.0
0.0	0.9999987848711487	0.9999987851949399	1.0	0.999998785842522	0.17653483832201478	0.38415688073718063	0.15865296395659467	0.15048321105288415	0.11079609355168117	0.0	0.9999987881090593	1.0	0.9999987887566415	1.0	0.9999987894042235	1.0	0.9999987900518056	1.0	0.9999987906993877	1.0	0.9999987913469698	1.0
0.0	0.9999987908693646	0.9999987909220198	1.0	0.9999987910273301	0.17653472345746235	0.3841568816622272	0.1586533714570622	0.1504826278546832	0.10643435920428437	0.0	0.9999987913959161	1.0	0.9999987915012264	1.0	0.9999987916065366	1.0	0.9999987917118469	1.0	0.9999987918171572	1.0	0.9999987919224675	1.0
0.0	0.9999987951610022	0.9999987950203817	1.0	0.9999987947391409	0.17653496737159202	0.3841568854283155	0.15865289990970696	0.1504824024455414	0.10126587248239531	0.0	0.9999987937547976	1.0	0.9999987934735566	1.0	0.9999987931923158	1.0	0.9999987929110749	1.0	0.9999987926298339	1.0	0.9999987923485929	1.0
0.0	0.999998789270762	0.9999987894000459	1.0	0.9999987896586137	0.1765348485400743	0.38415688095919087	0.1586533715442926	0.15048121992117244	0.09509293182724414	0.0	0.9999987905636012	1.0	0.999998790822169	1.0	0.9999987910807369	1.0	0.9999987913393047	1.0	0.9999987915978725	1.0	0.9999987918564404	1.0
0.0	0.9999987943263781	0.9999987942284819	1.0	0.9999987940326898	0.1765349674769042	0.3841568847845335	0.15865296880954124	0.15048049269582095	0.08765541481025288	0.0	0.9999987933474173	1.0	0.9999987931516251	1.0	0.9999987929558329	1.0	0.9999987927600407	1.0	0.9999987925642485	1.0	0.9999987923684565	1.0
0.0	0.999998798121638	0.9999987978544245	1.0	0.9999987973199973	0.17653472367262393	0.38415689500738837	0.15865311619496916	0.1504788129167749	0.07863227800790792	0.0	0.9999987954495024	1.0	0.9999987949150752	1.0	0.999998794380648	1.0	0.9999987938462209	1.0	0.9999987933117938	1.0	0.9999987927773666	1.0
0.0	0.9999987788584987	0.9999987794707706	1.0	0.9999987806953144	0.1765348426373396	0.384156865671414	0.15865311205992483	0.15047665777677607	0.06765340897651088	0.0	0.9999987849812181	1.0	0.999998786205762	1.0	0.9999987874303058	1.0	0.9999987886548496	1.0	0.9999987898793935	1.0	0.9999987911039373	1.0
0.0	0.999998798311146	0.9999987980439324	1.0	0.9999987975095054	0.17653472386213193	0.38415688781400226	0.15865311720931588	0.1504746263060567	0.054304868711438095	0.0	0.9999987956390103	1.0	0.9999987951045831	1.0	0.999998794570156	1.0	0.9999987940357289	1.0	0.9999987935013016	1.0	0.9999987929668746	1.0
0.0	0.999998793025617	0.9999987930043497	1.0	0.999998792961815	0.1765349678619762	0.38415688405373016	0.15865311595492745	0.1504708891129403	0.03814156894918818	0.0	0.9999987928129439	1.0	0.9999987927704093	1.0	0.9999987927278746	1.0	0.99999879268534	1.0	0.9999987926428054	1.0	0.9999987926002708	1.0
0.0	0.9999987863608741	0.999998786649355	1.0	0.9999987872263169	0.1765348491325197	0.38415688047137003	0.15865311400923535	0.1504666411060865	0.0186851025495678	0.0	0.999998789245683	1.0	0.9999987898226448	1.0	0.9999987903996066	1.0	0.9999987909765683	1.0	0.9999987915535301	1.0	0.9999987921304919	1.0
0.0	0.9999987835211638	0.9999987839467597	1.0	0.9999987847979517	0.17653496818851477	0.38415687495442574	0.15865310982136968	0.1504604095526283	0.0	0.0	0.9999987877771234	1.0	0.9999987886283153	1.0	0.9999987894795072	1.0	0.999998790330699	1.0	0.999998791181891	1.0	0.999998792033083	1.0
0.0	0.9999988089458182	0.9999988082233193	1.0	0.9999988067783219	0.17653472448052968	0.38415689602117187	0.1586531254519833	0.15045214741956248	0.0	0.0	0.9999988017208304	1.0	0.9999988002758329	1.0	0.9999987988308353	1.0	0.9999987973858379	1.0	0.9999987959408403	1.0	0.9999987944958427	1.0
0.0	0.9999987951227696	0.9999987950285891	1.0	0.9999987948402281	0.17653484641776107	0.38415688593739344	0.15865311816343214	0.15044198086184937	0.0	0.0	0.9999987941809647	1.0	0.9999987939926038	1.0	0.9999987938042428	1.0	0.9999987936158818	1.0	0.9999987934275208	1.0	0.9999987932391599	1.0
0.0	0.9999989949206131	0.9999989857447134	1.0	0.9999989673929138	0.17653501090570192	0.38415704002780127	0.1586532633164873	0.1504275326320973	0.0	0.0	0.9999989031616158	1.0	0.9999988848098164	1.0	0.9999988664580168	1.0	0.9999988481062175	1.0	0.9999988297544179	1.0	0.9999988114026185	1.0
0.0	0.999998593120711	0.9999986022084429	1.0	0.9999986203839067	0.1765348439836989	0.38415672889942143	0.15865297109837487	0.1504083420712395	0.0	0.0	0.9999986839980296	1.0	0.9999987021734933	1.0	0.999998720348957	1.0	0.9999987385244209	1.0	0.9999987566998846	1.0	0.9999987748753482	1.0
0.0	0.9999989939160832	0.999998984785844	1.0	0.9999989665253656	0.17653451925451233	0.3841568817992631	0.15865326238661737	0.15038319881198742	0.0	0.0	0.9999989026136914	1.0	0.9999988843532129	1.0	0.9999988660927348	1.0	0.9999988478322563	1.0	0.9999988295717781	1.0	0.9999988113112998	1.0
0.0	0.9999987941701886	0.9999987941193088	1.0	0.999998794017549	0.17653517357837747	0.38415688394502195	0.15865311754293338	0.15034905873826646	0.0	0.0	0.9999987936613899	1.0	0.9999987935596301	1.0	0.9999987934578702	1.0	0.9999987933561105	1.0	0.9999987932543509	1.0	0.999998793152591	1.0
0.0	0.9999987916574139	0.9999987917207501	1.0	0.999998791847423	0.17653451925719038	0.3841568841299962	0.15865311546125652	0.15030357803407488	0.0	0.0	0.9999987922907773	1.0	0.9999987924174502	1.0	0.9999987925441227	1.0	0.9999987926707954	1.0	0.9999987927974681	1.0	0.9999987929241408	1.0
0.0	0.9999985924596037	0.9999986015773865	1.0	0.9999986198129518	0.1765351735810591	0.38415688638742035	0.15865297061757266	0.1502427364406746	0.0	0.0	0.9999986836374307	1.0	0.9999987018729963	1.0	0.9999987201085617	1.0	0.999998738344127	1.0	0.9999987565796924	1.0	0.9999987748152579	1.0
0.0	0.9999989929809346	0.999998983893203	1.0	0.9999989657177393	0.17653484885187173	0.3841570390639329	0.1586532619058162	0.15016220873396938	0.0	0.0	0.9999989021036161	1.0	0.9999988839281525	1.0	0.9999988657526886	1.0	0.999998847577225	1.0	0.9999988294017613	1.0	0.9999988112262976	1.0
0.0	0.9999985911810328	0.9999986003569326	1.0	0.999998618708732	0.17653455693448694	0.3841567280472181	0.15865296968770376	0.15005490660361342	0.0	0.0	0.99999868294003	1.0	0.9999987012918296	1.0	0.9999987196436291	1.0	0.9999987379954285	1.0	0.999998756347228	1.0	0.9999987746990273	1.0
0.0	0.9999987905921417	0.999998790703901	1.0	0.9999987909274196	0.17653496835508595	0.38415688178398455	0.15865311448121214	0.14991422999853674	0.0	0.0	0.9999987917097345	1.0	0.999998791933253	1.0	0.9999987921567715	1.0	0.99999879238029	1.0	0.9999987926038086	1.0	0.9999987928273272	1.0
0.0	0.9999985918058102	0.9999986009533102	1.0	0.9999986192483101	0.17653468463910957	0.3841567288836374	0.15865297037484039	0.14972846730461828	0.0	0.0	0.9999986832808101	1.0	0.9999987015758101	1.0	0.99999871987081	1.0	0.99999873816581	1.0	0.9999987564608099	1.0	0.99999877475581	1.0
0.0	0.9999990453629753	0.9999990338942412	1.0	0.9999990109567732	0.176535011254556	0.3841572723612112	0.158653410080081	0.14948694451798605	0.0	0.0	0.9999989306756352	1.0	0.999998907738167	1.0	0.9999988848006991	1.0	0.9999988618632311	1.0	0.999998838925763	1.0	0.9999988159882951	1.0
0.0	0.99999874444236	0.9999987466518347	1.0	0.9999987510707842	0.17653496835504476	0.3841566531212014	0.1586529710722436	0.14917171418580444	0.0	0.0	0.9999987665371075	1.0	0.999998770956057	1.0	0.9999987753750065	1.0	0.999998779793956	1.0	0.9999987842129056	1.0	0.9999987886318551	1.0
0.0	0.9999989949206138	0.999998985744714	1.0	0.9999989673929146	0.17653455853527877	0.38415704002780204	0.15865326331648805	0.14876460952613788	0.0	0.0	0.9999989031616165	1.0	0.999998884809817	1.0	0.9999988664580176	1.0	0.9999988481062181	1.0	0.9999988297544187	1.0	0.9999988114026193	1.0
0.0	0.9999985931207118	0.9999986022084437	1.0	0.9999986203839074	0.17653517441680827	0.38415672889942193	0.15865297109837576	0.1482389921583255	0.0	0.0	0.9999986839980304	1.0	0.9999987021734941	1.0	0.9999987203489578	1.0	0.9999987385244216	1.0	0.9999987566998851	1.0	0.9999987748753489	1.0
0.0	0.9999989939160845	0.9999989847858453	1.0	0.9999989665253667	0.17653451925454935	0.384156881799264	0.158653262386619	0.14756591087295834	0.0	0.0	0.9999989026136927	1.0	0.9999988843532142	1.0	0.999998866092736	1.0	0.9999988478322575	1.0	0.9999988295717792	1.0	0.9999988113113009	1.0
0.0	0.9999987949181929	0.9999987948333128	1.0	0.9999987946635528	0.17653517357906115	0.38415688370329426	0.15865311825879264	0.14670680894587504	0.0	0.0	0.9999987940693925	1.0	0.9999987938996325	1.0	0.9999987937298724	1.0	0.9999987935601125	1.0	0.9999987933903525	1.0	0.9999987932205924	1.0
0.0	0.999998793324866	0.9999987933124095	1.0	0.9999987932874965	0.17653484641779257	0.38415688398483494	0.15865311650209676	0.14561439895503678	0.0	0.0	0.9999987932003013	1.0	0.9999987931753883	1.0	0.9999987931504755	1.0	0.9999987931255625	1.0	0.9999987931006495	1.0	0.9999987930757366	1.0
0.0	0.9999987906353701	0.9999987907451632	1.0	0.999998790964749	0.17653451925650418	0.384156884424402	0.1586531147454008	0.14422098359105323	0.0	0.0	0.9999987917332996	1.0	0.9999987919528855	1.0	0.9999987921724715	1.0	0.9999987923920574	1.0	0.9999987926116433	1.0	0.9999987928312292	1.0
0.0	0.9999985924596052	0.999998601577388	1.0	0.9999986198129531	0.1765351735810226	0.38415688638742196	0.1586529706175742	0.1424302608339403	0.0	0.0	0.9999986836374323	1.0	0.9999987018729978	1.0	0.999998720108563	1.0	0.9999987383441284	1.0	0.9999987565796937	1.0	0.9999987748152595	1.0
0.0	0.9999989929809359	0.999998983893204	1.0	0.9999989657177403	0.1765348486939934	0.384157039063934	0.15865326190581755	0.1401126071340923	0.0	0.0	0.9999989021036173	1.0	0.9999988839281536	1.0	0.9999988657526899	1.0	0.9999988475772261	1.0	0.9999988294017624	1.0	0.9999988112262987	1.0
0.0	0.9999985911810321	0.9999986003569318	1.0	0.9999986187087312	0.17653468208778453	0.38415672804721734	0.15865296968770315	0.13710181639318555	0.0	0.0	0.9999986829400294	1.0	0.9999987012918287	1.0	0.9999987196436282	1.0	0.9999987379954278	1.0	0.9999987563472271	1.0	0.9999987746990266	1.0
0.0	0.9999987844469943	0.9999987848380776	1.0	0.9999987856202442	0.17653496835506682	0.384156879070502	0.15865311288315717	0.13320005337116012	0.0	0.0	0.9999987883578273	1.0	0.999998789139994	1.0	0.9999987899221605	1.0	0.9999987907043271	1.0	0.9999987914864937	1.0	0.9999987922686603	1.0
0.0	0.9999987984884159	0.9999987982412536	1.0	0.9999987977469291	0.17653472187114017	0.3841568865969377	0.15865311783611855	0.12818140050360144	0.0	0.0	0.9999987960167931	1.0	0.9999987955224685	1.0	0.999998795028144	1.0	0.9999987945338195	1.0	0.9999987940394949	1.0	0.9999987935451703	1.0
0.0	0.9999987959625072	0.999998795830157	1.0	0.9999987955654568	0.1765347240317746	0.3841568862483921	0.15865311857951125	0.12179609393120308	0.0	0.0	0.9999987946390057	1.0	0.9999987943743055	1.0	0.9999987941096051	1.0	0.9999987938449049	1.0	0.9999987935802045	1.0	0.9999987933155042	1.0
0.0	0.9999987899339856	0.9999987900756611	1.0	0.999998790359012	0.1765349683550857	0.3841568816488476	0.1586531142667659	0.11378414339252885	0.0	0.0	0.9999987913507402	1.0	0.9999987916340911	1.0	0.9999987919174421	1.0	0.999998792200793	1.0	0.9999987924841439	1.0	0.9999987927674948	1.0
0.0	0.9999987951432455	0.9999987950481346	1.0	0.9999987948579127	0.1765347244804891	0.3841568857464899	0.158653118014772	0.10387653160329868	0.0	0.0	0.9999987941921361	1.0	0.9999987940019142	1.0	0.9999987938116923	1.0	0.9999987936214704	1.0	0.9999987934312485	1.0	0.9999987932410267	1.0
0.0	0.9999987918711241	0.9999987919247479	1.0	0.9999987920319957	0.17653484641781153	0.38415688280814214	0.15865311549271802	0.0918121782135618	0.0	0.0	0.9999987924073628	1.0	0.9999987925146107	1.0	0.9999987926218584	1.0	0.9999987927291062	1.0	0.9999987928363538	1.0	0.9999987929436016	1.0
0.0	0.9999987869056762	0.9999987871850003	1.0	0.9999987877436484	0.1765349683550446	0.38415687682492194	0.15865311218431516	0.07734064495544696	0.0	0.0	0.9999987896989165	1.0	0.9999987902575647	1.0	0.9999987908162127	1.0	0.9999987913748607	1.0	0.9999987919335087	1.0	0.9999987924921568	1.0
0.0	0.9999987836877072	0.9999987841133032	1.0	0.9999987849644951	0.1765348256944415	0.3841568794723127	0.15865311398920728	0.060234666044571714	0.0	0.0	0.9999987879436668	1.0	0.9999987887948587	1.0	0.9999987896460507	1.0	0.9999987904972426	1.0	0.9999987913484345	1.0	0.9999987921996264	1.0
0.0	0.9999988095373658	0.9999988087879788	1.0	0.9999988072892046	0.17653486914912817	0.3841568980943722	0.15865312406892712	0.040296937619714854	0.0	0.0	0.9999988020434957	1.0	0.9999988005447216	1.0	0.9999987990459475	1.0	0.9999987975471735	1.0	0.9999987960483995	1.0	0.9999987945496255	1.0
0.0	0.9999987913042786	0.9999987913836659	1.0	0.9999987915424405	0.17653484482765736	0.3841568800190732	0.15865311575792812	0.01736603283867394	0.0	0.0	0.9999987920981517	1.0	0.9999987922569262	1.0	0.9999987924157009	1.0	0.9999987925744754	1.0	0.99999879273325	1.0	0.9999987928920248	1.0
0.0	0.9999987913017317	0.9999987913812362	1.0	0.9999987915402448	0.1765348454365656	0.38415688482114463	0.15865311483071493	0.0	0.0	0.0	0.9999987920967752	1.0	0.9999987922557839	1.0	0.9999987924147926	1.0	0.9999987925738013	1.0	0.99999879273281	1.0	0.9999987928918187	1.0
0.0	0.999998795568194	0.9999987954537695	1.0	0.9999987952249202	0.17653484790910978	0.38415688533383957	0.15865311870437576	0.0	0.0	0.0	0.9999987944239478	1.0	0.9999987941950986	1.0	0.9999987939662494	1.0	0.9999987937374001	1.0	0.9999987935085509	1.0	0.9999987932797016	1.0
0.0	0.9999987932522546	0.9999987932430977	1.0	0.999998793224784	0.1765348465399501	0.3841568837334065	0.15865311597121107	0.0	0.0	0.0	0.9999987931606861	1.0	0.9999987931423723	1.0	0.9999987931240586	1.0	0.9999987931057448	1.0	0.9999987930874311	1.0	0.9999987930691174	1.0
0.0	0.9999987923917529	0.9999987924217122	1.0	0.9999987924816307	0.17653484600748998	0.38415688379459323	0.15865311627347028	0.0	0.0	0.0	0.9999987926913453	1.0	0.9999987927512638	1.0	0.9999987928111823	1.0	0.9999987928711008	1.0	0.9999987929310192	1.0	0.9999987929909377	1.0
0.0	0.9999987958689768	0.9999987957408779	1.0	0.9999987954846804	0.176534848758436	0.38415688627385103	0.1586531186092848	0.0	0.0	0.0	0.999998794587989	1.0	0.9999987943317915	1.0	0.9999987940755939	1.0	0.9999987938193964	1.0	0.9999987935631989	1.0	0.9999987933070014	1.0
0.0	0.9999987894540265	0.9999987896175189	1.0	0.9999987899445035	0.17653484343734901	0.38415688125672637	0.1586531138821644	0.0	0.0	0.0	0.9999987910889496	1.0	0.9999987914159342	1.0	0.9999987917429187	1.0	0.9999987920699034	1.0	0.999998792396888	1.0	0.9999987927238726	1.0
0.0	0.9999987965395553	0.9999987963809758	1.0	0.9999987960638169	0.17653472448049148	0.38415688674246273	0.15865311904825938	0.0	0.0	0.0	0.9999987949537608	1.0	0.9999987946366019	1.0	0.9999987943194429	1.0	0.9999987940022842	1.0	0.9999987936851252	1.0	0.9999987933679664	1.0
0.0	0.9999987944954818	0.9999987944298169	1.0	0.9999987942984869	0.17653484641781406	0.3841568851461748	0.15865312018393715	0.0	0.0	0.0	0.9999987938388321	1.0	0.9999987937075021	1.0	0.9999987935761722	1.0	0.9999987934448422	1.0	0.9999987933135123	1.0	0.9999987931821822	1.0
0.0	0.999998791241029	0.9999987913232918	1.0	0.9999987914878177	0.17653496835505172	0.38415688267351367	0.1586531124209681	0.0	0.0	0.0	0.9999987920636577	1.0	0.9999987922281834	1.0	0.9999987923927094	1.0	0.9999987925572351	1.0	0.9999987927217608	1.0	0.9999987928862866	1.0
0.0	0.9999987901699159	0.9999987903008677	1.0	0.9999987905627713	0.17653484667325847	0.38415688179041263	0.15865311455297096	0.0	0.0	0.0	0.9999987914794337	1.0	0.9999987917413372	1.0	0.9999987920032408	1.0	0.9999987922651443	1.0	0.9999987925270478	1.0	0.9999987927889514	1.0
0.0	0.9999987942459183	0.9999987941915953	1.0	0.9999987940829492	0.1765348468203923	0.38415688462241715	0.15865311720847267	0.0	0.0	0.0	0.9999987937026883	1.0	0.9999987935940423	1.0	0.9999987934853962	1.0	0.9999987933767504	1.0	0.9999987932681043	1.0	0.9999987931594583	1.0
0.0	0.9999988439165535	0.9999988416044764	1.0	0.9999988369803219	0.176534931535385	0.38415692366789284	0.15865322409531105	0.0	0.0	0.0	0.9999988207957818	1.0	0.9999988161716274	1.0	0.999998811547473	1.0	0.9999988069233188	1.0	0.9999988022991644	1.0	0.9999987976750101	1.0
0.0	0.9999987264754288	0.9999987295015828	1.0	0.9999987355538908	0.17653475542084773	0.38415683259288563	0.15865300601894033	0.0	0.0	0.0	0.9999987567369689	1.0	0.999998762789277	1.0	0.999998768841585	1.0	0.999998774893893	1.0	0.999998780946201	1.0	0.999998786998509	1.0
0.0	0.9999988158839549	0.999998814846087	1.0	0.9999988127703513	0.17653485469722996	0.38415690168130195	0.15865312059202616	0.0	0.0	0.0	0.999998805505276	1.0	0.9999988034295402	1.0	0.9999988013538045	1.0	0.9999987992780687	1.0	0.9999987972023328	1.0	0.9999987951265971	1.0
0.0	0.9999984331234079	0.9999984494837457	1.0	0.9999984822044211	0.17653496835507762	0.3841566464728186	0.15865296893890551	0.0	0.0	0.0	0.9999985967267853	1.0	0.9999986294474608	1.0	0.9999986621681363	1.0	0.9999986948888117	1.0	0.9999987276094872	1.0	0.9999987603301626	1.0
0.0	0.9999987930508442	0.9999987930508442	1.0	0.9999987930508442	0.1765347244805282	0.3841571288373685	0.15865328307101087	0.0	0.0	0.0	0.9999987930508442	1.0	0.9999987930508442	1.0	0.9999987930508442	1.0	0.9999987930508442	1.0	0.9999987930508442	1.0	0.9999987930508442	1.0
0.0	0.9999991476013982	0.9999991314854642	1.0	0.9999990992535962	0.1765348457597519	0.38415687321548564	0.15865309536306296	0.0	0.0	0.0	0.9999989864420583	1.0	0.9999989542101904	1.0	0.9999989219783224	1.0	0.9999988897464543	1.0	0.9999988575145864	1.0	0.9999988252827184	1.0
0.0	0.9999987918958407	0.9999987919483397	1.0	0.9999987920533379	0.1765348470758424	0.38415688287591854	0.15865307922859473	0.0	0.0	0.0	0.9999987924208313	1.0	0.9999987925258295	1.0	0.9999987926308276	1.0	0.9999987927358258	1.0	0.9999987928408239	1.0	0.9999987929458221	1.0
0.0	0.9999987916583976	0.9999987917216919	1.0	0.9999987918482807	0.17653496835511356	0.3841568825792049	0.15865315377564473	0.0	0.0	0.0	0.9999987922913414	1.0	0.9999987924179301	1.0	0.9999987925445188	1.0	0.9999987926711077	1.0	0.9999987927976964	1.0	0.9999987929242851	1.0
0.0	0.999998743762893	0.9999987460032539	1.0	0.9999987504839756	0.17653459948513436	0.38415680547386055	0.1586531027965655	0.0	0.0	0.0	0.9999987661665016	1.0	0.9999987706472233	1.0	0.999998775127945	1.0	0.9999987796086667	1.0	0.9999987840893885	1.0	0.9999987885701103	1.0
0.0	0.9999988596262639	0.9999988566001099	1.0	0.9999988505478018	0.17653496835511526	0.38415700260894836	0.15865316827759804	0.0	0.0	0.0	0.9999988293647238	1.0	0.9999988233124157	1.0	0.9999988172601076	1.0	0.9999988112077997	1.0	0.9999988051554917	1.0	0.9999987991031837	1.0
0.0	0.9999987783108619	0.9999987789808615	1.0	0.999998780320861	0.1765348486088192	0.3841568460818145	0.1586530784322175	0.0	0.0	0.0	0.9999987850108589	1.0	0.9999987863508583	1.0	0.9999987876908577	1.0	0.9999987890308571	1.0	0.9999987903708565	1.0	0.9999987917108559	1.0
0.0	0.9999987935615684	0.9999987935383534	1.0	0.9999987934919231	0.17653484728489988	0.3841568844321797	0.1586530792286106	0.0	0.0	0.0	0.9999987933294173	1.0	0.9999987932829871	1.0	0.9999987932365569	1.0	0.9999987931901266	1.0	0.9999987931436964	1.0	0.9999987930972661	1.0
0.0	0.9999989949206555	0.9999989857447558	1.0	0.9999989673929562	0.17653501102287272	0.38415704002784373	0.15865330330834335	0.0	0.0	0.0	0.9999989031616582	1.0	0.9999988848098588	1.0	0.9999988664580592	1.0	0.9999988481062599	1.0	0.9999988297544603	1.0	0.9999988114026609	1.0
0.0	0.9999985931207515	0.9999986022084832	1.0	0.9999986203839469	0.1765348438665724	0.38415672889946184	0.15865297109841558	0.0	0.0	0.0	0.9999986839980699	1.0	0.9999987021735338	1.0	0.9999987203489974	1.0	0.9999987385244612	1.0	0.9999987566999248	1.0	0.9999987748753885	1.0
0.0	0.9999989939161317	0.9999989847858924	1.0	0.999998966525414	0.1765345192545962	0.3841568817993118	0.1586532623866664	0.0	0.0	0.0	0.9999989026137399	1.0	0.9999988843532615	1.0	0.9999988660927832	1.0	0.9999988478323047	1.0	0.9999988295718266	1.0	0.9999988113113482	1.0
0.0	0.999998794918247	0.9999987948333668	1.0	0.9999987946636067	0.17653517357911475	0.3841568837033486	0.15865311825884684	0.0	0.0	0.0	0.9999987940694466	1.0	0.9999987938996866	1.0	0.9999987937299265	1.0	0.9999987935601665	1.0	0.9999987933904064	1.0	0.9999987932206464	1.0
0.0	0.999998793324922	0.9999987933124656	1.0	0.9999987932875526	0.17653484641784836	0.38415688398489134	0.15865311650215358	0.0	0.0	0.0	0.9999987932003573	1.0	0.9999987931754444	1.0	0.9999987931505315	1.0	0.9999987931256186	1.0	0.9999987931007056	1.0	0.9999987930757926	1.0
0.0	0.999998790635429	0.9999987907452219	1.0	0.9999987909648078	0.17653451925656452	0.384156884424461	0.15865311474546034	0.0	0.0	0.0	0.9999987917333585	1.0	0.9999987919529443	1.0	0.9999987921725303	1.0	0.9999987923921161	1.0	0.9999987926117021	1.0	0.999998792831288	1.0
0.0	0.9999985924596719	0.9999986015774546	1.0	0.9999986198130199	0.17653517358105017	0.38415688638748885	0.1586529706176419	0.0	0.0	0.0	0.999998683637499	1.0	0.9999987018730645	1.0	0.9999987201086298	1.0	0.9999987383441952	1.0	0.9999987565797605	1.0	0.9999987748153261	1.0
0.0	0.9999989929810109	0.999998983893279	1.0	0.9999989657178154	0.17653484885202203	0.3841570390640094	0.15865326190589407	0.0	0.0	0.0	0.9999989021036924	1.0	0.9999988839282287	1.0	0.999998865752765	1.0	0.9999988475773012	1.0	0.9999988294018374	1.0	0.9999988112263738	1.0
0.0	0.999998591181117	0.9999986003570167	1.0	0.9999986187088161	0.17653455693457046	0.38415672804730255	0.15865283334406807	0.0	0.0	0.0	0.9999986829401143	1.0	0.9999987012919136	1.0	0.9999987196437131	1.0	0.9999987379955126	1.0	0.9999987563473121	1.0	0.9999987746991116	1.0
0.0	0.9999987925401989	0.999998792563414	1.0	0.9999987926098443	0.17653496835517093	0.3841568836429615	0.1586534043194528	0.0	0.0	0.0	0.99999879277235	1.0	0.9999987928187802	1.0	0.9999987928652104	1.0	0.9999987929116407	1.0	0.9999987929580708	1.0	0.9999987930045011	1.0
0.0	0.999998790836513	0.9999987909371676	1.0	0.9999987911384769	0.17653472448059856	0.3841568825323509	0.15865311379246141	0.0	0.0	0.0	0.9999987918430592	1.0	0.9999987920443684	1.0	0.9999987922456777	1.0	0.9999987924469869	1.0	0.999998792648296	1.0	0.9999987928496054	1.0
0.0	0.9999985920723449	0.9999986012077344	1.0	0.9999986194785135	0.17653509335053588	0.38415687205396176	0.15865311415247282	0.0	0.0	0.0	0.9999986834262402	1.0	0.9999987016970193	1.0	0.9999987199677983	1.0	0.9999987382385774	1.0	0.9999987565093565	1.0	0.9999987747801357	1.0
0.0	0.9999989952742219	0.9999989860822549	1.0	0.9999989676983209	0.17653484842588538	0.3841568960212747	0.15865311544720573	0.0	0.0	0.0	0.9999989033545518	1.0	0.9999988849706177	1.0	0.9999988665866838	1.0	0.9999988482027498	1.0	0.9999988298188158	1.0	0.9999988114348817	1.0
0.0	0.9999987912139751	0.9999987912974735	1.0	0.9999987914644703	0.17653484746803044	0.3841568834563941	0.1586531158923568	0.0	0.0	0.0	0.9999987920489594	1.0	0.9999987922159562	1.0	0.9999987923829531	1.0	0.9999987925499499	1.0	0.9999987927169468	1.0	0.9999987928839437	1.0
0.0	0.9999983921878972	0.9999984104089454	1.0	0.999998446851042	0.17653487948344568	0.3841565737732524	0.158653116200896	0.0	0.0	0.0	0.99999857439838	1.0	0.9999986108404766	1.0	0.9999986472825731	1.0	0.9999986837246698	1.0	0.9999987201667664	1.0	0.999998756608863	1.0
0.0	0.999999194772723	0.9999991765126433	1.0	0.9999991399924839	0.1765345191386321	0.38415719538485105	0.158653116315398	0.0	0.0	0.0	0.9999990121719261	1.0	0.9999989756517667	1.0	0.9999989391316073	1.0	0.999998902611448	1.0	0.9999988660912886	1.0	0.9999988295711292	1.0
0.0	0.9999987925933275	0.9999987926141298	1.0	0.9999987926557345	0.17653484915171017	0.384156883536101	0.1586531164145873	0.0	0.0	0.0	0.9999987928013513	1.0	0.999998792842956	1.0	0.9999987928845608	1.0	0.9999987929261656	1.0	0.9999987929677703	1.0	0.9999987930093751	1.0
0.0	0.9999983893812686	0.9999984077298925	1.0	0.9999984444271401	0.17653484739121092	0.3841568836840409	0.15865311644884048	0.0	0.0	0.0	0.9999985728675072	1.0	0.9999986095647548	1.0	0.9999986462620025	1.0	0.9999986829592502	1.0	0.9999987196564979	1.0	0.9999987563537456	1.0
0.0	0.9999991965789011	0.9999991782367242	1.0	0.9999991415523704	0.17653484666578573	0.38415657246473134	0.15865311647317917	0.0	0.0	0.0	0.9999990131571316	1.0	0.9999989764727778	1.0	0.9999989397884238	1.0	0.9999989031040699	1.0	0.999998866419716	1.0	0.9999988297353621	1.0
0.0	0.9999987929429501	0.9999987929478626	1.0	0.9999987929576876	0.1765348465276702	0.38415719561067757	0.1586531164854583	0.0	0.0	0.0	0.9999987929920747	1.0	0.9999987930018998	1.0	0.9999987930117247	1.0	0.9999987930215496	1.0	0.9999987930313745	1.0	0.9999987930411994	1.0
0.0	0.9999987929668152	0.9999987929706436	1.0	0.9999987929783005	0.17653484644671147	0.3841565722588875	0.15865311649233638	0.0	0.0	0.0	0.9999987930051	1.0	0.999998793012757	1.0	0.9999987930204138	1.0	0.9999987930280708	1.0	0.9999987930357278	1.0	0.9999987930433848	1.0
0.0	0.9999983893144301	0.999998407666095	1.0	0.9999984443694251	0.1765348464287489	0.38415719570699475	0.15865311649597164	0.0	0.0	0.0	0.9999985728310804	1.0	0.9999986095344103	1.0	0.9999986462377404	1.0	0.9999986829410704	1.0	0.9999987196444006	1.0	0.9999987563477306	1.0
0.0	0.9999991966225344	0.9999991782783775	1.0	0.9999991415900636	0.17653484642166145	0.3841568840886862	0.15865311649852262	0.0	0.0	0.0	0.9999990131809648	1.0	0.9999989764926509	1.0	0.999998939804337	1.0	0.9999989031160229	1.0	0.9999988664277091	1.0	0.9999988297393951	1.0
0.0	0.9999983897388541	0.9999984080712291	1.0	0.9999984447359788	0.17653484641932915	0.38415657327944613	0.15865311649982924	0.0	0.0	0.0	0.9999985730626026	1.0	0.9999986097273524	1.0	0.9999986463921021	1.0	0.9999986830568518	1.0	0.9999987197216015	1.0	0.999998756386351	1.0
0.0	0.9999991961220048	0.9999991778006013	1.0	0.9999991411577941	0.1765351766938382	0.38415719432224543	0.15865311650069897	0.0	0.0	0.0	0.9999990129079694	1.0	0.9999989762651623	1.0	0.9999989396223552	1.0	0.9999989029795482	1.0	0.9999988663367411	1.0	0.999998829693934	1.0
0.0	0.9999984072677184	0.9999984248033288	1.0	0.9999984598745496	0.17653484946979392	0.3841568855368424	0.15865311650128353	0.0	0.0	0.0	0.9999985826238224	1.0	0.9999986176950431	1.0	0.9999986527662638	1.0	0.9999986878374846	1.0	0.9999987229087053	1.0	0.9999987579799262	1.0
0.0	0.9999991788143001	0.9999991612796131	1.0	0.9999991262102391	0.17653484642510334	0.38415688253491453	0.0	0.0	0.0	0.0	0.9999990034674302	1.0	0.9999989683980562	1.0	0.9999989333286823	1.0	0.9999988982593083	1.0	0.9999988631899344	1.0	0.9999988281205604	1.0
0.0	0.99999838960648	0.999998407944877	1.0	0.999998444621671	0.17653517669387625	0.38415689058821906	0.0	0.0	0.0	0.0	0.99999857299045	1.0	0.999998609667244	1.0	0.9999986463440379	1.0	0.999998683020832	1.0	0.9999987196976259	1.0	0.9999987563744199	1.0
0.0	0.999998792972187	0.9999987929757805	1.0	0.9999987929829676	0.17653484641895678	0.3841568802777319	0.0	0.0	0.0	0.0	0.999998793008122	1.0	0.999998793015309	1.0	0.9999987930224961	1.0	0.9999987930296831	1.0	0.99999879303687	1.0	0.999998793044057	1.0
0.0	0.9999991965574093	0.9999991782162218	1.0	0.9999991415338466	0.17653484641948794	0.3841570400282743	0.0	0.0	0.0	0.0	0.9999990131455335	1.0	0.9999989764631584	1.0	0.9999989397807832	1.0	0.9999989030984081	1.0	0.999998866416033	1.0	0.9999988297336577	1.0
0.0	0.9999983894710119	0.9999984078155715	1.0	0.9999984445046906	0.17653484642037376	0.38415668833410527	0.0	0.0	0.0	0.0	0.9999985729166077	1.0	0.9999986096057267	1.0	0.9999986462948458	1.0	0.9999986829839651	1.0	0.9999987196730842	1.0	0.9999987563622033	1.0
0.0	0.9999987930625879	0.9999987930620776	1.0	0.9999987930610573	0.17653484642183787	0.3841571989068645	0.0	0.0	0.0	0.0	0.9999987930574858	1.0	0.9999987930564654	1.0	0.9999987930554451	1.0	0.9999987930544247	1.0	0.9999987930534043	1.0	0.9999987930523839	1.0
0.0	0.9999991966415634	0.9999991782965568	1.0	0.9999991416065435	0.17653484642427156	0.3841566036079371	0.0	0.0	0.0	0.0	0.9999990131914966	1.0	0.9999989765014833	1.0	0.9999989398114699	1.0	0.9999989031214566	1.0	0.9999988664314432	1.0	0.9999988297414297	1.0
0.0	0.999998793034559	0.9999987930353272	1.0	0.9999987930368638	0.17653484642828612	0.3841568869803642	0.0	0.0	0.0	0.0	0.9999987930422417	1.0	0.9999987930437783	1.0	0.9999987930453148	1.0	0.9999987930468514	1.0	0.9999987930483878	1.0	0.9999987930499242	1.0
0.0	0.9999983893865964	0.9999984077350021	1.0	0.9999984444318136	0.17653484643494946	0.38415688655847335	0.0	0.0	0.0	0.0	0.9999985728706541	1.0	0.9999986095674656	1.0	0.999998646264277	1.0	0.9999986829610885	1.0	0.9999987196579002	1.0	0.9999987563547117	1.0
0.0	0.999999196707074	0.999999178359097	1.0	0.9999991416631429	0.17653484644594913	0.384156881814879	0.0	0.0	0.0	0.0	0.9999990132273031	1.0	0.999998976531349	1.0	0.9999989398353947	1.0	0.9999989031394405	1.0	0.9999988664434863	1.0	0.9999988297475321	1.0
0.0	0.9999983893775795	0.9999984077264019	1.0	0.9999984444240472	0.17653484646411274	0.3841565725960068	0.0	0.0	0.0	0.0	0.9999985728658161	1.0	0.9999986095634744	1.0	0.9999986462611545	1.0	0.9999986829589579	1.0	0.9999987199564362	1.0	0.99999879305116	1.0
0.0	0.9999991967166828	0.9999991783682721	1.0	0.9999991416714505	0.17653484649401632	0.3841568841506658	0.0	0.0	0.0	0.0	0.9999990132325659	1.0	0.9999989765357326	1.0	0.999998939838878	1.0	0.9999989031419013	1.0	0.9999988661452512	1.0	0.9999987930513586	1.0
0.0	0.99999838937749	0.999998407726323	1.0	0.9999984444239891	0.1765348465431498	0.3841568840712277	0.0	0.0	0.0	0.0	0.999998572865819	1.0	0.9999986095634839	1.0	0.9999986462611482	1.0	0.9999986829588113	1.0	0.9999987196564727	1.0	0.9999987563541315	1.0
0.0	0.9999991966978642	0.9999991783503192	1.0	0.9999991416552291	0.17653484662366026	0.3841568840504369	0.0	0.0	0.0	0.0	0.9999990132224138	1.0	0.9999989765273237	1.0	0.9999989398322336	1.0	0.9999989031371436	1.0	0.9999988664420534	1.0	0.9999988297469634	1.0
0.0	0.9999986440175053	0.9999986507917985	1.0	0.9999986643403849	0.1765348467551999	0.38415688404256515	0.0	0.0	0.0	0.0	0.9999987117604374	1.0	0.9999987253090238	1.0	0.9999987388576101	1.0	0.9999987524061967	1.0	0.9999987659547831	1.0	0.9999987795033695	1.0
0.0	0.9999989420865072	0.999998935312214	1.0	0.9999989217636276	0.17653484696954455	0.3841571959667371	0.0	0.0	0.0	0.0	0.999998874343575	1.0	0.9999988607949886	1.0	0.9999988472464022	1.0	0.9999988336978158	1.0	0.9999988201492294	1.0	0.9999988066006429	1.0
0.0	0.9999985922043794	0.9999986013338241	1.0	0.9999986195927134	0.1765348473177768	0.3841568869276643	0.0	0.0	0.0	0.0	0.9999986834988258	1.0	0.9999987017577152	1.0	0.9999987200166045	1.0	0.9999987382754937	1.0	0.9999987565343831	1.0	0.9999987747932723	1.0
0.0	0.9999987956071467	0.9999987954910156	1.0	0.9999987952587531	0.17653484788184853	0.38415688697964134	0.0	0.0	0.0	0.0	0.9999987944458348	1.0	0.9999987942135725	1.0	0.9999987939813102	1.0	0.9999987937490479	1.0	0.9999987935167854	1.0	0.999998793284523	1.0
0.0	0.9999991933534401	0.9999991751579391	1.0	0.9999991387669372	0.1765348487928702	0.38415719596800163	0.0	0.0	0.0	0.0	0.9999990113984304	1.0	0.9999989750074286	1.0	0.9999989386164267	1.0	0.9999989022254246	1.0	0.9999988658344228	1.0	0.9999988294434208	1.0
0.0	0.9999983913008652	0.9999984095623039	1.0	0.9999984460851814	0.17653485025955082	0.3841568869280511	0.0	0.0	0.0	0.0	0.9999985739152526	1.0	0.99999861043813	1.0	0.9999986469610077	1.0	0.9999986834838851	1.0	0.9999987200067626	1.0	0.9999987565296401	1.0
0.0	0.9999991455683506	0.9999991295449114	1.0	0.9999990974980332	0.1765348526136804	0.38415719596695835	0.0	0.0	0.0	0.0	0.9999989853339594	1.0	0.9999989532870811	1.0	0.9999989212402027	1.0	0.9999988891933245	1.0	0.9999988571464463	1.0	0.9999988250995681	1.0
0.0	0.9999986440183899	0.999998650792683	1.0	0.9999986643412695	0.17653485638008318	0.3841568840410916	0.0	0.0	0.0	0.0	0.9999987117613219	1.0	0.9999987253099084	1.0	0.9999987388584948	1.0	0.9999987524070811	1.0	0.9999987659556676	1.0	0.999998779504254	1.0
0.0	0.9999987893153497	0.9999987894852443	1.0	0.9999987898250335	0.17653486238670557	0.38415688404229265	0.0	0.0	0.0	0.0	0.9999987910142963	1.0	0.9999987913540855	1.0	0.9999987916938748	1.0	0.9999987920336643	1.0	0.9999987923734536	1.0	0.999998792713243	1.0
0.0	0.9999986440187467	0.99999865079304	1.0	0.9999986643416265	0.17653487193450307	0.38415688404417947	0.0	0.0	0.0	0.0	0.9999987117616789	1.0	0.9999987253102653	1.0	0.9999987388588517	1.0	0.9999987524074382	1.0	0.9999987659560247	1.0	0.999998779504611	1.0
0.0	0.9999987893188497	0.9999987894886029	1.0	0.9999987898281095	0.17653488706062442	0.3841568840473416	0.0	0.0	0.0	0.0	0.9999987910163827	1.0	0.9999987913558892	1.0	0.9999987916953958	1.0	0.9999987920349024	1.0	0.999998792374409	1.0	0.9999987927139157	1.0
0.0	0.9999987930505145	0.9999987930506559	1.0	0.9999987930509386	0.17653491094252363	0.38415688405255566	0.0	0.0	0.0	0.0	0.9999987930519282	1.0	0.999998793052211	1.0	0.9999987930524936	1.0	0.9999987930527764	1.0	0.999998793053059	1.0	0.9999987930533418	1.0
0.0	0.9999987620910465	0.9999987634984466	1.0	0.9999987663132468	0.17653494851771293	0.3841568840613275	0.0	0.0	0.0	0.0	0.9999987761650473	1.0	0.9999987789798475	1.0	0.9999987817946475	1.0	0.9999987846094478	1.0	0.999998787424248	1.0	0.999998790239048	1.0
0.0	0.999998789318227	0.9999987894880412	1.0	0.9999987898276697	0.17653500742817752	0.38415688407617826	0.0	0.0	0.0	0.0	0.9999987910163687	1.0	0.999998791355997	1.0	0.9999987916956254	1.0	0.9999987920352538	1.0	0.999998792374882	1.0	0.9999987927145103	1.0
0.0	0.9999987930526293	0.9999987930527098	1.0	0.9999987930528708	0.17653509945378584	0.3841568841012057	0.0	0.0	0.0	0.0	0.9999987930534343	1.0	0.9999987930535953	1.0	0.9999987930537563	1.0	0.9999987930539173	1.0	0.9999987930540783	1.0	0.9999987930542393	1.0
0.0	0.9999987836800576	0.9999987841061769	1.0	0.9999987849584155	0.17653524267792237	0.3841568841435293	0.0	0.0	0.0	0.0	0.999998787941251	1.0	0.9999987887934897	1.0	0.9999987896457283	1.0	0.9999987904979669	1.0	0.9999987913502056	1.0	0.9999987922024444	1.0
0.0	0.9999987893173602	0.9999987894872548	1.0	0.9999987898270442	0.176535464741899	0.3841568842151016	0.0	0.0	0.0	0.0	0.9999987910163068	1.0	0.9999987913560962	1.0	0.9999987916958855	1.0	0.9999987920356749	1.0	0.9999987923754642	1.0	0.9999987927152535	1.0
0.0	0.9999987912899336	0.999998791370181	1.0	0.9999987915306757	0.17653580771146607	0.38415688433577744	0.0	0.0	0.0	0.0	0.9999987920924074	1.0	0.9999987922529021	1.0	0.9999987924133968	1.0	0.9999987925738916	1.0	0.9999987927343864	1.0	0.9999987928948811	1.0
0.0	0.9999987935363062	0.9999987935144619	1.0	0.9999987934707734	0.17653633531601387	0.3841568845390013	0.0	0.0	0.0	0.0	0.9999987933178633	1.0	0.9999987932741748	1.0	0.9999987932304863	1.0	0.9999987931867977	1.0	0.9999987931431092	1.0	0.9999987930994206	1.0
0.0	0.9999989929862618	0.9999989838985299	1.0	0.9999989657230662	0.17653714365682077	0.38415688488053523	0.0	0.0	0.0	0.0	0.9999989021089433	1.0	0.9999988839334795	1.0	0.9999988657580158	1.0	0.9999988475825521	1.0	0.9999988294070883	1.0	0.9999988112316247	1.0
0.0	0.9999985924653582	0.9999986015831407	1.0	0.9999986198187062	0.17653837695760188	0.3841568854529673	0.0	0.0	0.0	0.0	0.9999986836431851	1.0	0.9999987018787506	1.0	0.9999987201143161	1.0	0.9999987383498814	1.0	0.9999987565854468	1.0	0.9999987748210123	1.0
0.0	0.999998793373011	0.9999987933586468	1.0	0.9999987933299186	0.1765402505948962	0.3841568864099981	0.0	0.0	0.0	0.0	0.9999987932293691	1.0	0.9999987932006407	1.0	0.9999987931719123	1.0	0.9999987931431839	1.0	0.9999987931144555	1.0	0.999998793085727	1.0
0.0	0.9999991843762074	0.9999991665889923	1.0	0.9999991310145622	0.17654308456447224	0.3841568880057568	0.0	0.0	0.0	0.0	0.9999990065040566	1.0	0.9999989709296263	1.0	0.9999989353551962	1.0	0.9999988997807661	1.0	0.9999988642063359	1.0	0.9999988286319057	1.0
0.0	0.9999986096315003	0.9999986179690665	1.0	0.999998634644199	0.17654735180043682	0.38415689065891007	0.0	0.0	0.0	0.0	0.999998693007162	1.0	0.9999987096822943	1.0	0.9999987263574267	1.0	0.9999987430325591	1.0	0.9999987597076914	1.0	0.9999987763828238	1.0
0.0	0.9999991928964931	0.9999991747220363	1.0	0.9999991383731227	0.1765537474701573	0.3841568950572433	0.0	0.0	0.0	0.0	0.9999990111519251	1.0	0.9999989748030116	1.0	0.9999989384540979	1.0	0.9999989021051844	1.0	0.9999988657562707	1.0	0.9999988294073573	1.0
0.0	0.9999983926385765	0.9999984108394969	1.0	0.999998447241338	0.17656328764962873	0.3841569023265712	0.0	0.0	0.0	0.0	0.9999985746477815	1.0	0.9999986110496225	1.0	0.9999986474514636	1.0	0.9999986838533046	1.0	0.9999987202551456	1.0	0.9999987566569866	1.0
0.0	0.9999988393581436	0.999998837253647	1.0	0.9999988330446541	0.17657744879732234	0.3841569143038051	0.0	0.0	0.0	0.0	0.9999988183131787	1.0	0.9999988141041857	1.0	0.9999988098951929	1.0	0.9999988056861998	1.0	0.9999988014772068	1.0	0.9999987972682138	1.0
0.0	0.9999989434786327	0.9999989366413966	1.0	0.999998922966924	0.17659836335734053	0.38415693397452166	0.0	0.0	0.0	0.0	0.9999988751060896	1.0	0.9999988614317982	1.0	0.9999988477572052	1.0	0.9999988340827629	1.0	0.999998820408381	1.0	0.9999988067339085	1.0
0.0	0.9999985435897302	0.9999985549292624	1.0	0.9999985776083267	0.17662909182541064	0.38415696617418543	0.0	0.0	0.0	0.0	0.9999986569852328	1.0	0.9999986796641162	1.0	0.9999987023433011	1.0	0.9999987250223352	1.0	0.9999987477013091	1.0	0.9999987703803734	1.0
0.0	0.9999990463230535	0.9999990348110586	1.0	0.9999990117870685	0.1766739978681548	0.3841570187039901	0.0	0.0	0.0	0.0	0.9999989312031032	1.0	0.999998908179113	1.0	0.999998885155123	1.0	0.999998862131133	1.0	0.999998839107143	1.0	0.9999988160831528	1.0
0.0	0.9999987892569409	0.9999987894297341	1.0	0.9999987897753208	0.17673926074318344	0.3841571040995856	0.0	0.0	0.0	0.0	0.9999987909848741	1.0	0.9999987913304608	1.0	0.9999987916760474	1.0	0.9999987920216341	1.0	0.9999987923672208	1.0	0.9999987927128074	1.0
0.0	0.9999983893810488	0.9999984077299495	1.0	0.9999984444277511	0.17683356836444591	0.38415724242421434	0.0	0.0	0.0	0.0	0.9999985728700566	1.0	0.9999986095678581	1.0	0.9999986462656597	1.0	0.9999986829634613	1.0	0.999998719661263	1.0	0.9999987563590644	1.0
0.0	0.9999989931581404	0.9999989840625116	1.0	0.9999989658712544	0.17696904478517106	0.3841574656484412	0.0	0.0	0.0	0.0	0.9999989022018535	1.0	0.9999988840105961	1.0	0.9999988658193388	1.0	0.9999988476280816	1.0	0.9999988294368242	1.0	0.9999988112455668	1.0
0.0	0.9999988003028746	0.9999987999732067	1.0	0.9999987993138711	0.17716247726383058	0.3841578244959043	0.0	0.0	0.0	0.0	0.9999987970061964	1.0	0.9999987963468607	1.0	0.9999987956875251	1.0	0.9999987950281894	1.0	0.9999987943688539	1.0	0.999998793709518	1.0
0.0	0.9999989931647455	0.9999989840683478	1.0	0.9999989658755526	0.17743691969019892	0.3841583990743094	0.0	0.0	0.0	0.0	0.9999989022007694	1.0	0.9999988840079741	1.0	0.9999988658151789	1.0	0.9999988476223837	1.0	0.9999988294295883	1.0	0.9999988112367932	1.0
0.0	0.9999983855574883	0.9999984040791824	1.0	0.9999984411225707	0.1778237596928002	0.38415931529426517	0.0	0.0	0.0	0.0	0.9999985707744297	1.0	0.9999986078178178	1.0	0.999998644861206	1.0	0.9999986819045942	1.0	0.9999987189479824	1.0	0.9999987559913708	1.0
0.0	0.999999046285183	0.9999990347731881	1.0	0.9999990117491979	0.17836534424689873	0.3841607700770287	0.0	0.0	0.0	0.0	0.9999989311652328	1.0	0.9999989081412426	1.0	0.9999988851172525	1.0	0.9999988620932625	1.0	0.9999988390692723	1.0	0.9999988160452823	1.0
0.0	0.9999987579742282	0.9999987595664032	1.0	0.999998762750753	0.1791182601759651	0.3841630698094376	0.0	0.0	0.0	0.0	0.999998773895977	1.0	0.9999987770803268	1.0	0.9999987802646766	1.0	0.9999987834490264	1.0	0.9999987866333762	1.0	0.9999987898177258	1.0
0.0	0.9999983854977356	0.9999984040194297	1.0	0.999998441062818	0.18015735771985464	0.3841666886186954	0.0	0.0	0.0	0.0	0.9999985707146768	1.0	0.999998607758065	1.0	0.9999986448014534	1.0	0.9999986818448415	1.0	0.9999987188882298	1.0	0.999998755931618	1.0
0.0	0.9999991871785521	0.9999991692584949	1.0	0.9999991334183801	0.18158058238584984	0.3841723560612759	0.0	0.0	0.0	0.0	0.9999990079779787	1.0	0.9999989721378639	1.0	0.9999989362977493	1.0	0.9999989004576346	1.0	0.99999886461752	1.0	0.9999988287774053	1.0
0.0	0.9999987938530428	0.9999987938090614	1.0	0.9999987937210985	0.1835146367418024	0.3841811880881558	0.0	0.0	0.0	0.0	0.9999987934132283	1.0	0.9999987933252654	1.0	0.9999987932373023	1.0	0.9999987931493395	1.0	0.9999987930613767	1.0	0.9999987929734138	1.0
0.0	0.9999991948771177	0.9999991766015633	1.0	0.9999991400504545	0.18612142326842185	0.38419488109156497	0.0	0.0	0.0	0.0	0.9999990121215736	1.0	0.9999989755704648	1.0	0.9999989390193561	1.0	0.9999989024682472	1.0	0.9999988659171384	1.0	0.9999987926687819	1.0
0.0	0.9999987922869507	0.9999987923066304	1.0	0.9999987923459897	0.18960511576215575	0.3842159969850002	0.0	0.0	0.0	0.0	0.9999987924837475	1.0	0.9999987925231067	1.0	0.9999986457734753	1.0	0.9999986825100824	1.0	0.9999987192466894	1.0	0.9999987923407548	1.0
0.0	0.9999983887576238	0.9999984071137876	1.0	0.9999984438261152	0.19421956557871994	0.38424837822780983	0.0	0.0	0.0	0.0	0.9999985723192621	1.0	0.9999986090315895	1.0	0.9999987911737511	1.0	0.9999987915286203	1.0	0.9999987918834896	1.0	0.9999987558809006	1.0
0.0	0.9999987886531694	0.9999987888246642	1.0	0.9999987891676537	0.20027556929116333	0.38429774614354617	0.0	0.0	0.0	0.0	0.9999987903681173	1.0	0.9999987907111073	1.0	0.999998645624263	1.0	0.999998682324711	1.0	0.9999987190251588	1.0	0.9999987924228425	1.0
0.0	0.999998388514695	0.9999984068643745	1.0	0.9999984435637334	0.20814731123714794	0.3843725544230516	0.0	0.0	0.0	0.0	0.9999985720114896	1.0	0.9999986087108484	1.0	0.9999987921991981	1.0	0.9999987922013088	1.0	0.9999987915111871	1.0	0.9999987918594037	1.0
0.0	0.9999987919095585	0.9999987919102726	1.0	0.9999987919116979	0.2182770620616194	0.38448519278315885	0.0	0.0	0.0	0.0	0.9999990100233559	1.0	0.9999989736736777	1.0	0.9999989373240006	1.0	0.9999987908825806	1.0	0.9999987912428056	1.0	0.9999987915840721	1.0
0.0	0.9999987915510692	0.9999987915516592	1.0	0.999998791552842	0.23117698856179184	0.3846536633548412	0.0	0.0	0.0	0.0	0.9999985734503127	1.0	0.9999986098025989	1.0	0.9999986461548815	1.0	0.9999987905411252	1.0	0.9999987181671749	1.0	0.9999987548656007	1.0
0.0	0.9999991909650315	0.999999172789659	1.0	0.9999991364389139	0.24742675003327438	0.3849038836392155	0.0	0.0	0.0	0.0	0.9999990092113062	1.0	0.9999989728605614	1.0	0.9999989365098197	1.0	0.9999987911057483	1.0	0.9999988645006069	1.0	0.9999988278037214	1.0
0.0	0.9999987905329989	0.9999987905330662	1.0	0.9999987905332005	0.2676654729755282	0.38527280250575313	0.0	0.0	0.0	0.0	0.9999987905336706	1.0	0.9999987905338048	1.0	0.9999987905339391	1.0	0.9999987915534413	1.0	0.9999987912137863	1.0	0.9999987908741312	1.0
0.0	0.9999987936326274	0.9999987934595983	1.0	0.9999987931135401	0.2925767658412556	0.385812545243769	0.15866226454748192	0.0	0.0	0.0	0.9999987919023362	1.0	0.999998791556278	1.0	0.9999987912102196	1.0	0.9999989009559044	1.0	0.9999988639125985	1.0	0.9999988268692925	1.0
0.0	0.9999985870523243	0.9999985962299034	1.0	0.9999986145850616	0.32286570508984297	0.3865958224826106	0.15866808515573952	0.0	0.0	0.0	0.9999986788281154	1.0	0.9999986971832736	1.0	0.9999987155384318	1.0	0.9999987338935902	1.0	0.9999987522487485	1.0	0.9999987706039066	1.0
0.0	0.9999990421619753	0.9999990306050879	1.0	0.9999990074913124	0.359227203097524	0.3877228340423869	0.1586774980567266	0.0	0.0	0.0	0.9999989265930989	1.0	0.9999989034793236	1.0	0.9999988803655484	1.0	0.9999988572517732	1.0	0.999998834137998	1.0	0.9999988110242225	1.0
0.0	0.9999983937068363	0.9999984115682121	1.0	0.9999984472909633	0.40230579045385023	0.38932985545189774	0.15869264189602533	0.0	0.0	0.0	0.9999985723205933	1.0	0.9999986080433446	1.0	0.9999986437660959	1.0	0.9999986794888472	1.0	0.9999987152115989	1.0	0.9999987509343502	1.0
0.0	0.9999987666963526	0.9999987675363655	1.0	0.9999987692163915	0.4526474149222011	0.39159958926991145	0.15871687422424613	0.0	0.0	0.0	0.9999987750964822	1.0	0.9999987767765081	1.0	0.999998778456534	1.0	0.9999987801365599	1.0	0.9999987818165857	1.0	0.9999987834966116	1.0
0.0	0.99999915917803	0.999999142099435	1.0	0.999999107942245	0.5106440071191253	0.39477316762026576	0.15875542929406147	0.0	0.0	0.0	0.9999989883920798	1.0	0.9999989542348899	1.0	0.9999989200776999	1.0	0.9999988859205099	1.0	0.9999988517633199	1.0	0.9999988176061299	1.0
0.0	0.9999987755834948	0.999998775850471	1.0	0.9999987763844236	0.5764707386549986	0.3991633758836656	0.15881640628420834	0.0	0.0	0.0	0.9999987782532579	1.0	0.9999987787872104	1.0	0.9999987793211631	1.0	0.9999987798551156	1.0	0.9999987803890682	1.0	0.999998780923021	1.0
0.0	0.9999987795582187	0.9999987795414054	1.0	0.9999987795077789	0.6500134859680433	0.4051682022786957	0.15891223793088988	0.0	0.0	0.0	0.9999987793900862	0.9999989830769765	0.9999987793564598	1.0	0.9999987793228332	1.0	0.9999987792892067	1.0	0.9999987792555801	1.0	0.9999987792219536	1.0
0.0	0.9999987755006517	0.9999987755523053	1.0	0.9999987756556127	0.7307797048095052	0.4132831880320503	0.1590618473677232	0.0	0.0	0.0	0.9999987760171881	0.9999987760688417	0.9999987761204954	1.0	0.9999987762238026	1.0	0.9999987763271099	1.0	0.9999987764304171	1.0	0.9999987761875838	1.0
0.0	0.9999987734074647	0.999998773425605	1.0	0.9999987734618854	0.8177805638529687	0.42411026814256725	0.15929377453860402	0.0	0.0	0.0	0.9999987735888667	0.9999987717032344	0.9999987718944447	1.0	0.9999987722768657	1.0	0.9999987726592867	1.0	0.9999987730417078	1.0	0.9999987734304798	1.0
0.0	0.9999987667819662	0.9999987669606863	1.0	0.9999987673181269	0.9093693338293877	0.4383599086027095	0.1596506427301634	0.0	0.0	0.0	0.9999987685691686	0.99999876878282	0.9999987689583646	1.0	0.9999987693094539	1.0	0.999998769660543	1.0	0.9999987700116322	1.0	0.9999987340052631	0.9999997656022392
0.0	0.9999987636962531	0.9999987638682099	1.0	0.9999987642121236	1.0	0.4568424841251414	0.1601954367474807	0.0	0.0	0.0	0.9999987654158213	0.9999985656217572	0.9999985839724431	1.0	0.9999986206738152	1.0	0.9999986573750989	1.0	0.9999986933712164	1.0	0.9999987671225076	0.9999997635954243
0.0	0.9999983589909103	0.9999983775166073	1.0	0.9999984145680022	1.0	0.48044420947703836	0.1610201681840659	0.0	0.0	0.0	0.999998544247885	0.999998764608445	0.9999987647855186	1.0	0.9999987651396661	1.0	0.9999987654939017	1.0	0.9999987658610227	1.0	0.9999987662086391	0.9999997631609933
0.0	0.9999987615729202	0.9999987617462415	1.0	0.9999987620928834	1.0	0.5100828178548032	0.16225757099524263	0.0	0.0	0.0	0.9999987633061287	0.9999987634794495	0.9999987636527702	1.0	0.9999989107884025	1.0	0.9999987643460532	1.0	0.9999987647053968	1.0	0.9999987650456865	0.9999997626090813
0.0	0.999998760186542	0.999998760356522	1.0	0.9999987606964822	1.0	0.5466390057292513	0.16409653014191775	0.0	0.0	0.0	0.9999987618863424	0.9999987620563223	0.9999987622263021	1.0	0.9999986171364281	1.0	0.9999987629062201	1.0	0.9999986905312575	1.0	0.9999987272284239	0.9999997619200495
0.0	0.9999983584650494	0.9999983768137017	1.0	0.9999984135110053	1.0	0.5908616744596358	0.16680180205493148	0.0	0.0	0.0	0.9999985419515055	0.9999985603000963	0.9999985786485751	1.0	0.9999987623363652	1.0	0.9999986509655402	1.0	0.9999987614165913	1.0	0.9999987617762697	0.9999997610753409
0.0	0.9999987560239771	0.9999987562036721	1.0	0.9999987565630689	1.0	0.6432486240774916	0.17073832284368717	0.0	0.0	0.0	0.9999987578210504	0.9999987580008162	0.9999987581806945	1.0	0.9999987583386105	1.0	0.999998758919147	1.0	0.9999987592719847	1.0	0.9999987596246992	0.9999997600592289
0.0	0.9999987535439673	0.9999987537203179	1.0	0.9999987540730138	1.0	0.7039094135951892	0.17639976177259495	0.0	0.0	0.0	0.9999987553074194	0.9999987554837612	0.9999987556601023	1.0	0.9999987546536272	1.0	0.9999987563850586	1.0	0.9999987567312083	1.0	0.9999987570773576	0.9999997588607119
0.0	0.9999987506498533	0.9999987508229253	1.0	0.999998751169069	1.0	0.7724231309163218	0.18443989258364482	0.0	0.0	0.0	0.9999987523805719	0.9999987525536437	0.9999987527267156	1.0	0.9999986062838682	1.0	0.9999987534380563	0.9999987544574258	0.9999987537778486	1.0	0.9999987541176408	0.999999757475671
0.0	0.9999987473404273	0.9999987475103225	1.0	0.9999987478501129	1.0	0.8477096646277749	0.19570366004816156	0.0	0.0	0.0	0.9999987490393794	0.9999987492092745	0.9999987493791697	1.0	0.9999987497189601	1.0	0.9999986409863754	0.999998751078119	0.999998677683624	1.0	0.9999987143808728	0.9999997559084932
0.0	0.9999983436323391	0.9999983619809631	1.0	0.9999983986782113	1.0	0.9279371983049355	0.211252416281897	0.0	0.0	0.0	0.9999985271185796	0.9999985454672036	0.9999985638158276	1.0	0.9999986005130757	1.0	0.999998747302067	0.9999987473020672	0.9999987473020673	1.0	0.9999987473020676	0.9999997541734928
0.0	0.9999987443089864	0.9999987443089866	1.0	0.9999987443089867	1.0	0.9728306974279941	0.23237471679836968	0.0	0.0	0.0	0.9999987443089872	0.9999987443089872	0.9999987443089873	1.0	0.9999987443089874	1.0	0.9999987443089875	0.9999987443089876	0.9999987443089877	1.0	0.9999987443089878	0.9999997529893754
0.0	0.9999987421390971	0.9999987421390971	1.0	0.9999987421390971	1.0	1.0	0.2605705639565134	0.0	0.0	0.0	0.9999987421390973	0.9999987421390973	0.9999987421390973	1.0	0.9999987421390975	1.0	0.9999987421390975	0.9999987421390975	0.9999987421390975	1.0	0.9999987421390976	0.9999997520037365
0.0	0.9999987402932846	0.9999987402932846	1.0	0.9999987402932846	1.0	1.0	0.2974937661647168	0.0	0.0	0.0	0.9999987402932847	0.9999987402932847	0.9999987402932847	1.0	0.9999987402932847	1.0	0.9999987402932847	0.9999987402932847	0.9999987402932847	1.0	0.9999987402932847	0.999999751359838
0.0	0.999998737931651	0.999998737931651	1.0	0.999998737931651	1.0	1.0	0.3448353524750217	0.0	0.0	0.0	0.9999987379316511	0.9999987379316511	0.9999987379316511	1.0	0.9999987379316511	1.0	0.9999987379316511	0.9999987379316511	0.9999987379316511	1.0	0.9999987379316511	0.9999997505249135
0.0	0.9999987349734824	0.9999987349734824	1.0	0.9999987349734824	1.0	1.0	0.40413268380162126	0.0	0.0	0.0	0.9999987349734824	0.9999987349734824	0.9999987349734824	1.0	0.9999987349734824	1.0	0.9999987349734824	0.9999987349734824	0.9999987349734824	1.0	0.9999987349734824	0.9999997494692121
0.0	0.9999987313535756	0.9999987313535756	1.0	0.9999987313535756	1.0	1.0	0.4764964672000694	0.0	0.0	0.0	0.9999987313535756	0.9999987313535756	0.9999987313535756	1.0	0.9999987313535756	1.0	0.9999987313535756	0.9999987313535756	0.9999987313535756	1.0	0.9999987313535756	0.9999997481697833
0.0	0.9999987270360039	0.9999987270360039	1.0	0.9999987270360039	1.0	1.0	0.5622638383758781	0.0	0.0	0.0	0.9999987270360039	0.9999987270360039	0.9999987270360039	1.0	0.9999987270360039	1.0	0.9999987270360039	0.9999987270360039	0.9999987270360039	1.0	0.9999987270360039	0.9999997466162962
0.0	0.9999987220287583	0.9999987220287583	1.0	0.9999987220287583	1.0	1.0	0.6606115049959259	0.0	0.0	0.0	0.9999987220287583	0.9999987220287583	0.9999987220287583	0.9999987220287583	0.9999987220287583	1.0	0.9999987220287583	0.9999987220287583	0.9999987220287583	1.0	0.9999987220287583	0.9999997448174301
0.0	0.9999987163942803	0.9999987163942803	1.0	0.9999987163942803	1.0	1.0	0.7691974030285581	0.0	0.0	0.0	0.9999987163942803	0.9999987163942803	0.9999987163942803	0.9999987163942803	0.9999987163942803	1.0	0.9999987163942803	0.9999987163942803	0.9999987163942803	1.0	0.9999987163942803	0.9999997428057645
0.0	0.9999987102537368	0.9999987102537368	1.0	0.9999987102537368	1.0	1.0	0.8839363204316721	0.0	0.0	0.0	0.9999987102537368	0.9999987102537368	0.9999987102537368	0.9999987102537368	0.9999987102537368	1.0	0.9999987102537368	0.9999987102537368	0.9999987102537368	1.0	0.9999987102537368	0.9999997406407231
0.0	0.9999987037755453	0.9999987037755453	1.0	0.9999987037755453	1.0	1.0	0.9990420223876109	0.0	0.0	0.0	0.9999987037755453	0.9999987037755453	0.9999987037755453	0.9999987037755453	0.9999987037755453	1.0	0.9999987037755453	0.9999987037755453	0.9999987037755453	1.0	0.9999987037755453	0.9999997384054424
0.0	0.9999987021671701	0.9999987021671701	1.0	0.9999987021671701	1.0	1.0	1.0	0.0	0.0	0.0	0.9999987021671701	0.9999987021671701	0.9999987021671701	0.9999987021671701	0.9999987021671701	1.0	0.9999987021671701	0.9999987021671701	0.9999987021671701	1.0	0.9999987021671701	0.9999997381772134
0.0	0.9999986999414358	0.9999986999414358	1.0	0.9999986999414358	1.0	1.0	1.0	0.0	0.0	0.0	0.9999986999414358	0.9999986999414358	0.9999986999414358	0.9999986999414358	0.9999986999414358	1.0	0.9999986999414358	0.9999986999414358	0.9999986999414358	1.0	0.9999986999414358	0.99999973782345
0.0	0.9999986965246389	0.9999986965246389	1.0	0.9999986965246389	1.0	1.0	1.0	0.01061033345557963	0.0	0.007837875689897935	0.9999986965246389	0.9999986965246389	0.9999986965246389	0.9999986965246389	0.9999986965246389	1.0	0.9999986965246389	0.9999986965246389	0.9999986965246389	1.0	0.9999986965246389	0.9999997370032826
0.0	0.9999986903451326	0.9999986903451326	1.0	0.9999986903451326	1.0	1.0	1.0	0.09544042487676915	0.0	0.09855905208704205	0.9999986903451326	0.9999986903451326	0.9999986903451326	0.9999986903451326	0.9999986903451326	1.0	0.9999986903451326	0.9999986903451326	0.9999986903451326	1.0	0.9999986903451326	0.9999997343547019
0.0	0.9999986824156778	0.9999986824156778	1.0	0.9999986824156778	1.0	1.0	1.0	0.19879974670813588	0.0	0.19888549571876846	0.9999986824156778	0.9999986824156778	0.9999986824156778	0.9999986824156778	0.9999986824156778	1.0	0.9999986824156778	0.9999986824156778	0.9999986824156778	1.0	0.9999986824156778	0.999999731153575
0.0	0.9999986724304322	0.9999986724304322	1.0	0.9999986724304322	1.0	1.0	1.0	0.32509655004069204	0.0	0.3094903893412188	0.9999986724304322	0.9999986724304322	0.9999986724304322	0.9999986724304322	0.9999986724304322	1.0	0.9999986724304322	0.9999986724304322	0.9999986724304322	0.9999986724304322	0.9999986724304322	0.999999727312416
0.0	0.9999986602574157	0.9999986602574157	1.0	0.9999986602574157	1.0	1.0	1.0	0.4769828635478709	0.0	0.4299190581314553	0.9999986602574157	0.9999986602574157	0.9999986602574157	0.9999986602574157	0.9999986602574157	1.0	0.9999986602574157	0.9999986602574157	0.9999986602574157	0.9999986602574157	0.9999986602574157	0.9999997135393438
0.0	0.9999990497909383	0.9999990314423145	1.0	0.9999989947450668	1.0	1.0	1.0	0.6531211866798942	0.0	0.557617744202971	0.9999988663046998	0.999998847956076	0.9999988296074521	0.9999988112588283	0.9999987929102044	1.0	0.9999987562129568	0.9999987378643328	0.999998719515709	0.9999987011670851	0.9999986828184613	0.9999986644698374
0.0	0.9999986345471538	0.9999986343772591	1.0	0.9999986340374698	1.0	1.0	1.0	0.8455176665811092	0.0	0.6868569669940874	0.9999986328482071	0.9999986326783125	0.9999986325084178	0.9999986323385232	0.9999986321686285	0.9999997122511477	0.9999986318288392	0.9999986316589445	0.9999986314890499	0.9999986313191552	0.9999986311492605	0.9999986309793658
0.0	0.999999028307001	0.9999990097853069	1.0	0.9999989727419186	1.0	1.0	1.0	1.0	0.0	0.8080277155243567	0.9999988430900598	0.9999988245683658	0.9999988060466716	0.9999987875249774	0.9999987690032833	0.9999997086018694	0.9999987319598952	0.999998713438201	0.999998694916507	0.9999986763948127	0.9999986578731186	0.9999986393514245
0.0	0.9999986238297376	0.9999986234835071	1.0	0.9999986227910463	1.0	1.0	1.0	1.0	0.0	0.9081448740517323	0.9999986203674336	0.999998620021203	0.9999986196749726	0.9999986193287421	0.9999986189825119	0.9999997067563536	0.9999986182900509	0.9999986179438206	0.9999986175975902	0.9999986172513599	0.9999986169051294	0.9999986165588989
0.0	0.9999990247459464	0.9999990060445578	1.0	0.9999989686417805	1.0	1.0	1.0	1.0	0.0	0.9737745895736802	0.9999988377320601	0.9999988190306714	0.9999988003292827	0.999998781627894	0.9999987629265054	0.9999996407317493	0.9999987255237283	0.9999987068223396	0.9999986881209509	0.9999986694195623	0.9999986507181737	0.9999986320167851
0.0	0.9999985674515331	0.9999985693930362	1.0	0.9999985732760424	1.0	1.0	1.0	1.0	0.0	0.9999984839510077	0.9999985868665635	0.9999985888080666	0.9999985907495695	0.9999985926910724	0.9999985946325756	0.9999987250144456	0.9999985985155818	0.9999986004570849	0.9999986023985877	0.9999986043400909	0.999998606281594	0.9999986082230968
0.0	0.9999986458661	0.9999986442433063	1.0	0.9999986409977191	1.0	1.0	1.0	1.0	0.0	0.9999985991394701	0.9999986296381637	0.99999862801537	0.9999986263925764	0.9999986247697827	0.9999986231469892	0.9999986215241955	0.9999986199014019	0.9999986182786083	0.9999986166558146	0.999998615033021	0.9999986134102273	0.9999986117874338
0.0	0.999998612807209	0.9999986126870903	1.0	0.9999986124468534	1.0	1.0	1.0	1.0	0.0	0.9999986071402003	0.999998611606024	0.9999986114859056	0.999998611365787	0.9999986112456685	0.99999861112555	0.9999986110054316	0.9999986108853132	0.9999986107651945	0.9999986106450761	0.9999986105249575	0.9999986104048392	0.9999986102847206
0.0	0.9999986101646523	0.9999986101646523	1.0	0.9999986101646523	1.0	1.0	1.0	1.0	0.0	0.9999986101646523	0.9999986101646523	0.9999986101646523	0.9999986101646523	0.9999986101646523	0.9999986101646523	0.9999986101646523	0.9999986101646523	0.9999986101646523	0.9999986101646523	0.9999986101646523	0.9999986101646523	0.9999986101646523
