65.26599317606352
32.999999999998565
14.878293209390671
32.999999999998565
14.878293209390671
32.999999999998565
14.878293209390671
32.999999999998565
14.878293209390671
32.999999999998565
14.878293209390671
32.999999999998565
14.878293209390671
32.999999999998565
14.878293209390671
32.999999999998565
14.878293209390671
32.999999999998565
14.878293209390671
32.999999999998565
14.878293209390671
32.999999999998565
14.878293209390671
32.999999999998565
14.878293209390671
32.999999999998565
14.878293209390671
32.999999999998565
14.878293209390671
32.999999999998565
14.878293209390671
32.999999999998565
14.878293209390671
32.999999999998565
14.878293209390671
32.999999999998565
14.878293209390671
32.999999999998565
14.878293209390671
32.999999999998565
14.878293209390671
32.999999999998565
14.878293209390671
32.999999999998565
14.878293209390671
32.999999999998565
14.878293209390671
32.999999999998565
14.878293209390671
32.999999999998565
14.878293209390671
32.999999999998565
14.878293209390671
32.999999999998565
14.878293209390671
32.999999999998565
14.878293209390671
32.999999999998565
14.878293209390671
32.999999999998565
14.878293209390671
32.999999999998565
14.878293209390671
32.999999999998565
14.878293209390671
32.999999999998565
14.878293209390671
32.999999999998565
14.878293209390671
32.999999999998565
14.878293209390671
32.999999999998565
14.878293209390671
32.999999999998565
14.878293209390671
32.999999999998565
14.878293209390671
32.999999999998565
14.878293209390671
32.999999999998565
14.878293209390671
32.999999999998565
14.878293209390671
32.999999999998565
14.878293209390671
32.999999999998565
14.878293209390671
32.999999999998565
14.878293209390671
32.999999999998565
14.878293209390671
32.999999999998565
14.878293209390671
32.999999999998565
14.878293209390671
32.999999999998565
14.878293209390671
32.999999999998565
14.878293209390671
32.999999999998565
14.878293209390671
