2.9969999999999387e-13
2.9969999999999387e-13
1.0000000000002904
2.9969999999999387e-13
1.0000000000002904
2.9969999999999387e-13
1.0000000000002904
2.9969999999999387e-13
1.0000000000002904
2.9969999999999387e-13
1.0000000000002904
2.9969999999999387e-13
1.0000000000002904
2.9969999999999387e-13
1.0000000000002904
2.9969999999999387e-13
1.0000000000002904
2.9969999999999387e-13
1.0000000000002904
2.9969999999999387e-13
1.0000000000002904
2.9969999999999387e-13
1.0000000000002904
2.9969999999999387e-13
1.0000000000002904
2.9969999999999387e-13
1.0000000000002904
2.9969999999999387e-13
1.0000000000002904
2.9969999999999387e-13
1.0000000000002904
2.9969999999999387e-13
1.0000000000002904
2.9969999999999387e-13
1.0000000000002904
2.9969999999999387e-13
1.0000000000002904
2.9969999999999387e-13
1.0000000000002904
2.9969999999999387e-13
1.0000000000002904
2.9969999999999387e-13
1.0000000000002904
2.9969999999999387e-13
1.0000000000002904
2.9969999999999387e-13
1.0000000000002904
2.9969999999999387e-13
1.0000000000002904
2.9969999999999387e-13
1.0000000000002904
2.9969999999999387e-13
1.0000000000002904
2.9969999999999387e-13
1.0000000000002904
2.9969999999999387e-13
1.0000000000002904
2.9969999999999387e-13
1.0000000000002904
2.9969999999999387e-13
1.0000000000002904
2.9969999999999387e-13
1.0000000000002904
2.9969999999999387e-13
1.0000000000002904
2.9969999999999387e-13
1.0000000000002904
2.9969999999999387e-13
1.0000000000002904
2.9969999999999387e-13
1.0000000000002904
2.9969999999999387e-13
1.0000000000002904
2.9969999999999387e-13
1.0000000000002904
2.9969999999999387e-13
1.0000000000002904
2.9969999999999387e-13
1.0000000000002904
2.9969999999999387e-13
1.0000000000002904
2.9969999999999387e-13
1.0000000000002904
2.9969999999999387e-13
1.0000000000002904
2.9969999999999387e-13
1.0000000000002904
2.9969999999999387e-13
1.0000000000002904
2.9969999999999387e-13
1.0000000000002904
2.9969999999999387e-13
1.0000000000002904
2.9969999999999387e-13
1.0000000000002904
2.9969999999999387e-13
1.0000000000002904
2.9969999999999387e-13
1.0000000000002904
2.9969999999999387e-13
1.0000000000002904
