0.045454545454545456
0.04166666666666667
0.038461538461538464
0.03571428571428572
0.03333333333333333
0.03125
0.029411764705882356
0.02777777777777778
0.026315789473684213
0.025
0.023809523809523808
0.022727272727272728
0.02173913043478261
0.020833333333333336
0.02
0.019230769230769232
0.018518518518518517
0.01785714285714286
0.017241379310344827
0.016666666666666666
0.016129032258064516
0.015625
0.015151515151515154
0.014705882352941178
0.014285714285714287
0.01388888888888889
0.013513513513513514
0.013157894736842106
0.012820512820512822
0.0125
0.012195121951219514
0.011904761904761904
0.011627906976744188
0.011363636363636364
0.011111111111111112
0.010869565217391306
0.010638297872340425
0.010416666666666668
0.01020408163265306
0.01
0.009803921568627453
0.009615384615384616
0.009433962264150945
0.009259259259259259
0.009090909090909092
0.00892857142857143
0.008771929824561403
0.008620689655172414
0.00847457627118644
0.008333333333333333
0.00819672131147541
0.008064516129032258
0.007936507936507938
0.0078125
0.007692307692307693
0.007575757575757577
0.007462686567164179
0.007352941176470589
0.007246376811594203
0.0071428571428571435
0.007042253521126762
0.006944444444444445
0.006849315068493151
0.006756756756756757
0.006666666666666667
0.006578947368421053
0.006493506493506494
0.006410256410256411
0.006329113924050633
0.00625
0.00617283950617284
0.006097560975609757
0.006024096385542168
0.005952380952380952
0.0058823529411764705
0.005813953488372094
0.00574712643678161
0.005681818181818182
0.0056179775280898875
0.005555555555555556
0.005494505494505495
0.005434782608695653
0.005376344086021505
0.005319148936170213
0.005263157894736842
0.005208333333333334
0.005154639175257733
0.00510204081632653
0.005050505050505051
0.005
0.0049504950495049506
0.004901960784313726
0.0048543689320388345
0.004807692307692308
0.004761904761904762
0.004716981132075472
0.004672897196261683
0.004629629629629629
0.0045871559633027525
0.004545454545454546
