39.822620967971446
33.48028665593476
30.629486456338835
27.854035623349095
25.3609789044922
24.270862497329414
23.291803302432474
22.38195392543533
21.52918097399511
20.72383717212358
19.960118420569874
19.232757814023838
18.536554031355337
17.86838359331052
17.224745532894715
16.601748141290642
15.999746152040805
15.414788062486954
14.845535035887798
14.291046529450352
13.75001276004118
13.2228562511279
12.707127414841079
12.20377250637802
11.710391507460438
11.227602169020221
10.755129151361917
10.291665702511159
9.837270774949896
9.39145373126651
8.953989593808064
8.525275470419578
8.103874352502157
7.689253495254946
7.283069922690264
6.882845519935712
6.490023005058466
6.102949486183573
5.722810012651857
5.348596559065694
4.979912678289971
4.616692496379234
4.259563023578149
3.907862786294528
3.5612214418316666
3.2194935690749955
2.882581303610895
2.550298295553391
2.2224678215182965
1.8996546021525889
1.5811690017131552
1.2667813833762915
0.9562525357696481
0.6517605539160831
0.38025010204390364
0.20653472299548176
0.12509580412867818
0.08667539751995479
0.06580502517778695
0.05297496196860553
0.04438423234616398
0.03827590421660292
0.033788209640416116
0.030287491261151305
0.02748622107028692
0.02525517001279048
0.023418052864931226
0.021862981243874306
0.020529845270375435
0.01937440173983169
0.018363712036384216
0.017489591454151823
0.016724935870149962
0.016038893075139976
0.015420047235520639
0.014858896408925012
0.014347773253087096
0.01388020010768317
0.013450733136138157
0.013055017277994152
0.01268920018307466
0.01234994574433108
0.012040489640338124
0.011755797540118304
0.011488980013027653
0.0112383537594325
0.011002440345073746
0.010779960459068273
0.01056978026387954
0.01037083799163374
0.010182233472545984
0.010003163238250816
0.009832914763845756
0.00967086389386875
0.009516376736844082
0.009368907504635164
0.009227962125187221
0.009093092329949115
0.00896389030730154
0.00883998409397059
0.008721033889786789
