19.220959374565112
14.275494544971481
7.51766013532176
5.965673702331271
5.2824956268626115
5.126520941783976
5.033864555713862
4.963531658825166
4.915813355374921
4.877018466035711
4.8472602237929685
4.825784717111856
4.809837280961257
4.797254341403577
4.788207768068166
4.785747566047651
4.778699846104591
4.777108524073305
4.776447435652656
4.7761010957923595
4.776119312489191
4.776046182611945
4.779890425416014
4.778693162768367
4.782228677994701
4.7807574019779935
4.783542088808004
4.7864239871663665
4.7893067369368705
4.790386184831799
4.791864815384477
4.79194352299842
4.791868233942602
4.792682020350661
4.797221000282315
4.796316435702621
4.798148672776164
4.799449389570472
4.801865996175621
4.800991423523574
4.80479986404303
4.8062679705334395
4.805288312495682
4.806071204735794
4.80773337820747
4.809602268411703
4.811214857354589
4.812330563585757
4.812993413048494
4.813493179236847
4.814323372813541
4.816113652111265
4.819554700625533
4.805940921503638
4.700725788307605
4.469844034171607
4.214220754445653
3.9953856199852162
3.812599987254472
3.657715097702102
3.5149084299455877
3.391886954577998
3.2832981821436737
3.17761689030444
3.084606240728933
2.995965841281601
2.9136210750419167
2.835882601886225
2.760804491265799
2.6913063438441713
2.6194650059595137
2.551679858190989
2.486134997654354
2.4203503993205953
2.354628159784286
2.290671831905786
2.2298242356907307
2.1706175857845804
2.113898497167973
2.0589760503485
2.0077057671358296
1.9576551326464666
1.9118935680088385
1.869181377139336
1.8277434220193178
1.788869356537387
1.752342204010342
1.7165109068572986
1.6823033237024176
1.6499924042657086
1.6192348003385164
1.590130829226383
1.5610268239823564
1.5332671999579743
1.5068660068114155
1.4817254167676985
1.4577565562996828
1.4348775573192425
1.413017585548565
1.3914787771610826
