1.0470000000000036e-13
0.45469493477715783
1.1358093518449253
1.4005395177897197
1.6155704897629417
1.615521180740099
1.6154853711039774
1.6154565689970513
1.6154323004362365
1.61541126807013
1.6153926934771998
1.6153760588934292
1.615361009946477
1.6153472560920823
1.6153346153702157
1.6153229095794361
1.6153120274115063
1.615301861443903
1.6152923223636173
1.6152833469776917
1.6152748806949335
1.6152668616740744
1.6152592484826704
1.6152520070045757
1.6152451070345122
1.6152385217187901
1.6152322210467127
1.6152261806544965
1.6152203823968532
1.6152148098700094
1.6152094482017159
1.6152042838713934
1.615199304555511
1.6151944989940774
1.6151898529333937
1.6151853560934408
1.615181000244463
1.6151767777878727
1.6151726816946959
1.6151687054510881
1.615164843009783
1.6151610887465808
1.615157437421053
1.615153884140215
1.615150424324427
1.6151470536740415
1.6151437670931426
1.6151405594227666
1.6151374271559562
1.6151343668777167
1.6151313751890894
1.6151284485985165
1.615125583361559
1.6151227752393658
1.6151200195622686
1.6151173148788398
1.6151146650261374
1.6151120713262588
1.61510953183799
1.615107044180558
1.6151046066355277
1.615102216759285
1.6150998726972348
1.6150975727847618
1.615095315463341
1.6150930992686874
1.6150909228195391
1.6150887840042178
1.6150866814516671
1.6150846140388495
1.6150825806983415
1.6150805804222799
1.6150786122343126
1.615076675196415
1.6150747684208575
1.615072891055548
1.615071042285009
1.6150692213262485
1.6150674274264025
1.6150656598678246
1.615063917957645
1.6150622010272102
1.6150605084331042
1.6150588395531327
1.6150571937877136
1.615055570562436
1.615053969323447
1.615052389536411
1.615050830686506
1.6150492922752495
1.6150477738217455
1.615046274861988
1.6150447949470799
1.6150433336454397
1.6150418905361295
1.6150404652124908
1.6150390572809066
1.6150376663602541
1.6150362920813917
1.6150349340866565
1.6150335920294085
