0.5645765205033461	0.8492106664120763	0.9875918034453072	0.005344839155305764	0.0003156948740392848	0.0	0.43876132256421735	0.008992939321335233
0.6666953130188567	0.8329913645748797	0.997339366066623	0.0026609088182526896	0.0003758256633733038	0.0	0.7064012754994718	0.14696345505547345
0.7652789310783101	0.8308547660606689	0.6848459786244442	0.00823193114479802	0.0004473730929979393	0.0	0.7197297332001295	0.1433632762006058
0.8570870090553182	0.8308483976065029	0.6846329578876768	0.008231951083492306	0.0005324982693242462	0.0	0.7201054126989713	0.13224450659935014
0.9423959277236664	0.8308484388981764	0.9729041570423462	0.0027158098194157514	0.0006337688386287652	0.0	0.7210500711175385	0.12202645411235129
1.0	0.8308485892919281	0.9741272142418178	0.002699900746512908	0.0007542665322645048	0.0	0.7224699044047003	0.11267010305370359
1.0	0.8308489530780938	0.9753424150984318	0.002684226112365839	0.0008973765863232565	0.0	0.7242509704983779	0.1040089507944534
1.0	0.8308497898796339	0.9765346571426552	0.002668532895576736	0.0010664825072182972	0.0	0.726294699496491	0.09581728814146175
1.0	0.8308517468732606	0.9776916118185754	0.0026525443290342007	0.0012653795363406193	0.0	0.7888115088284585	0.14586191038926094
1.0	0.814571169499019	0.9788091885401264	0.0026359407614393393	0.0014981546001623903	0.0	0.7895737312133567	0.1399152962796028
1.0	0.4816703946035348	0.9798725184302132	0.0026183360128668306	0.0017692347893235238	0.0	0.815339631661578	0.15791237025699514
1.0	0.15089183674751916	0.9808667180780418	0.002599259105566139	0.002083453810045372	0.0	0.8135830292002864	0.1507747370461687
1.0	0.13208733460643732	0.981768679922692	0.0025781503646821963	0.0024461302488983905	0.0	0.8119814217766816	0.1428896681609178
1.0	0.12366740235884317	0.997321783325189	0.0025547309779461996	0.002863152698132732	0.0	0.8105660752652079	0.13424723207744263
1.0	0.11943328500563677	0.9973207338672242	0.002536315079704525	0.0033410685337447394	0.0	0.8093680277361098	0.12482107907258971
1.0	0.11798483035670494	0.9973189557595906	0.002515961840170324	0.00388717474384222	0.0	0.8084170901924187	0.11456532723609993
1.0	0.1177816771005695	0.9973165378825627	0.002493245084952341	0.004509610309486198	0.0	0.8077407887839	0.10341063550228637
1.0	0.11783943248342998	0.9973135726606682	0.0024676880400974796	0.005217450145822796	0.0	0.8073633127199591	0.09125941907074822
1.0	0.11790251839946389	0.9973101513703739	0.002438761719148191	0.006020800569886117	0.0	0.8073045248389129	0.07798021546024972
1.0	0.11796992005113249	0.9973064425343399	0.0024059926305722637	0.006930895775038543	0.0	0.8075790827043997	0.06340124667478457
1.0	0.1180404311226864	0.997302572375533	0.0023688341046889817	0.007960193951317427	0.0	0.8081957109711289	0.04730324095469632
1.0	0.1181127448679561	0.9972986724899368	0.0023267173661335105	0.009122470549705556	0.0	0.8091566567109562	0.029411579695458195
1.0	0.11818568625492988	0.9972948621686927	0.0022790303929939347	0.010432904761459067	0.0	0.810431450069318	0.01488112522062531
1.0	0.11825854101636896	0.9972912557995399	0.002225122528647638	0.011908153557495912	0.0	0.8119548266588723	0.009654087254344785
1.0	0.11833135098116207	0.9972879659782854	0.002164304443776722	0.013566405580421097	0.0	0.8136905478974993	0.009654900945617538
1.0	0.11840495116755617	0.9972851050761132	0.0020958458949802967	0.015427404779455646	0.0	0.8156053433409333	0.009655867102808746
1.0	0.11848098858586602	0.997282787161378	0.0020189734351290763	0.017512430924803965	0.0	0.8176625112280063	0.009657014727582637
1.0	0.11856193489209313	0.9972811302043285	0.0019328682140797953	0.019844221075070317	0.0	0.24032453971978346	0.016686456850134465
1.0	0.11865109905219841	0.9972802585310434	0.0018366640098715762	0.022446812807870416	0.0	0.240322888249282	0.016688101910989562
1.0	0.11875264312201617	0.9972803055103246	0.0017294456100177082	0.025345286778358924	0.0	0.24031913807925837	0.016691835513682765
1.0	0.11887160223312468	0.9921940659178929	0.0030213416302246423	0.028565383281540912	0.0	0.2403095825964543	0.016701349060753906
1.0	0.11901390829815456	0.9848767675781088	0.009794861600798413	0.032132965495543196	0.0	0.2402933050949697	0.016717551501707596
1.0	0.11918641588516732	0.9775093759150992	0.016568372425296372	0.036073301703698574	0.0	0.2402665541249986	0.016744174470236774
1.0	0.11939692689287738	0.9703787475800524	0.02305369321950561	0.040409694560721784	0.0	0.24022314500371278	0.01678705839409533
1.0	0.11965421092483813	0.9637032451321164	0.029031444345372807	0.045155723654803435	0.0	0.2401529460792784	0.01685620075931333
1.0	0.11996801735589771	0.9576270068241831	0.03435673523308022	0.050317930944490157	0.0	0.240039400473028	0.016967770564477888
1.0	0.12034911612716456	0.9522254292488598	0.03895364535184962	0.0558969572334319	0.0	0.23985754207134122	0.017146065272400028
1.0	0.12080969437616146	0.9475173685869017	0.04280298692018665	0.06188699052438904	0.0	0.239590919827391	0.01740633893930598
1.0	0.12136292112876414	0.943479924210678	0.04592750181349308	0.06827498843681118	0.0	0.23920607170127023	0.017779889741308615
1.0	0.12202310003239376	0.940062792861131	0.04838306454544661	0.07503996117371523	0.0	0.23865671879831546	0.018311544826473684
1.0	0.12280570508998662	0.9372004306135455	0.05023572005372814	0.08215278642752918	0.0	0.23787721972562184	0.01906387704893724
1.0	0.12372752757760966	0.9348194333421171	0.05155363949761388	0.08957596331710528	0.0	0.23677963543393896	0.020120194418807157
1.0	0.12480651761756686	0.9328420213716014	0.05239779980207435	0.09726378002820014	0.0	0.2352486195274997	0.021589000572177847
1.0	0.12606179500318968	0.9312109014929157	0.05284093318055738	0.1051615778120598	0.0	0.23313243926206947	0.023614256165584605
1.0	0.12751362607111869	0.9298655287797981	0.05293802047318206	0.11321012779443967	0.0	0.23021730941120883	0.026398089724665633
1.0	0.12918344324000797	0.9287564822408293	0.052739064871488835	0.12134624766460671	0.0	0.9697823231351468	0.030217676864853323
1.0	0.1310938643373421	0.9278391853372393	0.052282325667582764	0.12950136344338345	0.0	0.9645492280885394	0.035450771911460184
1.0	0.13326873579157336	0.9275914887039801	0.05210157247801705	0.13760264081124907	0.0	0.9596250202924934	0.04037497970750685
1.0	0.1357332033055176	0.9291426843974158	0.05340897503734438	0.145577462087498	0.0	0.9543636697265565	0.045636330273443694
1.0	0.1385138101555875	0.9285772042015233	0.05255538014808627	0.15343053332671386	0.0	0.9488101486405678	0.051189851359432305
1.0	0.14163868901809804	0.9280958979393917	0.05151604659619292	0.16122128899154328	0.0	0.9429906921261242	0.05700930787387521
1.0	0.14513788793731802	0.9276880741939638	0.05029510097891027	0.16901370519708933	0.0	0.9369427229262565	0.06305727707374345
1.0	0.1490438911683234	0.9273494364867303	0.048889881926295606	0.17687866244067682	0.0	0.93069087170927	0.0693091282907299
1.0	0.15339240450511427	0.927083472263935	0.047289529023824654	0.18489121904536263	0.0	0.9242458130974103	0.07575418690258943
1.0	0.15822346926965383	0.9269040099539816	0.045472402525660274	0.19313853968581993	0.0	0.9176028356839849	0.0823971643160159
1.0	0.16358312603171976	0.9268396444255366	0.04340163347921172	0.20171503938321145	0.0	0.9107738612011419	0.08922613879885817
1.0	0.1695256178282844	0.9269408787981037	0.04101795625766108	0.21072274098349825	0.0	0.9037768304447379	0.09622316955526246
1.0	0.17611066297823263	0.9272914035599609	0.038228402492318174	0.22027447865147545	0.0	0.8966272525583816	0.10337274744161823
1.0	0.18340696803776657	0.9280254701147017	0.034888899228606905	0.23049512745097503	0.0	0.8893387985974951	0.11066120140250461
1.0	0.19149494167487913	0.9293541523498541	0.030777977655459646	0.24153572371874155	0.0	0.8819240882177495	0.11807591178225059
1.0	0.20046943700100123	0.9316043913326042	0.025557697244587885	0.25350516311116617	0.0	0.8743955419260229	0.12560445807397702
1.0	0.21044285393101983	0.9352757804882585	0.01871682788364311	0.26648315534256245	0.0	0.866766375604064	0.1332336243959358
1.0	0.2215486589361426	0.9411222515493226	0.009489129653196766	0.28054851345980375	0.0	0.8590526748254134	0.14094732517458636
1.0	0.23394529259397542	0.950268467917102	0.0	0.29579435283223854	0.0	0.8512749598169962	0.14872504018300384
1.0	0.24782041827216958	0.9643747823633003	0.0	0.31232571681061544	0.0	0.843440959462743	0.15655904053725697
1.0	0.26339541621838286	0.9858718233430432	0.0	0.33025326628927937	0.0	0.8355440517138999	0.16445594828610033
1.0	0.2809300294781595	1.0	0.0	0.3683066498079325	0.0	0.8275825012887925	0.17241749871120735
1.0	0.30072897934857634	1.0	0.0	0.528207690962574	0.0	0.819559828273608	0.18044017172639232
1.0	0.3231508040578612	1.0	0.0	0.6548965741045969	0.0	0.8114846975870088	0.18851530241299116
1.0	0.3486203640549644	1.0	0.0	0.7277374847713614	0.0	0.8033750864868043	0.19662491351319575
1.0	0.3776496637501216	1.0	0.0	0.7555468419063477	0.0	0.7952615832875988	0.2047384167124015
1.0	0.4108752588569695	1.0	0.0	0.759455958028676	0.0	0.7871914459579706	0.21280855404202934
1.0	0.4491071706147417	1.0	0.0	0.7659078878065948	0.0	0.12159059910823655	0.2207669193880984
1.0	0.4934309641865902	1.0	0.0	0.7761742984734511	0.0	0.061817405516903665	0.22851697934875184
1.0	0.5550779980691412	1.0	0.0	0.792040212911426	0.0	0.7603288617244462	0.23967113827555453
1.0	0.6171256873305643	1.0	0.0	0.8162214230733001	0.0	0.671358731101888	0.2553299246746905
1.0	0.6968380296929171	1.0	0.0	0.8520211891714317	0.0	0.1147349115958546	0.26992294067613154
1.0	0.7841214373147378	1.0	0.0	0.9047546894810231	0.0	0.0	1.0
1.0	0.8793806998323538	1.0	0.0	0.9818306339359837	0.0	0.0	1.0
1.0	0.9769526608390244	1.0	0.0	0.9986155046723976	0.0	0.0	1.0
1.0	0.9902222057202769	1.0	0.0	0.9730852394347168	0.0	0.0	1.0
1.0	0.9896286783986473	1.0	0.0	0.9919287515831648	0.0	0.0	1.0
1.0	1.0	1.0	0.0	1.0	0.0	0.0	1.0
1.0	1.0	1.0	0.0	1.0	0.0	0.0	1.0
1.0	1.0	1.0	0.0	1.0	0.0	0.0	1.0
1.0	1.0	1.0	0.0	1.0	0.0	0.0	1.0
1.0	1.0	1.0	0.0	1.0	0.0	0.0	1.0
1.0	1.0	1.0	0.0	1.0	0.0	0.0	1.0
1.0	1.0	1.0	0.0	1.0	0.0	0.0	1.0
1.0	1.0	1.0	0.0	1.0	0.0	0.0	1.0
1.0	1.0	1.0	0.0	1.0	0.0	0.0	1.0
1.0	1.0	1.0	0.0	1.0	0.0	0.0	1.0
1.0	1.0	1.0	0.0	1.0	0.0	0.0	1.0
1.0	1.0	1.0	0.0	1.0	0.0	0.0	1.0
1.0	1.0	1.0	0.0	1.0	0.0	0.0	1.0
1.0	1.0	1.0	0.0	1.0	0.0	0.0	1.0
1.0	1.0	1.0	0.0	1.0	0.0	0.0	1.0
1.0	1.0	1.0	0.0	1.0	0.0	0.0	1.0
1.0	1.0	1.0	0.0	1.0	0.0	0.0	1.0
1.0	1.0	1.0	0.0	1.0	0.0	0.0	1.0
