0.0
0.10294117647058823
0.20588235294117646
0.3088235294117647
0.4117647058823529
0.5147058823529411
0.6176470588235294
0.7205882352941176
0.8235294117647058
0.9264705882352942
1.0294117647058822
1.1323529411764706
1.2352941176470589
1.338235294117647
1.4411764705882353
1.5441176470588236
1.6470588235294117
1.75
1.8529411764705883
1.9558823529411764
2.0588235294117645
2.161764705882353
2.264705882352941
2.3676470588235294
2.4705882352941178
2.573529411764706
2.676470588235294
2.7794117647058822
2.8823529411764706
2.985294117647059
3.088235294117647
3.1911764705882355
3.2941176470588234
3.3970588235294117
3.5
