16.500000003748607
15.309997018351938
13.200000003748604
9.900000191210284
6.624681967152068
3.300302789873061
5.53745238236111
2.2936786489908405
1.1010550484709234
0.2342465743288652
0.2340899233163894
0.23408992005134682
0.23408991687646374
0.23408991367122817
0.23408991037395926
0.23408990686349318
0.23408990289928902
0.2340898980099296
0.23408989129949517
0.2340898810899511
0.2340898810899511
0.23408985460154932
0.2340898227039903
0.23408984144250247
0.23409024337860163
0.2340927180423619
0.234106073414386
0.2341199771696201
0.2341352023124197
0.23414985306884334
0.2341651541647613
0.2341788919226009
0.23419369438333543
0.23420675598095622
0.23421960959007262
0.23423122918462294
0.23424327260122674
0.23425330355567223
0.23426308723297043
0.23427226990944866
3.945824300425917
0.4810426808279099
0.344180974364402
0.3343300369051065
0.32369429763322005
0.3102007899859407
0.2957631080011711
0.28966667214345343
0.2873967856885059
0.2864551959410205
0.28571251597962216
0.2850848400127742
0.28467262161270485
0.28436441299157167
0.2840734393071967
0.28372465313348927
0.28347040277285623
0.28325910081805916
0.28306651457777743
0.2829078613596837
0.28274449001201285
0.282600222082362
0.2824591322493234
0.28232696684944136
0.28219983833437595
0.28207767661903627
0.28194989833195516
0.2818348794736939
0.281719278894689
0.28159610715108435
0.2814944108113765
0.2813662336089912
0.2813002338859217
0.281163661492162
0.28103258382774365
0.2808978141878751
0.28077334192229997
0.2806438307161464
0.2808306272566389
0.28203483903429877
10.141672335306277
5.20133252055557
1.3507249001507495
0.45728962638196685
0.28548394942351296
0.28483891475243095
0.2843580330801848
0.28393989223239613
0.2836210554652051
0.2833690307370199
0.28315517338681107
0.2831428259836605
0.28317278255325057
0.2829348647064206
0.2827417570041986
0.2825766399271433
0.2824348748874117
0.282303445991493
0.2821942727621194
0.2820888970073645
0.2819933854611531
0.2818986711165127
0.2818199539344738
0.2817420029573459
0.2816705201189255
0.2816014727971994
0.281544719766444
0.281478220427989
0.2814251482532344
0.2813667578175594
0.28132052464828067
0.2812741496868603
0.28122738980746304
0.2811818783565432
0.281137671596718
0.28109553865057413
0.2810565321930608
0.28102071742186774
0.2809902150697675
0.28095255055055385
0.28092033526275995
0.28088524761039513
0.2808599422754744
0.28082652515503914
0.28077747622388616
0.2807983467250561
0.28079317848969365
0.28082538207298224
0.2807848926716472
0.2807627628624147
0.2807419102521955
0.28073140693091414
0.28071916227368554
0.28070196405914183
0.280693877166636
0.28067020483096666
0.28067482516156445
0.2806375597483523
0.28064212817350276
0.2806385264721598
0.28061561017429426
0.2805965152643045
0.2805814944821793
0.2805706326675469
0.280559536701239
0.2805321862899463
0.28051906086490164
0.2804826612152081
0.2804763955859846
0.28057464709416036
0.28057546105687337
0.28053871153306453
0.2805185900033431
0.28048890613719246
0.280470190510863
0.28043178036812966
0.2804163704681067
0.28039336504018303
0.2803656702096463
0.28033805409144874
11.507185499653335
4.621076515803103
3.2248645197914225
1.6972225613209608
1.3726778895755314
0.35580552679219535
0.2898666989528221
0.2865962204654316
0.28497552726399067
0.28323930272737824
0.28126864029203663
0.28190285122963454
0.27967859418365837
0.2787685327237152
0.2755418274942848
0.2719322672558673
0.2679329649977248
0.2645597981427196
0.2626755010835407
0.26162868767605685
0.2606330145619207
0.25954188207107864
0.25832873760784003
0.2571803584143948
0.2563055534862742
0.25588246903558537
0.2554374767247849
0.2550207008872763
0.25458739414056636
0.25415366505429715
0.25375446386835465
0.25337336728152454
0.2530000991637425
0.2526256766021772
0.25250841211175623
0.2524465907764019
0.25285567607876314
0.25602257970508824
0.2555783579933939
0.2551683877371976
0.2548556719187549
0.25455620495498926
0.25430959190419544
0.25406152335052296
0.25386807019166413
0.253652830213644
0.2534803157273906
0.25330344941034966
0.2531756253146241
0.25302865845681344
0.25292829968661584
0.25279160064662054
0.25270942958591835
0.2525062842956505
0.2522942657094332
0.25204880209905445
0.2518608221879288
0.25162297233375963
0.2514373957681897
0.2512003598011316
0.25102230045298063
0.2508100324242097
0.25058978005736604
0.250297425414729
0.250047285459429
0.24976377667118468
0.24951741851890752
0.24923015726286613
0.24899470422384548
0.24869319559382924
0.24844578047165078
0.24814344583379816
0.2478801789565102
0.24760106655241432
0.24734738725160246
0.2470743612909726
0.24682525211021353
0.2472235369051854
0.2509361267283309
0.25023654357855957
0.2496325888700334
0.2491050059202442
0.24873176698959457
0.24833301790881793
0.24796616238161226
0.2476072949031452
0.24729116867570142
0.24698425142037422
0.24669918447432132
0.24641895304776104
0.2461561592504723
0.24589572568815893
0.24565320454047274
0.24541321509912734
0.24519042996526724
0.24495195111497006
0.24474584949901698
0.24452952029895764
0.24435027496570805
0.24422070873195817
0.24410189070733593
0.24396677817511148
0.24385688716053067
0.24374847771004382
0.24366089739120794
0.24355710303906736
0.24347219476665397
0.2433767459819083
0.2432870343588766
0.2431940579090274
0.24310733807873636
0.24301722769118927
0.242927344219919
0.24283547343826148
0.2427519223307763
0.24265998930943583
0.24255738799681317
0.24263416817085096
0.2444890279371179
0.24429058314694235
0.24411388854855567
0.24393012643348658
0.24378070492344361
0.2436038296968305
0.24346606801201734
0.24329360273702788
0.2431672987621154
0.24300190069569988
0.24288641458099539
0.24274768463448937
0.2426683836414248
0.24254591888752675
0.24246360290837435
0.24235624032957487
0.24227891901724102
0.24218080283834337
0.24210796129855275
0.24200861442812238
0.24194134063857559
0.24184548914358064
0.24177882444682963
0.24169257209666295
0.24162899350352038
0.24154562070913077
0.24148720366543303
0.24140178794318132
0.2413436201325034
0.24126341830963155
0.24120601265990135
0.24112978212106073
0.2410801211395644
0.24100468183356183
0.24095434965430496
0.24088113314775905
0.24083003926114685
0.24075790909306366
0.2407117783190347
0.24064237714386658
0.24059718678372335
0.24090417324430136
0.24461130840242215
0.24426659008712223
0.24396173510808025
0.24369455652305616
0.2434455786722723
0.24322497817842467
0.243013767558525
0.24282612629179448
0.24264874675622186
0.2424806172731678
0.24232177178174225
0.24217205333949332
0.24201929627814175
0.24187747317687386
0.24174000413626037
0.24159888138536323
0.24147270581414965
0.2413557283231746
0.24123709215070985
0.24113283431720117
0.24101953676934784
0.24091209598971844
0.2408045353311253
0.24071242167508267
0.24061294339601697
0.24052116935464724
0.24043546478970984
0.24034821048165006
0.2402583658380588
0.24018350478639797
0.2401080927115425
0.24003763742930345
0.2399632802112796
0.2398949736992595
0.23982252600173062
0.2397633270041894
0.23971270130950895
0.23965685092349276
0.23961219269645206
0.23955373773810057
0.23950979760327482
0.2394726297188122
0.2394414925966183
0.23940088581992244
0.2393750779823361
0.23933274397700124
0.2393059678891632
0.23926555565394664
0.23923865694614027
0.2392005827478147
0.23917165416399466
0.23913624810694448
0.23910628658793667
0.23907560322290422
0.23904278592197603
0.23900911483074455
0.2389807883007377
0.23894682742411139
0.2389200514579445
0.23889188062517044
0.2388637322739318
0.23883482814712625
0.23880468806450048
0.23876935389256296
0.23874266372737474
0.23870968237279766
0.23868502637261513
0.2386530938599592
0.23863257499918894
0.23860257934317416
0.23858070120247526
0.23855104358412396
0.2385266633787685
0.2384950333217795
0.23847233684993116
0.23844354207576923
0.23842046727597738
0.23839373055848861
0.2383678505405682
0.23833776592652028
0.23831391665567073
0.23828660375562533
0.2382660902230299
0.23824107944292378
0.2382167128770945
0.23818898479295603
0.2381693138972537
0.23814339782760613
0.23812321364379055
0.23810013852800363
0.23807536309529415
0.23804841864788123
0.238028064980223
0.23800825974901346
0.2379910914397042
0.23798391777206412
0.23796474929912093
0.23794040166311484
0.2379268114298557
0.2379145289894426
0.23789106617273564
0.23786285845714536
0.23784097791708533
0.23782861583404602
0.23780499828976126
0.23777390556260208
0.23775448897604
0.23774285194198236
0.23771860610563253
0.2376885415289347
0.23767103630674363
0.23765919595132673
0.23763566200329128
0.23760895209371397
0.2375927993433658
0.2375874311645929
0.23757381680481987
0.23754616691258168
0.2375410794976765
0.23753198787950883
0.2375232868723402
0.23749724284774681
0.23749403834252347
0.23748389231972974
0.23747575858416242
0.2374516013150176
0.23744737985700218
0.23743900262055884
0.23743266497245244
0.2374071953298068
0.23740325137309515
0.2373973238555256
0.23739290571450322
0.2373882854861889
0.23738255381953627
0.2373556731787962
0.23735061443491173
0.23734770188913598
0.23734641856224908
0.23733809009488477
0.23733329971487044
0.2374218507816347
0.2393350201334179
0.23927392138891418
0.23921813706596878
0.23916517489143352
0.23911102752391286
0.23904675867672087
0.23900051024682056
0.23895497635918983
0.23891199364418403
0.2388695305433364
0.23882914981499093
0.23878698954286565
0.23874503191653107
0.2386918019738281
0.23865574887309077
0.2386199736251483
0.23858727861844886
0.2385541090733157
0.23852026672374466
0.238473991801556
0.23844574661795553
0.23841406777819307
0.23838754177248853
0.2383619585571481
0.23833247476352046
0.23829181435013982
0.23826793580120992
0.23824268850882838
0.23821918730039288
0.2381962102415695
0.2381693380467771
0.23812977035903787
0.23811048827263512
0.23808839869953335
0.2380704997017638
0.23804900122421702
0.23803002561651623
0.2380086421836453
0.2379882635978437
