0.9900990099009901
0.9803921568627451
0.970873786407767
0.9615384615384615
0.9523809523809523
0.9433962264150942
0.9345794392523364
0.9259259259259258
0.9174311926605504
0.9009009009009008
0.8928571428571428
0.8849557522123894
0.8771929824561403
0.8695652173913044
0.8620689655172414
0.8547008547008548
0.8474576271186441
0.8403361344537815
0.8264462809917356
0.819672131147541
0.8130081300813008
0.8064516129032259
0.8
0.7936507936507936
0.7874015748031495
0.78125
0.7751937984496123
0.7692307692307692
0.7633587786259541
0.7575757575757576
0.7518796992481203
0.7462686567164178
0.7407407407407407
0.7352941176470589
0.7299270072992701
0.7246376811594204
0.7194244604316546
0.7092198581560283
0.7042253521126761
0.6993006993006994
0.6944444444444444
0.6896551724137931
0.684931506849315
0.6802721088435374
0.6756756756756757
0.6711409395973155
0.6666666666666666
0.6622516556291391
0.6578947368421053
0.6535947712418301
0.6493506493506493
0.6451612903225806
0.641025641025641
0.6369426751592356
0.6329113924050632
0.628930817610063
0.625
0.6211180124223603
0.6172839506172839
0.6134969325153374
0.6097560975609756
0.6060606060606061
0.6024096385542168
0.5988023952095809
0.5952380952380952
0.591715976331361
0.588235294117647
0.5847953216374269
0.5813953488372093
0.5780346820809249
0.5747126436781609
0.5714285714285714
0.5681818181818182
0.5649717514124294
0.5617977528089888
0.5586592178770949
0.5524861878453039
0.5494505494505494
0.5464480874316939
0.5434782608695653
0.5405405405405405
0.5376344086021506
0.53475935828877
0.5319148936170213
0.5291005291005291
0.5263157894736842
0.5235602094240838
0.5208333333333334
0.5181347150259067
0.5154639175257733
0.5128205128205128
0.5102040816326531
0.5076142131979695
0.5050505050505051
0.5025125628140703
0.5
0.49751243781094534
0.49504950495049505
0.4926108374384236
0.49019607843137253
0.48780487804878053
0.4854368932038835
0.48309178743961345
0.4807692307692307
0.47846889952153115
0.47619047619047616
0.4739336492890995
0.4716981132075471
0.4694835680751174
0.4672897196261682
0.4651162790697674
0.4629629629629629
0.4608294930875576
0.4587155963302753
0.4566210045662101
0.45454545454545453
0.45248868778280543
0.4504504504504505
0.4484304932735426
0.4464285714285714
0.4444444444444444
0.4424778761061947
0.44052863436123346
0.43859649122807015
0.4366812227074236
0.4347826086956522
0.4329004329004329
0.43103448275862066
0.4291845493562232
0.4273504273504274
0.425531914893617
0.42372881355932196
0.42194092827004215
0.42016806722689076
0.41841004184100417
0.41666666666666663
0.41493775933609955
0.4132231404958678
0.41152263374485604
0.4098360655737705
0.4081632653061224
0.4065040650406504
0.40485829959514175
0.40322580645161293
0.4016064257028112
0.4
0.39840637450199207
0.3968253968253968
0.39525691699604737
0.39370078740157477
0.3921568627450981
0.390625
0.3891050583657587
0.38759689922480617
0.3861003861003861
0.38314176245210724
0.38167938931297707
0.3802281368821293
0.3787878787878788
0.3773584905660377
0.37593984962406013
0.37453183520599254
0.373134328358209
0.3717472118959108
0.37037037037037035
0.36900369003690037
0.36764705882352944
0.3663003663003663
0.36496350364963503
0.36363636363636365
0.3623188405797102
0.36101083032490977
0.3597122302158273
0.35842293906810035
0.35714285714285715
0.35587188612099646
0.35460992907801414
0.35335689045936397
0.35211267605633806
0.3508771929824561
0.34965034965034963
0.3484320557491289
0.3472222222222222
0.3460207612456747
0.3448275862068965
0.3436426116838488
0.3424657534246575
0.3412969283276451
0.3401360544217687
0.3389830508474576
0.33783783783783783
0.3367003367003367
0.33557046979865773
0.33444816053511706
0.3333333333333333
0.3322259136212624
0.33112582781456956
0.33003300330033003
0.32894736842105265
0.3278688524590164
0.32679738562091504
0.32573289902280134
0.3246753246753247
0.3236245954692557
0.3225806451612903
0.3215434083601286
0.3205128205128205
0.3194888178913738
0.3184713375796178
0.31746031746031744
0.3164556962025316
0.31545741324921134
0.31446540880503143
0.31347962382445144
0.3125
0.3115264797507788
0.3105590062111801
0.30959752321981426
0.30864197530864196
0.3076923076923077
0.3067484662576687
0.3058103975535168
0.3048780487804878
0.303951367781155
0.303030303030303
0.3021148036253776
0.30120481927710846
0.3003003003003003
0.29940119760479045
0.29850746268656714
0.2976190476190476
0.29673590504451036
0.2958579881656805
0.2949852507374631
0.29411764705882354
0.29325513196480935
0.29239766081871343
0.29154518950437314
0.29069767441860467
0.2898550724637681
0.28901734104046245
0.2881844380403458
0.28735632183908044
0.28653295128939826
0.2857142857142857
0.2849002849002849
0.2840909090909091
0.28328611898017
0.2824858757062147
0.2816901408450704
0.2808988764044944
0.2801120448179272
0.27932960893854747
0.2785515320334262
0.2777777777777778
0.2770083102493075
0.27624309392265195
0.27548209366391185
0.2747252747252747
0.273972602739726
0.27322404371584696
0.2724795640326976
0.2717391304347826
0.2710027100271003
0.27027027027027023
0.2695417789757412
0.26881720430107525
0.2680965147453083
0.267379679144385
0.26666666666666666
0.26595744680851063
0.26525198938992045
0.26455026455026454
0.2638522427440633
0.2631578947368421
0.26246719160104987
0.2617801047120419
0.2610966057441253
0.2604166666666667
0.2597402597402597
0.2590673575129534
0.25839793281653745
0.2577319587628866
0.2570694087403599
0.25641025641025644
0.2557544757033248
0.25510204081632654
0.2544529262086514
0.25380710659898476
0.2531645569620253
0.25252525252525254
0.2518891687657431
0.25125628140703515
0.2506265664160401
0.25
0.24937655860349128
0.24875621890547267
0.24813895781637715
0.24752475247524752
0.24691358024691354
0.2463054187192118
0.24570024570024568
0.24509803921568626
0.24449877750611249
0.24390243902439027
0.24330900243309006
0.24271844660194175
0.24213075060532688
0.24154589371980673
0.24096385542168672
0.24038461538461536
0.23980815347721823
0.23923444976076558
0.23866348448687355
0.23809523809523808
0.23752969121140144
0.23696682464454974
0.23640661938534277
0.23584905660377356
0.23529411764705882
0.2347417840375587
0.234192037470726
0.2336448598130841
0.2331002331002331
0.2325581395348837
0.23201856148491876
0.23148148148148145
0.23094688221709006
0.2304147465437788
0.2298850574712644
0.22935779816513766
0.22883295194508008
0.22831050228310504
0.2277904328018223
0.22727272727272727
0.22675736961451246
0.22624434389140272
0.22573363431151244
0.22522522522522526
0.2247191011235955
0.2242152466367713
0.22371364653243844
0.2232142857142857
0.22271714922048996
0.2222222222222222
0.22172949002217296
0.22123893805309736
0.22075055187637968
0.22026431718061673
0.21978021978021975
0.21929824561403508
0.2188183807439825
0.2183406113537118
0.2178649237472767
0.2173913043478261
0.2169197396963124
0.21645021645021645
0.2159827213822894
0.21551724137931033
0.2150537634408602
0.2145922746781116
0.21413276231263384
0.2136752136752137
0.21321961620469085
0.2127659574468085
0.21231422505307856
0.21186440677966098
0.2114164904862579
0.21097046413502107
0.21052631578947367
0.21008403361344538
0.20964360587002098
0.20920502092050208
0.20876826722338204
0.20833333333333331
0.20790020790020788
0.20746887966804978
0.20703933747412007
0.2066115702479339
0.2061855670103093
0.20576131687242802
0.2053388090349076
0.20491803278688525
0.20449897750511245
0.2040816326530612
0.20366598778004072
0.2032520325203252
0.20283975659229211
0.20242914979757087
0.20202020202020202
0.20161290322580647
0.20120724346076457
0.2008032128514056
0.2004008016032064
0.2
0.1996007984031936
0.199203187250996
0.19880715705765406
0.1984126984126984
0.19801980198019803
0.19762845849802368
0.1972386587771203
0.19685039370078738
0.19646365422396858
0.19607843137254904
0.19569471624266144
0.1953125
0.19493177387914232
0.19455252918287938
0.1941747572815534
0.19379844961240308
0.19342359767891684
0.19305019305019305
0.19267822736030826
0.1923076923076923
0.19193857965451055
0.19157088122605365
0.19120458891013384
0.19083969465648853
0.19047619047619047
0.19011406844106465
0.18975332068311193
0.1893939393939394
0.1890359168241966
0.18867924528301888
0.18832391713747645
0.18796992481203006
0.18761726078799248
0.18726591760299627
0.18691588785046728
0.18656716417910446
0.186219739292365
0.1858736059479554
0.1855287569573284
0.18518518518518517
0.18484288354898337
0.18450184501845018
0.1841620626151013
0.1838235294117647
0.18348623853211007
0.18315018315018314
0.18281535648994515
0.18248175182481752
0.18214936247723132
0.18181818181818182
0.18148820326678766
0.18115942028985504
0.18083182640144665
0.18050541516245489
0.1801801801801802
0.17985611510791366
0.17953321364452424
0.17921146953405018
0.17889087656529518
0.17857142857142855
0.17825311942959002
0.17793594306049823
0.17761989342806395
0.1773049645390071
0.17699115044247787
0.17667844522968199
0.1763668430335097
0.17605633802816903
0.17574692442882248
0.17543859649122806
0.17513134851138354
0.17482517482517484
0.17452006980802792
0.17421602787456444
0.17391304347826086
0.1736111111111111
0.17331022530329288
0.17301038062283736
0.17271157167530224
0.1724137931034483
0.1721170395869191
0.1718213058419244
0.17152658662092624
0.17123287671232876
0.17094017094017092
0.1706484641638225
0.17035775127768313
0.17006802721088435
0.16977928692699493
0.1694915254237288
0.1692047377326565
0.16891891891891891
0.16863406408094436
0.16835016835016833
0.1680672268907563
0.16778523489932887
0.16750418760469013
0.16722408026755853
0.1669449081803005
0.16666666666666666
