16.500000003748607
15.310036065052232
13.200036293879839
9.900032773636463
6.62471121275411
3.3003290026310363
5.537475925155847
2.293701464654323
1.1010775848301522
0.234268817872472
0.23411205178220448
0.23413417695318411
0.23417843059831245
0.23426694094034528
0.23444396442358756
0.23479801363000544
0.23550611177598177
0.23692230092362035
0.23975464247104877
0.24541919714070262
0.25674851319145414
0.2794154309989898
0.324710540836691
0.41532488111928695
0.5963300810420535
0.9580962007505208
1.680128484129814
1.6447315661632662
1.6423268884035374
1.6080238344954674
1.606233812394767
1.5730277665354022
1.5716081922216494
1.5394497100875049
1.5387057755481206
1.5072488208655968
1.5070253505481743
1.4762516778602506
1.4767644014592651
1.4463805950018498
6.305005605975757
2.670299979024661
2.49142714736349
2.4209399776845153
2.3718399972105484
2.305221419113617
2.231071432958507
2.169137296633447
2.1089205233384978
2.0505837708369543
1.9944108267002256
1.9377312730269236
1.883849594256032
1.8293240496721337
1.7765622092702187
1.7245103348271276
1.673418199111849
1.623043801854931
1.5734969062132351
1.5249434290141743
1.4775959218908603
1.4309259882675733
1.3855318523957423
1.3398459041144644
1.2959225815212985
1.2539351041566893
1.2175459294555642
1.1846901351612749
1.1524517653279123
1.1206504102895969
1.0910221717970732
1.063068116182203
1.0363779971926714
1.011508102527272
0.9873876094066691
0.9661362143998353
0.944995323144148
0.9261688350490391
0.907977475212314
0.8924398170057395
12.289361393325287
7.227456562168681
3.302472121235537
2.3491025469729463
2.141005481481135
2.109848835532376
2.080186444767863
2.0480410751567413
2.017788614285447
1.9872177334819703
1.957592890330343
1.9280370096267716
1.9000228028739168
1.8708869437611115
1.8416619962381775
1.8129023920799578
1.784705707600707
1.7571178334220379
1.7293568715036687
1.7026261246874708
1.6753984953233196
1.6484108434273521
1.6219058540650964
1.5957263786529472
1.5691935654525042
1.5431915129995166
1.517142338242032
1.4919860690669928
1.4663551235251324
1.4409441071111646
1.4158625341252749
1.391062257462945
1.3661460790029651
1.3417876042656223
1.3174237349848035
1.2946895005800205
1.2721068408369134
1.25066926326376
1.2305014051330148
1.2105434520484417
1.1907440864967842
1.171257986896642
1.1524244051502597
1.1337040299217307
1.115622341213356
1.9018138080077542
1.8330193275277753
1.7707835028023404
1.709601116888336
1.654242763662931
1.5949684926731313
1.5429708402391071
1.490248700024973
1.44021291234067
1.3929440548683312
1.3501682472935177
1.3093449868257494
1.273326936595943
1.2384256204147532
1.2063251155134904
1.174431176541307
1.1447593445554598
1.1170392778493663
1.0911547117378626
1.0666190101797193
1.0428414760112477
1.0208077304664969
0.9987769050751862
0.9788463435941237
0.9588751479208321
0.9403802539130944
0.9223676834331862
0.9046504862817842
0.8890037089751857
0.8739953636267931
0.8604913182029348
0.8455759930701798
0.8341509356145299
0.8211832970488238
0.8091628946784521
15.4705809430821
8.176511845369635
6.601708452119524
4.919113978647132
4.472385594026663
3.3202475952567863
3.1557961554107057
3.071858322474576
2.9951152225842064
2.9179198624004155
2.8417011837399238
2.770729404202976
2.695694131569534
2.624876094021612
2.5502317781983512
2.477314854047937
2.4041460328468176
2.331878775307579
2.262885130778036
2.194052074947895
2.1280158807484826
2.06054610065613
1.995087900826868
1.9293131546447442
1.870989279626345
1.818312603452203
1.7720896096934888
1.7273887488769741
1.6849328819798461
1.6446807956949225
1.608475540359175
1.5733034687991099
1.540713919184655
1.511582516641366
1.482754704512205
1.454764986091445
1.4298806880234003
1.4076066071627729
1.3818571914986504
1.3571929831743215
1.3324129078552767
1.3091092969741953
1.2846809466533688
1.2630935272911843
1.2409801672460952
1.2194051161943658
1.1984438328903249
1.1788586981668447
1.1597647349082805
1.1426141005315364
1.1243654762572504
1.108395537661241
1.0924611920984801
1.0761082662935206
1.0604169001844501
1.0458750682574045
1.029831519603821
1.0150195825894062
1.0011294989755606
0.9866928875598048
0.9732325695037896
0.9599332242758318
0.9477949304733384
0.9355318008740792
0.92457821827427
0.9124811186701831
0.9014510961895283
0.8893793036099893
0.8786523340684964
0.8670584243160244
0.8573098631908285
0.8460753923218595
0.837294348433574
0.8258856853100338
0.8159328134792672
0.8059038242237695
0.7968369824570997
0.7872190959559943
0.7836389100055055
0.7731232983865782
0.7642403943087045
0.7542898711550339
0.745808461385028
0.7367571130149768
0.7274703155166726
0.719753482592355
0.7103410721910569
0.7034538183825578
0.6946834967183564
0.6872742867215147
0.6794776456039132
0.6722412387511046
0.6648501491273666
0.6579800442944739
0.6508229309134408
0.6450970992850913
0.6384363005855402
0.6332645853495265
0.626286333011148
0.6205630673027908
0.6149017166688888
0.6097005995811533
0.6044942108363566
0.5997681938379595
0.5939029868306427
0.5898979636100437
0.5850783641294641
0.5798367047082207
0.5753135694741475
0.5705523105606092
0.5653496573174254
0.5618339181026107
0.5569139547015143
0.5542023345386458
0.5502405501432148
0.5470764717206797
0.5428927830551842
0.5400611313316337
0.5409993320991715
0.538117345008291
0.5336189325106645
0.5314231599912492
0.5270946471845404
0.5248469761333068
0.5206433123674272
0.5185911391322151
0.5148320553188972
0.5127112127775989
0.5094518456197357
0.5074532500056731
0.5048071593037938
0.5025967794410983
0.5004617303492468
0.49783896868030564
0.4950771747957543
0.49294334853329025
0.490169205906155
0.48750429382731675
0.4848484321949159
0.48257758621593494
0.4803183981574019
0.4784897071278792
0.4767739928702969
0.4746603274846
0.4727173476440634
0.4707675136371059
0.46920849650892826
0.4670883557519949
0.4650049569326714
0.4628670454403729
0.46053277292644934
0.4585687685845168
0.45661161819388535
0.45505950481499746
0.4529851742441492
0.4513678777111276
0.44897077061520874
0.44778410322592227
0.4456128257671096
0.44455454064825045
0.4481977548875902
0.4468061317879215
0.4438159546740592
0.44262475854661537
0.4399961857297907
0.43848573601278495
0.4359140229255464
0.4342359898561742
0.43236232977645234
0.430703281229626
0.42852186095134337
0.42700260782270844
0.4247504741888877
0.42320539704548266
0.42165210576436674
0.41967063107827945
0.4184932087179102
0.4164908640177548
0.415849763006396
0.413531109942334
0.41272431894637485
0.41054972038663357
0.40960141158442404
0.4076777522189212
0.4073156505834826
0.40530847654718377
0.4047606889301686
0.40221802963360326
0.4009890308393873
0.3988040951646459
0.39749718473996276
0.39579042862253205
0.3949049342401806
0.393492310663592
0.3923572052288088
0.3907509162408399
0.3898717489878677
0.388412542224119
0.387789596564915
0.3863165875640175
0.3848013254655004
0.3834703647928671
0.3824704629667639
0.3811265548240493
0.3802420584053944
0.37897090958685314
0.37811441681651925
0.37658422929163127
0.3761887189990679
0.3749389548609074
0.37430126661816127
0.3727014761068164
0.3717859511961903
0.37042646948270075
0.36972204374978446
0.3681414988611471
0.36773919689382173
0.36643044666741664
0.3658538372217356
0.3651323341642255
0.3646474416151587
0.36357545520401024
0.3631303769958623
0.36228081750064706
0.3618412524793964
0.3609951171489261
0.3603162140940764
0.35981464065981805
0.359244180306329
0.35823050160225534
0.3583299398003793
0.3570399757026108
0.35691116489788954
0.35611695862836656
0.3557201850142441
0.35486424783200754
0.35434814660474134
0.3536765899685373
0.3532714456585164
0.35266243081776416
0.35249191513478145
0.3517332726506198
0.35164661359414323
0.35072136721140434
0.35061793143944725
0.3496846269879262
0.34953198416538933
0.3484190768721329
0.34863099771097644
0.3473375613855337
0.34763259089747206
0.34668234027651285
0.34652948832042635
0.34594886478036097
0.3459037480536957
0.3446324784109356
0.34496751943342385
0.3437387577717058
0.3439167054946495
0.34298625078541745
0.34255397469160365
0.3419648588674248
0.34168809695472907
0.3409222137055873
0.3404149618102634
0.33988630906946615
0.3393242898589697
0.33887796796173547
0.33820509559701045
0.337470757156907
0.3375847600226571
0.33694858420607876
0.337025567907665
0.33648458466211695
0.33670113762982007
0.3358447486320222
0.3360024949783868
0.33498095748116324
0.33523750454304957
0.33427766881467513
0.33433090930131076
0.3334169774172192
0.3335633020430082
0.3328507578469752
0.33240610718335406
0.331536186568546
0.3313565170995123
0.33108700366585436
0.330656455738535
0.3304306702138975
0.330311611752527
0.32993017518814066
0.3299063544540522
0.32934614728102146
0.32959377879343205
0.3284061765438372
0.32886624274819004
0.32792014681985
0.3281498935398012
0.3275720510370778
0.3271692550005507
0.3271899593270712
0.33112861331773147
0.33052663186783304
0.33009904799314077
0.3296617992621755
0.32913157732315634
0.32858952254177826
0.32829153966422636
0.32742948030090746
0.32730479597526235
0.32694143111426194
0.32676353803993663
0.32598688030402057
0.3258343107741391
0.32517256618198775
0.3251011547915401
0.32445707073561736
0.32434608922875896
0.3238487236117399
0.3238173004423487
0.3233561421448867
0.3232297825889483
0.3232903324685823
0.3229540462084507
0.3224607028473628
0.32261394739974214
0.32206719037816806
0.3219515119038261
0.32144455874153977
0.32158858047279426
0.3211572050387502
0.32121927541294043
0.3206326555331551
0.32049380382680975
0.31980267993373807
0.3198102677927303
0.3191237990606615
0.3191533153827905
0.3184557918157843
0.31856784199780114
