15.150078768211534
10.406467000947032
14.847878437742745
14.55548861416259
11.208654544082771
13.934715388966547
3.322743592356232
1.7173012273525101
1.922477825582385
0.010008654046562385
0.00019144037485266982
0.00020189892563880112
0.0002362030105831968
0.00033635943008046755
0.0005772787242202421
0.00109854856707971
0.0021643727921457994
0.004328035986529979
0.008663160721714035
0.017355538766691825
0.03374128315226687
0.06939935102641233
0.13904727042573092
0.2782660201511187
0.5580318656053203
1.1179793766061294
1.1547213503385605
1.1498778897530182
1.1517613997521832
1.1477604671578765
1.1508047804327415
1.1465889039774526
1.148760923271255
1.1478769112309608
1.1503743122598626
1.1488385779457522
1.1506615211974132
1.1494764406041076
1.1500803712170427
1.1462350812156983
8.270472885659862
3.2266900316705165
1.953866571320504
4.87362773443194
3.6855444011567147
1.6836857047229412
1.9390110999996675
1.2790629075731228
1.2430645172377965
1.2426102937351586
1.2338198790303663
1.2341501050610262
1.2269862278764794
1.2177284715720342
1.222451567519163
1.2100575410375598
1.2074952667446774
1.208968005660942
1.2003079024804921
1.196474803891625
1.1951913473609175
1.1929917186642827
1.1877680327473308
1.1846670210750438
1.1817632504175384
1.1500978525661796
1.1388331124415534
1.1193063149817515
1.1126400799888863
1.0989592653571565
1.088080078458899
1.0804900396321238
1.0779018753135006
1.0575037424492137
1.0525880179671663
1.0422609695526401
1.0358725807812579
1.0211460317972227
1.4200679688540878
1.0084764526161065
9.63298430531439
10.81261826349908
4.453777502637985
2.3908752693606603
1.4407374049068298
1.0662088848984232
1.070359431068275
1.0528114326010616
1.0616400825709182
1.0539854402412812
1.0531129461084225
1.4505092749316963
1.0701000080185497
1.0611510527997816
1.0465267779585683
1.047474809226975
1.0542588012004654
1.0493382075477218
1.056765514655165
1.0607889952611649
1.0495928088578939
1.0543430217869028
1.0643498142107803
1.0554019612010432
1.0509111566662137
1.0458778660422527
1.0510644075917766
1.067668296510456
1.0560095979005728
1.0525348310940004
1.0555612500674088
1.0592141021898378
1.0566090768524121
1.0463409021635608
1.0486527473808285
1.0397674746890766
1.0105417728686874
1.0130459925616742
1.0296281317494067
1.0208100938968192
1.005000490907456
1.011812023176624
1.001839543006892
0.9887869005825862
1.9560177450937648
2.1222573386703893
2.007603858195648
1.9709199122346464
1.9744518190354063
1.9112964632080436
1.8982594095204084
1.9445983099283415
1.9285598866579559
1.9269705939123658
1.897937866562146
1.8651940098007902
1.858268424077377
1.8755349483708312
1.8648358750919403
1.8573577786115802
1.8652594863127703
1.8621438308971263
1.8625475107069605
1.886645543555894
1.8754467507208357
1.8742764751947578
1.8773389557080455
1.8847682436180293
1.9444706468614423
1.8872432704074442
1.8963889601281685
1.8898023134886797
1.8808417745009092
1.8831045519722243
1.8848912760386567
1.881983671175928
1.8856928924804848
1.8905594534058392
1.896369265646212
1.902004522953207
17.071245157091045
6.60105889057304
7.42227744230071
3.1960082172007933
3.8753134167532255
4.095427522044555
2.1256508045094864
2.1000579279588605
2.1090168888278504
2.315446130682113
2.3259264108511934
2.1294075101906107
2.361653907176523
2.129037899460234
2.122546310576544
2.1201244281802714
2.10728654473056
2.088869464977654
2.0899736792661106
2.0994958419597154
2.10580394770235
2.1115978607383696
2.102600101410179
2.04860355782874
2.0099389375240424
2.000027771007268
1.9889890118237625
1.9708296430476782
1.9381342446242948
1.9305461527063008
1.936145139542375
1.8911224556366006
1.873775326012109
1.8883214632197018
1.9018663048518758
1.9061962873894875
2.125399668647005
1.837328203675486
1.826032309813437
1.8358944604780287
1.8473849564144171
1.8467284176280925
1.8446119318455108
1.8641070296362845
1.851918834563595
1.8219496637336903
1.7963479762858447
1.7993334047170295
1.8139931138639922
1.8074075997119186
1.7965039506222469
1.8350810964631479
1.8349532634783254
1.8375699441542321
1.862447859644639
1.8627005098455074
1.828712136803849
1.8385338771865403
1.8397788645622983
1.8323281200940158
1.8244019543321084
1.8199433691882372
1.820844222719189
1.8464632625013988
1.8545473964170374
1.8454317657889818
1.838536817837225
1.8072194452530725
1.7865115390928867
1.7996203103979191
1.8215485793235364
1.830838130522223
1.8303615784819467
1.8058393207353653
1.830066165928024
1.8417003673636854
1.8540960811694316
2.0860598392318597
1.82866822414971
1.8315057377564208
1.8412676898293292
1.8397134716553551
1.8513447346008522
1.835947413229715
1.843869943506381
1.8311080147020637
1.8290821477252879
1.8384284687683052
1.8402233289318466
1.8419765658335676
1.8479069463745381
1.8469004298767044
1.8420763778628122
1.8365333950443203
1.837116180410732
1.8541776285217821
1.8709691213913702
1.8603517891709807
1.8338602951402172
1.8224484123758566
1.8291752797965113
1.8325286172965023
1.8447932610911955
1.8392768443573375
1.836198903423903
1.8421006884822275
1.8325609531638958
1.8155242011793902
1.8078599331142866
1.7894581220772396
1.7890201733931348
1.7905023884352278
1.8022967388188214
1.8367986093837456
1.8578757423153702
1.8608603154538041
1.8597994770592388
2.122961684462114
1.8953290279934414
1.89603216677847
1.905522253546676
1.911818491463177
1.8984019386020363
1.8920951062614904
1.871693241300639
1.8653365454869804
1.8677691984909945
1.8742102663575368
1.879093804935126
1.8960944291042474
1.9160542314242857
1.9317276601101652
1.9351756164957052
1.9236501189197341
1.9138335662118549
1.9014051875119384
1.8745969963600717
1.8451180044737703
1.8370749573428355
1.8334626819103452
1.8439660929385904
1.8647145058463648
1.881613981373434
1.901993808851268
1.913692078901157
1.9265651913454218
1.9369407496592772
1.935166323439484
1.9246556887564055
1.9163642714349942
1.9081603729257106
1.9109565223118776
1.9070103409035986
1.915225534967253
1.915117951241009
1.9068970193154602
1.9115498485091384
1.9174818539065537
1.9115230987590446
2.155120916600344
1.911875126066033
1.9081881408732548
1.9034437019524457
1.9053036865270145
1.905588770898618
1.9016831470453115
1.8935968707663517
1.892788016422992
1.8940406697221983
1.890541597746733
1.8862691238938383
1.8751864092785304
1.8654625935148197
1.8715591260487419
1.8713707048545067
1.8754299385947109
1.8838981331401945
1.9076071925907527
1.9163573108039686
1.9211034939235132
1.9323081320129436
1.9421826253802106
1.955972243951273
1.9714713242740034
1.993829422151655
2.0053377245602335
1.994918950050358
1.9767312026931678
1.9615629265494858
1.9482195918720842
1.9409657237078608
1.944756864060765
1.9529961425049904
1.9624623582212841
1.957404296610751
1.953676333916595
1.9591388715392117
1.9670580618564542
1.9711025995125864
1.9563665850666971
1.9468830045579288
1.9402748181564402
1.938318934900542
1.9401589066069502
1.9434895331817403
1.9416948084097194
1.9395343924075055
1.9466530789819594
1.958296434263669
1.9626917879962207
1.9513204770752053
1.9363830744217807
1.9243532708835926
1.9203975467284067
1.9088572163483062
1.9079710813859563
1.904044834743497
1.8991221457276373
1.901882133582651
1.9123042987729488
1.9129716298986894
1.9214001043443807
1.930458799649597
1.936154298768376
1.9415516638444765
1.9432513832199934
1.946717915795166
1.9511897916160883
1.950732372848169
1.959729160696345
1.9638205042438859
1.9622099856043287
1.9693971232361691
1.9753582359951944
1.9746046350211157
1.9713696305124082
1.969986017212083
1.9765378301250398
1.9777362388292932
1.9936472249477823
2.00755419323492
2.0164674784587664
2.023742982587507
2.0236609867216435
2.0168301980327854
2.0034393263332366
1.9951817954657043
2.0003071078677697
1.9976587755400912
1.9923944049146267
1.9994070850408
2.008413372385815
2.0168466677596446
2.021044912613652
2.0207732834634844
2.0176987678824148
2.0192200768659267
2.0151602426506896
2.017328795718326
2.0053719253574704
2.0034885780538993
2.010755054377827
2.0073324952747535
1.997144068080672
1.9875129155608477
1.9803715380097002
1.9741302129276366
1.967186190207986
1.9544321940103062
1.9588055535533013
1.9604086962017957
1.9612510530606893
1.9748814337124756
1.9942338697686979
2.0028669550007243
2.0044666964075155
2.007728031128337
2.013983721100271
2.01957100230495
2.012114862483375
2.01261475599387
2.015771263830621
2.0236454890478384
2.0153822485209414
1.9999302491632354
1.993829159434412
2.000215742507482
1.9997131749401413
1.997301936733384
2.0036560956481684
2.0138294882514023
2.0262199367300395
2.0319755216505437
2.0387195653556702
2.0334622998126557
2.041760640856695
2.0529632114746463
2.053821321017256
2.0667556555239006
2.058943329374331
2.061547850974739
2.291592329507929
2.055969566451006
2.0506646087066622
2.0467393697988867
2.035391985520817
2.023502742469913
2.0141608024060154
2.0034154736038086
1.9910045743025546
1.988030089090597
1.9901046758240084
1.9831698503810862
1.9738724425175702
1.9625166760667088
1.9558793098899545
1.956099834486302
1.9560292425205597
1.9594352066556944
1.964141583070224
1.973033688960006
1.9798667693029326
1.991999524301158
1.993988152911782
1.9880067813970832
1.9905856467921375
1.994151018882733
1.9844597107408257
1.986359625831485
1.9921535921668156
2.0037360102033466
2.012451094442656
2.0155932256255733
2.0088410686078175
2.0040434406921794
1.9948131451550737
1.9873496387677445
1.9742903480965739
1.9584271716572104
1.953284496824456
