8669.999999999907
7809.162633103937
7256.524854244323
6513.110802846459
5843.890695501861
5235.005639506233
4699.191277863413
4553.785609054342
4497.924335859898
4438.759618968922
4415.109464117612
4415.104046708889
4415.0966186749665
4415.085261905241
4415.0658797174765
4415.03075952926
4414.963340912432
4414.833314501547
4414.5763443607175
4414.073527532533
4414.073527532533
4411.877107194864
4407.979639284625
4400.187918457074
4384.902802125474
4354.429163573676
4295.068858743991
4237.212475126636
4181.334781924774
4125.907087571921
4072.400061435348
4019.362389895118
3968.0355222919484
3917.2026449899995
3868.0125622958344
3819.219266151628
3772.0272397212416
3725.1825668696288
3679.8421381895378
3634.8535315975164
1710.3251043285825
1569.6020600523755
1534.504163490448
1487.8480539229436
1445.1533256931418
1394.7985231200003
1359.0741821267127
1323.0070153195359
1288.2566229759277
1256.409407044918
1223.9628559104465
1193.5684664687021
1164.1449043585376
1135.4257603617386
1108.3825291841902
1081.7538141574628
1056.5905179696956
1032.0742091516913
1008.4655232588589
985.8840395692995
964.1142715756305
943.7231208778735
923.4531860974042
904.4109926908653
886.1117026701818
868.2383492089466
852.6165226330969
837.1718341602757
823.5047170107342
809.5337316565475
796.5090679082231
783.6514138571258
771.6939275641179
759.6771180426978
748.8626324428294
737.9372237071816
727.9234443268189
717.5550195850442
707.9626377551177
697.396648113336
452.47781656691654
435.21540943263574
431.6176275034481
408.02900326275693
399.0047542220314
391.68441295761596
386.5256429471333
380.22664459609217
375.19092624580543
369.26262389103243
364.30068186592035
358.99108253267025
353.326186223798
348.25040056093417
343.5347354014635
338.6797826108299
334.1021664382297
329.57471730438357
325.32930197422
320.77135697417236
316.57761758012583
312.3783288842082
308.48518084880396
304.3407325207925
300.4627265623814
296.655744126523
293.19230893950345
289.3944261006647
285.97563247032565
282.40915855162353
279.0993257704946
275.8585853751456
272.47446253867827
269.44703597455896
266.4007228444201
263.4666681860436
260.6571668688182
257.8127525320838
255.18485084883335
252.51203559121458
249.88673375015364
247.33093826758395
244.87856033967842
242.4086550325119
240.02117841218038
235.6524414372097
231.071576026269
226.63507843213452
222.35819279005688
218.52652117491104
214.21992062846363
210.77388393500317
206.7574424863175
203.5949743180564
200.04516746803367
196.960069935774
193.75100105591176
191.01084445643866
187.96780210517232
185.06215635099997
182.2696495640596
179.61476077070466
176.92512466377417
174.45143417153878
171.92395503818668
169.5136344132602
167.08985787346074
164.69393876297946
162.4422665093941
160.0253952881209
157.88952807638654
155.71222306585364
153.7010598926073
151.67828501596335
149.6594613416004
147.70893572013568
145.80654198735655
143.89093496617892
141.99732847846218
140.16374673179763
340.11753703440456
304.368130376071
281.6260374834668
262.8346326722741
252.12498667718359
236.97879168116157
228.49820365811743
223.46059315312522
219.49179659443598
214.86032358479432
210.65700942830534
205.9426100168879
202.13036165338164
197.96980894600895
194.28647150525208
190.9454559294429
187.71981717607144
184.49081525030695
181.35244281183378
178.37046432393728
175.41231969729256
172.6756585115103
170.02216300663943
167.42490842612708
165.0770880841881
162.99267512781344
160.72937810954778
158.7381243345801
156.61492993582297
154.6813582589943
152.82000743638355
150.80479066617477
149.09019723663783
147.2304892894367
145.46384145679752
143.58283781292184
141.89665797820396
139.5974104973352
137.98005090806302
136.20019397505237
134.58825797297473
132.87769440063178
131.4376228279363
129.74273592472485
128.45676581433423
126.73174938890112
125.39166851522249
123.97068124434635
122.65527269046659
121.22642357726428
119.9892906851083
118.56428771029253
117.45152444472808
116.02931060224977
114.91398584281121
113.54066471566718
112.44471260452886
111.13734116826978
110.03538273246464
108.83824196202838
107.69843761460116
106.62550906223073
105.55857168353025
104.44026646381165
103.46960191428748
102.40279801932375
101.42925554846609
100.47007958338689
99.52348313999686
98.51870088466946
97.63078119048657
96.67664607683763
95.82734140062314
94.88586757078245
94.06221305136309
93.14327178254385
92.36835369336127
91.44706863333201
90.56264125819987
89.65961326963641
88.95763275509637
88.06427530916969
87.37223288511304
86.49148395418672
85.84676793065626
85.0503539792748
84.38533204313428
83.58896745853902
82.98687241529818
82.24713012641737
81.56702143044674
80.88652088190733
80.26191556518988
79.56780921400411
78.97293137582942
78.26954444577267
77.67595202804857
77.05879767735635
76.46091172145438
75.87103387077289
75.27477020432661
74.7033599422464
74.1012597667374
73.51283314841656
72.94950465629522
72.38532411006634
71.80662073510898
71.2808160152963
70.71480011797117
70.20098231349847
69.65415588672609
69.15077054108679
68.60957016812216
68.10742918579197
67.59250097696868
67.11850034828899
66.61772845409581
66.15996349762096
65.34981015247087
64.89049184851058
64.42863642344027
63.97566941482549
63.54604035187163
63.09493989390058
62.67094093611767
62.23603037347664
61.80254235403868
61.38365806862203
60.95109910276854
60.54824410363087
60.131377058320666
59.70982696515521
59.328718524668766
58.931364370492396
58.559052728924456
58.13825542165635
57.78064162991103
57.393975450573436
57.024647719264266
56.65262163229716
56.30640013958394
55.92585664499829
55.601180823338304
55.2229794751053
54.89501688798845
54.51588211233075
54.18648654020887
53.83394165377279
53.49242884323328
53.14913363506375
52.824303113959274
52.466085652734144
52.181700297921644
51.81434546627519
51.5337522082011
51.18432349547903
50.901694228356526
50.58100356960066
50.301928684727194
49.9834042445127
49.63754710644001
49.32552076762714
49.036421742822796
48.727860145210144
48.454926253579444
48.17169858809808
47.89808572484017
47.63745042076097
47.36330850591303
47.09089440565338
46.829478316804064
46.555069900060055
46.28387968890958
46.014523229748384
45.74926948496679
45.48742557049207
45.216052340518225
44.96250373263921
44.70660393046919
44.45669876141811
44.223796539394854
43.95931521032951
43.74120514382664
43.476737762011986
43.25822216386809
42.993277347161246
42.77236939646776
42.511355122855385
42.29190536829278
42.05498622234524
41.83139175511038
41.60295228223464
41.386867007321214
41.16059620543645
40.94765883245973
40.7266818046438
40.51801631121791
40.30644359125158
40.097126600886796
39.87967936606631
39.684414014291285
39.47094941742062
39.27063899613779
39.05798677165839
38.85819070465239
38.65220814740335
38.47165755715939
38.26345462792511
38.08830464509195
37.895957592835586
37.712485931448185
37.52307092023707
37.340538399844455
37.15829772541132
36.98621999099807
36.80259098275516
36.62685113581245
36.45733536902927
36.28534343003657
36.1053664722374
35.94208578618323
35.77199132857721
35.61343459057534
35.4437303180049
35.27862908466574
35.11876879221926
34.9625457641327
34.80220478122166
34.654161300527505
34.501533316772786
34.35279198523405
34.19714859054813
34.05049467796266
33.907260947738116
33.74957819276094
33.609414371011844
33.45334330153814
33.31619601448208
33.1739456284855
33.039504014110925
32.89526290364897
32.76211482693656
32.62146747752395
32.48878283761328
32.35216657749883
32.22591398615012
32.09705358268807
31.97006609326911
31.83621933827146
31.705984534984786
31.579426872241726
31.4497263761824
31.325649355611645
31.201214589401783
31.069936680299815
30.9482536091661
30.82541385433111
30.714122018279898
30.592118896638922
30.475773855898858
30.358888609665375
30.243287758370734
30.133594716377658
30.023682069404906
29.910345019571714
29.80725488915967
29.694797295521784
29.587404939784864
29.482836613565254
29.381127101697817
29.277426934238328
29.179340597418534
29.07450473263456
28.97392206826788
28.87493452975318
28.76809715013524
28.667100863218028
28.570437411343487
28.470702074404688
28.367635995636885
28.27727773232866
28.177873026554515
28.0930627039668
27.995774609408937
27.90903919357398
27.81509434733226
27.725389807840102
27.633395040063935
27.545364182882516
27.459866166702994
27.365434097312274
27.279986973444412
27.17855373372365
27.094556376326004
26.995967453310328
26.913926687487223
26.81645560065102
26.735595839011058
26.648495779294368
26.57037704194791
26.483409712287752
26.4061377929385
26.15677972740568
26.081431182932516
25.993139493633233
25.919942393100847
25.836296012902576
25.765300639958678
25.68598016290602
25.617610762923118
25.537534206722157
25.4666652639024
25.392137604766695
25.31873097123534
25.24236842684189
25.174340536397082
25.097297736174557
25.030330304221998
24.957983362708873
24.889015606943598
24.824986015550415
24.75340981292253
24.686232552017906
24.617656735072426
24.5538781879828
24.488828825892636
24.421152495707894
24.358911469411456
24.292675468298675
24.234425036937058
24.170207778187248
24.109979091701522
24.04932842233494
23.987519114320587
23.925211552539956
23.86002321984594
23.7981032259026
23.73739806352139
23.683428144433687
23.624756755539757
23.570153311191564
