0.0
1.0e-8
1.0e-8
1.0e-8
1.0e-8
1.0e-8
1.0e-8
1.0e-8
1.0e-8
1.0e-8
1.0e-8
2.0e-8
4.0e-8
8.0e-8
1.6e-7
3.2e-7
6.4e-7
1.28e-6
2.56e-6
5.12e-6
1.024e-5
2.048e-5
4.096e-5
8.192e-5
0.00016384
0.00032768
0.00065536
0.00065536
0.00065536
0.00065536
0.00065536
0.00065536
0.00065536
0.00065536
0.00065536
0.00065536
0.00065536
0.00065536
0.00065536
0.00065536
0.00065536
0.00065536
0.00065536
0.00065536
0.00065536
0.00065536
0.00065536
0.00065536
0.00065536
0.00065536
0.00065536
0.00065536
0.00065536
0.00065536
0.00065536
0.00065536
0.00065536
0.00065536
0.00065536
0.00065536
0.00065536
0.00065536
0.00065536
0.00065536
0.00065536
0.00065536
0.00065536
0.00065536
0.00065536
0.00065536
0.00065536
0.00065536
0.00065536
0.00065536
0.00065536
0.00065536
0.00065536
0.00065536
0.00065536
0.00065536
0.00065536
0.00065536
0.00065536
0.00065536
0.00065536
0.00065536
0.00065536
0.00065536
0.00065536
0.00065536
0.00065536
0.00065536
0.00065536
0.00065536
0.00065536
0.00065536
0.00065536
0.00065536
0.00065536
0.00065536
0.00065536
0.00065536
0.00065536
0.00065536
0.00065536
0.00065536
0.00065536
0.00065536
0.00065536
0.00065536
0.00065536
0.00065536
0.00065536
0.00065536
0.00065536
0.00065536
0.00065536
0.00065536
0.00065536
0.00065536
0.00065536
0.00065536
0.00065536
0.00065536
0.00065536
0.00131072
0.00131072
0.00131072
0.00131072
0.00131072
0.00131072
0.00131072
0.00131072
0.00131072
0.00131072
0.00131072
0.00131072
0.00131072
0.00131072
0.00131072
0.00131072
0.00131072
0.00131072
0.00131072
0.00131072
0.00131072
0.00131072
0.00131072
0.00131072
0.00131072
0.00131072
0.00131072
0.00131072
0.00131072
0.00131072
0.00131072
0.00131072
0.00131072
0.00131072
0.00131072
0.00131072
0.00131072
0.00131072
0.00131072
0.00131072
0.00131072
0.00131072
0.00131072
0.00131072
0.00131072
0.00131072
0.00131072
0.00131072
0.00131072
0.00131072
0.00131072
0.00131072
0.00131072
0.00131072
0.00131072
0.00131072
0.00131072
0.00131072
0.00131072
0.00131072
0.00131072
0.00131072
0.00131072
0.00131072
0.00131072
0.00131072
0.00131072
0.00131072
0.00131072
0.00131072
0.00131072
0.00131072
0.00131072
0.00131072
0.00131072
0.00131072
0.00131072
0.00131072
0.00131072
0.00131072
0.00131072
0.00131072
0.00131072
0.00131072
0.00131072
0.00131072
0.00131072
0.00131072
0.00131072
0.00131072
0.00131072
0.00131072
0.00131072
0.00131072
0.00131072
0.00131072
0.00131072
0.00131072
0.00131072
0.00131072
0.00131072
0.00131072
0.00131072
0.00131072
0.00131072
0.00131072
0.00131072
0.00131072
0.00131072
0.00131072
0.00131072
0.00131072
0.00131072
0.00131072
0.00131072
0.00131072
0.00131072
0.00131072
0.00131072
0.00131072
0.00131072
0.00131072
0.00131072
0.00131072
0.00131072
0.00131072
0.00131072
0.00131072
0.00131072
0.00131072
0.00131072
0.00131072
0.00131072
0.00131072
0.00131072
0.00131072
0.00131072
0.00131072
0.00131072
0.00131072
0.00131072
0.00131072
0.00131072
0.00131072
0.00131072
0.00131072
0.00131072
0.00131072
0.00131072
0.00131072
0.00131072
0.00131072
0.00131072
0.00131072
0.00131072
0.00131072
0.00131072
0.00131072
0.00131072
0.00131072
0.00131072
0.00131072
0.00131072
0.00131072
0.00131072
0.00131072
0.00131072
0.00131072
0.00131072
0.00131072
0.00131072
0.00131072
0.00131072
0.00131072
0.00131072
0.00131072
0.00131072
0.00131072
0.00131072
0.00131072
0.00131072
0.00131072
0.00131072
0.00131072
0.00131072
0.00131072
0.00131072
0.00131072
0.00131072
0.00131072
0.00131072
0.00131072
0.00131072
0.00131072
0.00131072
0.00131072
0.00131072
0.00131072
0.00131072
0.00131072
0.00131072
0.00131072
0.00131072
0.00131072
0.00131072
0.00131072
0.00131072
0.00131072
0.00131072
0.00131072
0.00131072
0.00131072
0.00131072
0.00131072
0.00131072
0.00131072
0.00131072
0.00131072
0.00131072
0.00131072
0.00131072
0.00131072
0.00131072
0.00131072
0.00131072
0.00131072
0.00131072
0.00131072
0.00131072
0.00131072
0.00131072
0.00131072
0.00131072
0.00131072
0.00131072
0.00131072
0.00131072
0.00131072
0.00131072
0.00131072
0.00131072
0.00131072
0.00131072
0.00131072
0.00131072
0.00131072
0.00131072
0.00131072
0.00131072
0.00131072
0.00131072
0.00131072
0.00131072
0.00131072
0.00131072
0.00131072
0.00131072
0.00131072
0.00131072
0.00131072
0.00131072
0.00131072
0.00131072
0.00131072
0.00131072
0.00131072
0.00131072
0.00131072
0.00131072
0.00131072
0.00131072
0.00131072
0.00131072
0.00131072
0.00131072
0.00131072
0.00131072
0.00131072
0.00131072
0.00131072
0.00131072
0.00131072
0.00131072
0.00131072
0.00131072
0.00131072
0.00131072
0.00131072
0.00131072
0.00131072
0.00131072
0.00131072
0.00131072
0.00131072
0.00131072
0.00131072
0.00131072
0.00131072
0.00131072
0.00131072
0.00131072
0.00131072
0.00131072
0.00131072
0.00131072
0.00131072
0.00131072
0.00131072
0.00131072
0.00131072
0.00131072
0.00131072
0.00131072
0.00131072
0.00131072
0.00131072
0.00131072
0.00131072
0.00131072
0.00131072
0.00131072
0.00131072
0.00131072
0.00131072
0.00131072
0.00131072
0.00131072
0.00131072
0.00131072
0.00131072
0.00131072
0.00131072
0.00131072
0.00131072
0.00131072
0.00131072
0.00131072
0.00131072
0.00131072
0.00131072
0.00131072
0.00131072
0.00131072
0.00131072
0.00131072
0.00131072
0.00131072
0.00131072
0.00131072
0.00131072
0.00131072
0.00131072
0.00131072
0.00131072
0.00131072
0.00131072
0.00131072
0.00131072
0.00131072
0.00131072
0.00131072
0.00131072
0.00131072
0.00131072
0.00131072
0.00131072
0.00131072
0.00131072
0.00131072
0.00131072
0.00131072
0.00131072
0.00131072
0.00131072
0.00131072
0.00131072
