6.877000000000022e-13
0.08871287128781613
0.7506963746646553
1.6872166308319858
2.614856517244582
3.7729778081071084
4.683834741769108
4.673543734814973
4.673754938949068
4.974551196787309
5.2918494496546575
5.29306850989654
5.294736880329781
5.298233011228321
5.304870318040168
5.318265586193381
5.344699376204882
5.39811907013086
5.5052542077689965
5.720277396139711
5.720277396139711
7.224356433838774
8.430056644324576
12.247833700961362
18.485108113605044
32.26870284499481
58.92066510345028
33.816230993881454
58.062598800671324
33.41178431862969
57.41059280223202
33.24006148066549
56.7148100184452
33.041368707619945
56.48164298240506
32.861057355359584
56.097705131669834
32.5478375133338
55.98547727103707
32.103759549754315
2744.662437993546
2555.7405016461007
2509.185560160123
2439.9900672453896
2402.645657065124
2346.7606339595254
2273.509059079063
2206.3410731660274
2135.2963370258176
2063.6418768241197
1995.2852815183537
1924.9540983912432
1858.0779577379174
1789.7084404376642
1723.1658673094887
1657.587573044618
1592.5967642374924
1528.3121096527793
1464.807752951042
1402.2538537115822
1341.141460218727
1280.3445036864464
1221.4288026825277
1161.440342987183
1103.76229927972
1048.817573957619
1001.297987346185
959.0618729704922
916.8799755297027
875.5283965290757
836.9868005577548
800.9567066658155
766.3102678261408
734.5786178510723
703.3809176331467
676.622208782335
649.5605880505922
626.2154777759787
602.9688275391817
582.7057560999491
3050.874522531682
2874.012231827125
2762.3211012336083
2682.6629284696032
2631.798788748393
2588.901935336294
2546.953871165102
2501.691461216885
2458.53423478396
2415.23548301443
2372.8388511805833
2330.4137965680015
2290.4542474652894
2248.897381284918
2206.9561418726003
2165.75189359573
2125.232291892725
2085.6008057620916
2045.5302323465528
2007.1821127728415
1967.8786562095806
1928.9429344208713
1890.5662171479592
1852.8106757555965
1814.3728929040792
1776.7057586165438
1738.776188174883
1702.3911790379912
1665.0718384155607
1628.1700381765886
1591.6240576301855
1555.4729713750562
1519.217311570477
1483.6323870253534
1448.04668354252
1414.8883119174861
1381.8941775577975
1350.6598863100874
1321.246670741427
1292.1871302419413
1263.3375035381682
1234.9355124431227
1207.4625491679067
1180.1834666223724
1153.8615802724707
1118.9104288195865
1068.7187812603042
1023.4302945923419
978.9211723249795
938.618820101415
895.5653497603347
857.6253209934612
819.4190828273424
782.839161615331
748.5569585798984
717.4822166667497
687.9375500581227
661.8564680668785
636.7469127301063
613.7117418328394
590.792334616631
569.4965360049945
549.7040814724243
531.200856911969
513.7538073003038
496.8390154054467
481.2505038037445
465.6680482118774
451.5928529575673
437.4895155110541
424.44634379278597
411.82053328833297
399.3243176782394
388.4208083877041
377.9940403221884
368.69583871555864
358.2793024026788
350.53803057473135
341.6124402218113
333.3794613104648
2853.771983610456
2560.3978207727587
2435.5144442771434
2326.690759626823
2238.826807542703
2143.200414694538
2072.2815503757474
2013.256048340082
1957.9265987427414
1902.671583563619
1848.126499747431
1795.8526642400163
1742.2083920079922
1690.9531153160403
1638.3074712664675
1587.1006567338181
1535.9413211552296
1484.993802247939
1435.3626196085602
1385.1368101291675
1336.9939028547244
1287.719344347342
1240.031004692838
1192.0236268952963
1149.3673749490488
1110.5432547339278
1076.749059853234
1043.9586111646938
1012.9595393039999
983.5473294769371
957.1601535166261
931.6243544819648
907.9025790099407
886.8925984027585
865.8715128046583
845.5047200973256
827.0504899383859
808.7901828873833
790.2925318467318
772.6779451855724
754.8167993098092
738.1213121160949
720.3921464940315
704.9589573097486
688.8783805926124
673.4446462258999
658.2541147497544
644.1572747010806
630.3449631372315
618.0866188958184
604.8591575830399
593.4918559423852
581.9539882297247
570.3437904369963
559.091647882898
548.8710450212786
537.3221821314911
526.8567217617868
516.9519918669303
506.71714592471176
497.1534889035826
487.7053056584157
479.14603033253024
470.5722064435017
462.8914600405071
454.41180747150753
446.6712957415604
438.1599998408163
430.6289061996632
422.51587899049247
415.7110397019809
407.8475492211494
401.7736534246455
393.75321700014615
386.76514761529796
379.7814089488136
373.4414719165076
366.2603821954867
361.13864952255295
354.1011281247175
348.1357812776879
341.3933271546724
335.5533049406782
329.3922700362725
322.9092523987011
317.69377724102196
311.0863741360222
306.4641580570645
300.2914699843943
295.22236211708434
289.814547110583
284.8325521375877
279.69092987220085
274.97960643681097
269.98657275521083
266.151748292648
261.52400143846234
258.0519191015141
253.16363139317903
249.19091630041723
245.26043133578906
241.6810817217188
238.09381261832954
234.86507095014147
230.73875585013212
228.04444470382933
224.7215136702341
221.0581689014647
217.95874306484777
214.6540350972042
211.024300870334
208.66244615906894
205.2479878053396
203.50034813627906
200.7989550568941
198.69209443892615
195.82885783286645
193.8387828697066
193.5445042270892
191.72678308373162
188.66050170566024
187.35194309239395
184.37836399543312
183.0240223904492
180.13398475915204
178.9173366772656
176.36248962374796
175.08004602817297
172.89773462734215
171.68019723161942
169.93032561754453
168.54814785284987
167.1725909946789
165.45217086554325
163.59023665015056
162.24751176590743
160.3653894874754
158.601351660085
156.81107973254646
155.33770367386782
153.83805184562266
152.6989483797838
151.6008068102978
150.2409171651186
148.96709114907708
147.73422027037623
146.7538608989209
145.37378344737766
143.99882973180289
142.59753959673824
141.01693458413737
139.7551825390466
138.44258837305793
137.49795701786826
136.09464655749179
135.09049253239957
133.43815457662834
132.74609343161177
131.26355514569352
130.3811978136179
130.5053585918362
129.86264679758239
127.95845810898025
127.40776946929495
125.72874953306014
124.88628650487087
123.22217247496805
122.21541142015822
121.05832302688239
120.05704910184413
118.64465504447969
117.73698720818462
116.27088509965675
115.33496545773384
114.38740568423347
113.11425054247937
112.44789950704845
111.1362527834761
110.86559364609822
109.30109674442282
108.88845434339079
107.44357878164183
106.91119388598672
105.64606909494503
105.55496117412798
104.22609935783457
103.98401194213075
102.2411937398061
101.48181297238477
99.99041336637248
99.16265192244809
98.02847319453683
97.51766728743205
96.60517016230597
95.90089533587445
94.83104785855036
94.30325356188884
93.33836397450531
93.00182417244397
92.03132870221842
91.00643180375644
90.12607853992778
89.4871249371618
88.5991110179541
88.04388165501199
87.20936163205693
86.66661333518681
85.63410645502293
85.44045312554944
84.61218059162287
84.23946966105096
83.1406465466197
82.55628155710718
81.63360920903851
81.20725150643003
80.11889496150525
79.92144426934657
79.03361506336839
78.70012137869439
78.26113934921993
77.994311523738
77.28355012496006
77.0462558273944
76.50990334081757
76.27745544059383
75.73699833714267
75.3159589610895
75.03782186465259
74.692271543294
74.018094928437
74.185022615403
73.30130677656956
73.29495950849265
72.78477689504807
72.57822006218346
72.0172423965851
71.71912861836844
71.29574370574775
71.07751320714107
70.70304530376906
70.66326826673533
70.17188211213173
70.19174075702152
69.57125781862052
69.57924093179558
68.95146728897612
68.91444796156708
68.14863321658474
68.39263867313868
67.48854738821595
67.7958180291638
67.15624157008112
67.11719190865301
66.75153887789698
66.7958548821947
65.89226772580591
66.22392800195962
65.3606789418725
65.56781236625102
64.92547503797378
64.6720178830244
64.30187938305176
64.16226684899786
63.642332146099925
63.33001694372223
63.00195384422638
62.64420969187661
62.3662676379514
61.92368903222029
61.437225471957106
61.58940826438218
61.162121277487024
61.29122809051081
60.94916000499191
61.176194147518316
60.5803354790624
60.76157146594876
60.05162712607078
60.30110605918215
59.627278907063044
59.71971564812595
59.09201332305116
59.24850015778584
58.76125692689761
58.471588648445874
57.87329484715328
57.78429090732117
57.631057183715214
57.351425853873224
57.2413459725038
57.20073660996799
56.95696950508008
56.99288312119738
56.61100260013088
56.85359782691525
56.00905790033677
56.41265561739782
55.733493684127595
55.953305651576045
55.55786029356542
55.297689740474986
55.28456274525168
56.954563920716076
56.57957743749406
56.340062735461835
56.08347391052197
55.76208102739536
55.433056974528526
55.280659071230865
54.691884271338125
54.66958916729807
54.46019502531011
54.392545260838205
53.86887148425757
53.82266257125313
53.39241668260686
53.40396184850311
52.973342775187774
52.94978838632597
52.6301187669812
52.663979250681265
52.38323645655351
52.341969761430605
52.44662259864211
52.24218355307445
51.917835564329266
52.091084393794674
51.736083837459354
51.699164053125
51.36077685585352
51.520695345221384
51.239226455416265
51.33740958503869
50.95094653881539
50.89087593925635
50.41303742740362
50.463442352935004
49.986462891796194
50.05044425776535
49.563925968039314
49.6922628219108
