0.9900990099009901
0.9803921568627451
0.970873786407767
0.9615384615384615
0.9523809523809523
0.9433962264150942
0.9345794392523364
0.9259259259259258
0.9174311926605504
0.9090909090909091
0.9009009009009008
0.8928571428571428
0.8849557522123894
0.8771929824561403
0.8695652173913044
0.8620689655172414
0.8547008547008548
0.8474576271186441
0.8403361344537815
0.8333333333333334
0.8264462809917356
0.819672131147541
0.8130081300813008
0.8064516129032259
0.8
0.7936507936507936
0.7874015748031495
0.78125
0.7751937984496123
0.7692307692307692
0.7633587786259541
0.7575757575757576
0.7518796992481203
0.7462686567164178
0.7407407407407407
0.7352941176470589
0.7299270072992701
0.7246376811594204
0.7194244604316546
0.7142857142857143
0.7092198581560284
0.7042253521126761
0.6993006993006994
0.6944444444444444
0.6896551724137931
0.684931506849315
0.6802721088435374
0.6756756756756757
0.6711409395973155
0.6666666666666666
0.6622516556291391
0.6578947368421053
0.6535947712418301
0.6493506493506493
0.6451612903225806
0.641025641025641
0.6369426751592357
0.6329113924050632
0.628930817610063
0.625
0.6211180124223603
0.6172839506172839
0.6134969325153374
0.6097560975609756
0.6060606060606061
0.6024096385542168
0.5988023952095809
0.5952380952380952
0.591715976331361
0.5882352941176471
0.5847953216374269
0.5813953488372093
0.5780346820809249
0.5747126436781609
0.5714285714285714
0.5681818181818182
0.5649717514124294
0.5617977528089888
0.5586592178770949
0.5555555555555556
0.5524861878453039
0.5494505494505495
0.5464480874316939
0.5434782608695653
0.5405405405405405
0.5376344086021506
0.53475935828877
0.5319148936170213
0.5291005291005291
0.5263157894736842
0.5235602094240838
0.5208333333333334
0.5181347150259067
0.5154639175257733
0.5128205128205129
0.5102040816326531
0.5076142131979695
0.5050505050505051
0.5025125628140703
0.5
0.49751243781094534
0.49504950495049505
0.4926108374384236
0.49019607843137253
0.48780487804878053
0.4854368932038835
0.48309178743961345
0.4807692307692307
0.47846889952153115
0.47619047619047616
0.4739336492890995
0.4716981132075471
0.4694835680751174
0.4672897196261683
0.46511627906976744
0.4629629629629629
0.4608294930875576
0.4587155963302753
0.4566210045662101
0.45454545454545453
0.45248868778280543
0.4504504504504505
0.4484304932735426
0.4464285714285714
0.4444444444444444
0.4424778761061947
0.44052863436123346
0.43859649122807015
0.4366812227074236
0.4347826086956522
0.4329004329004329
0.43103448275862066
0.4291845493562232
0.4273504273504274
0.425531914893617
0.42372881355932196
0.42194092827004215
0.42016806722689076
0.4184100418410042
0.4166666666666667
0.41493775933609955
0.4132231404958678
0.41152263374485604
0.4098360655737705
0.4081632653061224
0.4065040650406504
0.40485829959514175
0.40322580645161293
0.4016064257028112
0.4
