0.5423612303665405	0.8599630232530481	0.988266725325125	0.0046764357702997255	0.0002450711771292556	0.0	0.4404566780855232	0.007297583800029288
0.6410608654445034	0.8450532099697999	0.9980081753398732	0.0019913236305291178	0.0002917505501304993	0.0	0.7080966310207782	0.14526809953416764
0.7377759576670446	0.8432449621562534	0.6855910256139144	0.00748688415532748	0.00034730074379629055	0.0	0.7214250889348068	0.14166792046592847
0.8292949949598608	0.8432385924853699	0.6853780120948705	0.007486896876298522	0.00041340391108948555	0.0	0.7218007688609184	0.1305491504374028
0.914603913628209	0.843238631105845	0.9736032362451443	0.002032057579945807	0.0004920597643553548	0.0	0.7227454279978244	0.12033109723206524
0.9909474143792715	0.8432387692260155	0.974823455893961	0.002020027269024141	0.0005856459822629168	0.0	0.7241652624161878	0.11097474504221581
1.0	0.8432391041587776	0.9760361258891326	0.0020081670173832896	0.0006967075498426611	0.0	0.7259463301673018	0.1023135911255293
1.0	0.8432398776487638	0.977226138208463	0.0019962844768944255	0.0008278799405401885	0.0	0.7279900614578233	0.09412192618012957
1.0	0.8432416976702954	0.9783811636917437	0.0019841695447084533	0.000982046731243127	0.0	0.7905068738228228	0.14416654539489693
1.0	0.8269608168755371	0.9794971079334728	0.001971580167335272	0.0011622888902004843	0.0	0.7912691000981722	0.13821992739478722
1.0	0.4940593425821359	0.9805591053755495	0.001958222872000127	0.0013719180112543765	0.0	0.8170350054423728	0.15621699647620046
1.0	0.16327932187998995	0.9815522742085879	0.0019437407842975963	0.0016145237669064575	0.0	0.8152784091282959	0.1490793571181593
1.0	0.14447247648633993	0.9824535109250203	0.0019277122302883054	0.0018940304530341231	0.0	0.8136768094933428	0.14119428044425691
1.0	0.13604968101773027	0.997996107590101	0.001910023532958881	0.002214758488769247	0.0	0.8122614730527584	0.13255183428989198
1.0	0.1318120935142553	0.9979953891405503	0.001896078208226425	0.0025814882090039125	0.0	0.8110634388825996	0.1231256679260998
1.0	0.13035950260376733	0.9979941265736196	0.0018806730259031213	0.0029995246796670626	0.0	0.8101125195214383	0.11286989790708082
1.0	0.13015148683242883	0.9979923861520706	0.001863485260787593	0.0034747632772608146	0.0	0.8094362429149721	0.10171518137121417
1.0	0.13020358276680186	0.9979902364118354	0.0018441532838313311	0.004013756325635506	0.0	0.8090587998245861	0.08956393196612121
1.0	0.13026002650066695	0.9979877446931351	0.0018222751317392046	0.0046237812242384295	0.0	0.8090000548323104	0.07628468546685253
1.0	0.13031959344690014	0.9979850564973984	0.0017975168176059659	0.0053129103274161	0.0	0.8092746674355816	0.061705661943602705
1.0	0.130380898821769	0.9979822749960484	0.0017694820337158736	0.006090082430922837	0.0	0.8098913644036798	0.04560758752214565
1.0	0.13044241702757398	0.9979794932703651	0.0017377424999144879	0.00696517514729908	0.0	0.8108523950824073	0.027715841324007017
1.0	0.13050271660947527	0.99797680295351	0.0017018463543318437	0.007949076731589642	0.0	0.8121272920102868	0.013185283279656394
1.0	0.13056078904242835	0.9979742939735762	0.0016613165176301082	0.009053755052429792	0.0	0.813650793242904	0.007958120670313113
1.0	0.1306163404074539	0.9979720555461311	0.0016156496667291318	0.0102923203737925	0.0	0.8153866630256347	0.007958785817481731
1.0	0.13066982275814126	0.9979701775008872	0.0015643151306300367	0.011679077395533834	0.0	0.8173016348807711	0.00795957556297094
1.0	0.13072244694847088	0.9979687518704197	0.0015067538352070832	0.013229560573938294	0.0	0.8193590123168271	0.00796051363876164
1.0	0.1307761890305227	0.9979678747032779	0.0014423774294818378	0.014960545095227016	0.0	0.24202128988637084	0.014989706683547075
1.0	0.1308337963888275	0.9979676480799183	0.0013705677167954431	0.016890024013080148	0.0	0.24201993475880698	0.01499105540146453
1.0	0.13089879677723115	0.9979681823189104	0.0012906764972452623	0.019037140031248824	0.0	0.24201715453100436	0.01499381906193679
1.0	0.13097551146595654	0.9928857702663902	0.002614089551910458	0.021422058299065582	0.0	0.2420093297720553	0.015001601885152939
1.0	0.13106907219519628	0.9855738278618845	0.009427011955393414	0.024065764553087864	0.0	0.24199598129473018	0.015014875301947218
1.0	0.13118544060498918	0.9782122403393971	0.01624472646781589	0.026989771224260342	0.0	0.24197403127753922	0.015036697317696156
1.0	0.13133142716303098	0.9710875256001876	0.022779261530364033	0.030215713092817696	0.0	0.24193835145915624	0.015071851938651865
1.0	0.13151470686898759	0.9644177301845951	0.028811316004058955	0.033764814195933864	0.0	0.24188050058797742	0.015128646250614344
1.0	0.13174382830431955	0.9583467192755148	0.03419593016998589	0.03765720959730336	0.0	0.2417866487487383	0.015220522288767562
1.0	0.13202821411120544	0.9529496699361625	0.038856956410662995	0.041906023490445844	0.0	0.24163621753299253	0.0153673898107488
1.0	0.13237836952124385	0.9482452743043477	0.04277481870092484	0.04651746920126855	0.0	0.24141509266316397	0.015582166103532908
1.0	0.13280577121375808	0.9442105187234218	0.04597168796995074	0.05149358557429105	0.0	0.2410951154519236	0.01589084599065534
1.0	0.1333228694715197	0.9407950263263049	0.04850109868216852	0.056831624948356765	0.0	0.24063747997898063	0.01633078364580847
1.0	0.1339431145247159	0.9379332106479349	0.05042837184377452	0.06252387825206106	0.0	0.2399868086395686	0.016954288134990513
1.0	0.13468109256201805	0.9355516514867742	0.051821028949894786	0.068557327312499	0.0	0.23906905306356374	0.01783077678918238
1.0	0.1355523534560448	0.9335725714817769	0.052739474975989374	0.07491358799270345	0.0	0.23778727801478058	0.01905034208489704
1.0	0.13657340247198252	0.9319386712608183	0.05325598439800461	0.08156782252870626	0.0	0.23601344090904053	0.020733254518613572
1.0	0.1377616492745772	0.9305893993953888	0.053425192703685766	0.08849264356518573	0.0	0.23356716639298908	0.02304823274288543
1.0	0.13913538556616464	0.9294752985393588	0.05329690278839652	0.09565815406396688	0.0	0.9737727887257372	0.02622721127426288
1.0	0.14071374998787547	0.9285519982439117	0.05290967268697244	0.1030298717654893	0.0	0.969413114768674	0.0305868852313259
1.0	0.14251673339867796	0.9277852854017493	0.05229699518187756	0.11056920692749479	0.0	0.9653171075460157	0.03468289245398428
1.0	0.14456521056995986	0.929127132888647	0.05342452654611313	0.11823410779226337	0.0	0.9609575687167113	0.03904243128328895
1.0	0.14688098532261148	0.9285571262984361	0.05257545805117372	0.12597985521255523	0.0	0.956371081885604	0.043628918114396044
1.0	0.14948690811818463	0.9280680569884074	0.051543887547177036	0.13376029162722333	0.0	0.9515783138958381	0.04842168610416182
1.0	0.15240711390884523	0.9276469966269095	0.05033617854596454	0.14155168404571244	0.0	0.9466135885623085	0.05338641143769137
1.0	0.15566743925310675	0.9272859325702312	0.048953385842794545	0.14941532385542272	0.0	0.9415009594216476	0.05849904057835279
1.0	0.15929609255260904	0.9269822171841567	0.047390784103603	0.15742592931474877	0.0	0.9362532296657075	0.06374677033429266
1.0	0.1633246679272214	0.9267396704408624	0.045636742038779265	0.16566943795102962	0.0	0.9308707995336718	0.06912920046632857
1.0	0.16778960444561827	0.9265707644055513	0.04367051349919713	0.17423938376507483	0.0	0.9253673492277343	0.07463265077226562
1.0	0.17273423160407747	0.9265003109348802	0.04145852412088451	0.1832372955991166	0.0	0.9197618731901135	0.08023812680988666
1.0	0.1782058805127377	0.9265714174456327	0.03894838860664653	0.19277519726928352	0.0	0.9140712690342749	0.08592873096572523
1.0	0.18425911574484338	0.9268548081546047	0.036059561188704015	0.2029764672022717	0.0	0.9083106890702496	0.09168931092975031
1.0	0.19095810980697295	0.9274630376769374	0.03266909232837629	0.21399002357320213	0.0	0.9024940333743355	0.09750596662566448
1.0	0.19837892627808232	0.9285716461946554	0.028590442382536642	0.2259217050043095	0.0	0.8966344462037336	0.10336555379626655
1.0	0.20661199048519693	0.9304500074281732	0.023542600943728228	0.23884364277439857	0.0	0.890744871326715	0.10925512867328466
1.0	0.21576474190779402	0.9335055880283232	0.01710579317419636	0.2528324517278888	0.0	0.8848395773123224	0.1151604226876776
1.0	0.22596437077908407	0.9383459683288241	0.008659423129814514	0.26797561626607397	0.0	0.8789350311751982	0.12106496882480199
1.0	0.2373605110041408	0.9458638501797608	0.0	0.284366859863798	0.0	0.8730503649075504	0.1269496350924499
1.0	0.2501277529963831	0.9573511254347034	0.0	0.30210867571591676	0.0	0.8672073383997411	0.1327926616002591
1.0	0.2644678252013579	0.9746495861275786	0.0	0.3399192238616474	0.0	0.8614166234412314	0.13858337655876832
1.0	0.2806126968086068	1.0	0.0	0.49950617118994134	0.0	0.8556885248593125	0.1443114751406875
1.0	0.2988279018772029	1.0	0.0	0.625787141843588	0.0	0.8500385740072705	0.14996142599272944
1.0	0.3194162030912056	1.0	0.0	0.6980321545283098	0.0	0.8444878338639824	0.1555121661360179
1.0	0.3427238222512332	1.0	0.0	0.724907858537236	0.0	0.8390630048855827	0.16093699511441747
1.0	0.36915468823340297	1.0	0.0	0.7273282129909578	0.0	0.8337990118696378	0.16620098813036221
1.0	0.39918730002621866	1.0	0.0	0.7314378652828508	0.0	0.17109867468855824	0.17125884380777667
1.0	0.4334272290624667	1.0	0.0	0.7381125578123464	0.0	0.1142820749603753	0.1760523099052803
1.0	0.4737589510374684	1.0	0.0	0.7485725749074209	0.0	0.817077386674267	0.18292261332573329
1.0	0.520308938252195	1.0	0.0	0.7647323096520545	0.0	0.7341867130685414	0.19250194270803697
1.0	0.582857927442295	1.0	0.0	0.7887367162295972	0.0	0.18346147682484143	0.2011963754471447
1.0	0.64814731635535	1.0	0.0	0.824177405511944	0.0	0.0	1.0
1.0	0.7142427380936235	1.0	0.0	0.8757695126097553	0.0	0.0	1.0
1.0	0.7920566724363481	1.0	0.0	0.9502583870282141	0.0	0.0	1.0
1.0	0.9041034838306277	1.0	0.0	0.9902472897286093	0.0	0.0	1.0
1.0	0.9902654471283396	1.0	0.0	0.7683359316132435	0.0	0.0	1.0
1.0	0.9128312823217534	1.0	0.0	0.7792305593736306	0.0	0.0	1.0
1.0	0.9688295378863184	1.0	0.0	0.7909883378678304	0.0	0.0	1.0
1.0	0.930540494749228	1.0	0.0	0.8120614894846869	0.0	0.0	1.0
1.0	0.9539767804607485	1.0	0.0	0.8388779698511414	0.0	0.0	1.0
1.0	1.0	1.0	0.0	0.8754888877183453	0.0	0.0	1.0
1.0	0.9086725796853393	1.0	0.0	0.9243445418505634	0.0	0.0	1.0
1.0	0.973827162531862	1.0	0.0	0.9877169575326357	0.0	0.0	1.0
1.0	1.0	1.0	0.0	1.0	0.0	0.0	1.0
1.0	1.0	1.0	0.0	1.0	0.0	0.0	1.0
1.0	1.0	1.0	0.0	1.0	0.0	0.0	1.0
1.0	1.0	1.0	0.0	1.0	0.0	0.0	1.0
1.0	1.0	1.0	0.0	1.0	0.0	0.0	1.0
1.0	1.0	1.0	0.0	1.0	0.0	0.0	1.0
1.0	1.0	1.0	0.0	1.0	0.0	0.0	1.0
1.0	1.0	1.0	0.0	1.0	0.0	0.0	1.0
1.0	1.0	1.0	0.0	1.0	0.0	0.0	1.0
1.0	1.0	1.0	0.0	1.0	0.0	0.0	1.0
1.0	1.0	1.0	0.0	1.0	0.0	0.0	1.0
