1.0	0.39461235059929617	0.9336363080840561	0.06459221622853378	0.00019473228518557536	0.0	0.528100862732701	0.0
1.0	0.3284796252332943	0.933467212075269	0.06444288968054387	0.00023182516388911003	0.0	0.528100862732701	0.0
1.0	0.3190111847336353	0.9333307626169457	0.06423658780176839	0.0002760064458435997	0.0	0.5281008616660703	0.0
1.0	0.31802461092427614	0.9332205244707487	0.06397777886885897	0.00032863472120714106	0.0	0.5281008590318531	0.0
1.0	0.31658512613465567	0.9331315620487451	0.06366910586823048	0.0003913305308392072	0.0	0.5281008540695409	0.0
1.0	0.3144601104542046	0.9330593027569047	0.06331231344867577	0.0004658549356657332	0.0	0.5281008456580972	0.0
1.0	0.3112919955936074	0.9329991719778892	0.06290849889602709	0.0005538936519184055	0.0	0.5281008321945572	0.0
1.0	0.3066684499288795	0.9329466322270846	0.06245804285434542	0.0006575156267705914	0.0	0.5281008113243592	0.0
1.0	0.30027199788174735	0.9328973938515541	0.06196043445771623	0.0007786567947612026	0.0	0.528100779466492	0.0
1.0	0.29202902806914033	0.9328476570127071	0.06141411037766264	0.0009192466964407221	0.0	0.5281007322565696	0.0
1.0	0.25918799617933186	0.9327943079330457	0.06081636529299533	0.0010812113536137126	0.0	0.5281006635902693	0.0
1.0	0.060265075690287315	0.9327350355194794	0.06016335171838544	0.001266489188535304	0.0	0.5281005664785093	0.0
1.0	0.0	0.9326683629912069	0.05945016306415801	0.0014770537034209021	0.0	0.5281004320755188	0.0
1.0	0.0	0.9325936064784267	0.05867098088671487	0.0017149376708394015	0.0	0.5281002316717411	0.0
1.0	0.0	0.9325107802563417	0.05781926124357067	0.001982255358171025	0.0	0.5280999590266928	0.0
1.0	0.0	0.9324204704511824	0.05688793543134915	0.002281221130158284	0.0	1.0	0.0
1.0	0.0	0.9323236972705132	0.055869604435195175	0.00261416427203344	0.0	1.0	0.0
1.0	0.0	0.9322217811083517	0.05475671124483002	0.002983540959995858	0.0	1.0	0.0
1.0	0.0	0.9321162226522874	0.05354168029754161	0.003391945053326182	0.0	1.0	0.0
1.0	0.0	0.9320086024598433	0.052217017920008844	0.0038421199383135637	0.0	1.0	0.0
1.0	0.0	0.9319005017834315	0.050775371224491626	0.004336974166933769	0.0	1.0	0.0
1.0	0.0	0.9317934438764234	0.04920954541838385	0.004879604225682665	0.0	1.0	0.0
1.0	0.0	0.9316888535390583	0.04751248107471919	0.005473328533212334	0.0	0.5280958709046045	0.0
1.0	0.0	0.9315880319050868	0.04567719364343235	0.00612173776286817	0.0	0.5280954226536315	0.0
1.0	0.0	0.9314921433279093	0.04369667774369746	0.006828767859673413	0.0	0.52809475860795	0.0
1.0	0.0	0.9314022085706681	0.041563775098901565	0.007598803694842803	0.0	0.5280935380414344	0.0
1.0	0.0	0.931319107828113	0.03927101507882859	0.008436823189801795	0.0	0.5280917645225324	0.0
1.0	0.0	0.9310472695284268	0.03681044883067727	0.009348593830178784	0.0	0.5280882195957496	0.0
1.0	0.0	0.916546564905463	0.03417687674262293	0.010340935953322946	0.0	0.5280830012799925	0.0
1.0	0.0	0.9020413891347194	0.03123871404452162	0.011422069541934473	0.0	0.5280754209937182	0.0
1.0	0.0	0.9031803747820057	0.04187902560514415	0.012602063609818054	0.0	0.5280645061695346	0.0
1.0	0.0	0.898783514181965	0.04814055913766309	0.013893409092991053	0.0	0.5280491813074741	0.0
1.0	0.0	0.8881850329459791	0.0480872799083701	0.015311737042144256	0.0	0.5280277988225839	0.0
1.0	0.0	0.8792276062987261	0.047950284383291894	0.016876703142294926	0.0	0.5279980462578252	0.0
1.0	0.0	0.8718470007176313	0.04773012953206048	0.01861305623249181	0.0	0.5279567022264278	0.0
1.0	0.0	0.8658900338697116	0.04742785086211002	0.020551901357885937	0.0	0.5279008174639878	0.0
1.0	0.0	0.8611611269566452	0.047044270063872955	0.022732155474392206	0.0	0.5278258017017022	0.0
1.0	0.0	0.8574591150266505	0.046579509450836755	0.025258843374577605	0.0	0.5277256204475388	0.0
1.0	0.0	0.8545829191024776	0.0460327731786406	0.028201961553316363	0.0	0.5275990952256008	0.0
1.0	0.0	0.8523653197307145	0.045402108517294586	0.031637426088358754	0.0	0.5274455519789197	0.0
1.0	0.0	0.9447583023174823	0.03740082074837198	0.03565045564782383	0.0	0.5272672270267298	0.0
1.0	0.0	0.9447506703838454	0.03678304765338367	0.040332880588284305	0.0	0.5270774214841972	0.0
1.0	0.0	0.9447482993808664	0.036135013354925	0.045782626342655626	0.0	0.5269178569621503	0.0
1.0	0.0	0.9447513538674819	0.03545777636491788	0.05210431950428203	0.0	0.5269026128943022	0.0
1.0	0.0	0.9447599822973084	0.034751939963071014	0.059407249863737174	0.0	0.5273275236764823	0.0
1.0	0.0	0.9525427485346192	0.04204059660786899	0.06780997528889957	0.0	0.6821531554786276	0.0
1.0	0.0	0.9519935790407292	0.04166736766192207	0.07742392230364553	0.0	0.16437605333837146	0.0
1.0	0.0	0.9515787251876469	0.04126228264393453	0.08835367527811612	0.0	0.16313259216715104	0.0
1.0	0.0	0.9513172039644282	0.04082445912008196	0.10070753608316826	0.0	0.1613181757027708	0.0
1.0	0.0	0.9512546881653733	0.040353073906639655	0.11458207009033684	0.0	1.0	0.0
1.0	0.0	0.9514743241715876	0.03984749243342015	0.13005626367921444	0.0	1.0	0.0
1.0	0.0	0.9521130276032482	0.03930745473778805	0.14717990298780864	0.0	1.0	0.0
1.0	0.0	0.9528270137719915	0.03873334339048805	0.1655340968152458	0.0	1.0	0.0
1.0	0.0	0.952848062644487	0.038123900804777046	0.18439817967105973	0.0	1.0	0.0
1.0	0.0	0.952875905067782	0.03747414247874197	0.20371555690291943	0.0	0.9997131108709381	0.00028688912906194963
1.0	0.0	0.9529113100827057	0.036781734464689846	0.22356626830981496	0.0	0.9976632593390169	0.0023367406609831735
1.0	0.0	0.952955482169364	0.036043833629333825	0.24398947055762402	0.0	0.9956336487576898	0.004366351242310227
1.0	0.0	0.953010356116372	0.03525678718419656	0.2653103433587358	0.0	0.9936463120702765	0.006353687929723465
1.0	0.0	0.953079086779018	0.034415636894906704	0.2874996419623233	0.0	0.991721923230629	0.008278076769371001
1.0	0.0	0.953166854857406	0.033513306866297825	0.3106117666599281	0.0	0.9898824487089747	0.010117551291025371
1.0	0.0	0.9532821791978722	0.03253928443986839	0.33563128713167145	0.0	0.9881650181510692	0.011834981848930873
1.0	0.0	0.9534390305517049	0.03147749932306528	0.3627547722925275	0.0	0.9866205462889754	0.013379453711024598
1.0	0.0	0.9536601948004336	0.030302953014958986	0.39219421276721506	0.0	0.9853142715336278	0.014685728466372141
1.0	0.0	0.953982549872306	0.028976434447968765	0.42421592365756644	0.0	0.9843309417794238	0.015669058220576175
1.0	0.0	0.9544652093154001	0.027436369016012145	0.45915553040626755	0.0	0.9837811816834836	0.016218818316516385
1.0	0.0	0.9552018371404739	0.025586496529246574	0.4974220005825559	0.0	0.9838031747268939	0.016196825273105977
1.0	0.0	0.956338921319098	0.023277590864977	0.539459017538545	0.0	0.9845602364529082	0.015439763547091843
1.0	0.0	0.9581022348676987	0.02028099249739798	0.6934600181833384	0.0	0.986229959108003	0.013770040891996977
1.0	0.0	0.9608341307366189	0.01625130554229403	0.7397813747570995	0.0	0.9889766427119776	0.01102335728802245
1.0	0.0	0.9650443804488614	0.010675551026144625	0.6859346550418747	0.0	0.9929017840393474	0.0070982159606526336
1.0	0.0	0.9714770558723569	0.0028062766638781572	0.7875462104609671	0.0	0.5342167362176311	0.002039855416976112
1.0	0.0	0.981195134195964	0.0	0.7879584191025326	0.0	0.5041668889799007	0.0
1.0	0.0	0.9956821456594909	0.0	0.7886552146623604	0.0	1.0	0.0
1.0	0.0	1.0	0.0	0.7897799815118376	0.0	0.6035251824175996	0.0
1.0	0.0	1.0	0.0	0.7915950774285262	0.0	0.4440929839457653	0.0
1.0	0.0	1.0	0.0	0.7941796825714482	0.0	0.3975694635191398	0.19235060915471228
1.0	0.0	1.0	0.0	0.7978819485491879	0.0	0.36917011624129487	0.3541029237604025
1.0	0.0	1.0	0.0	0.802951797595231	0.0	0.3354627814464063	0.456824418597481
1.0	0.0	1.0	0.0	0.809620122011404	0.0	0.29573146148111745	0.6717766091039639
1.0	0.0	1.0	0.0	0.8182848653433878	0.0	0.370015591258609	0.32186809672174604
1.0	0.0	1.0	0.0	0.82975625564711	0.0	0.21439685003437733	0.7856031499656226
1.0	0.027540286185009588	1.0	0.0	0.8455760452908521	0.0	0.1833304949910842	0.8166695050089158
1.0	0.37819415213944246	1.0	0.0	0.8683715798324494	0.0	0.16026491558744121	0.8397350844125587
1.0	0.37295387963342297	1.0	0.0	0.9022022239861868	0.0	0.14245214823521385	0.8575478517647862
1.0	0.40353388103503696	1.0	0.0	0.9527810939245809	0.0	0.12490922618646375	0.8750907738135363
1.0	0.4492117879567072	1.0	0.0	1.0	0.0	0.10389451156438224	0.8961054884356179
1.0	0.5133957789787548	1.0	0.0	0.898024826653345	0.0	0.0786409638735357	0.9213590361264644
1.0	0.9639414549458285	1.0	0.0	0.9275122614422996	0.0	0.04813138929748334	0.9518686107025166
1.0	1.0	1.0	0.0	1.0	0.0	0.01078893475732385	0.9892110652426761
1.0	1.0	1.0	0.0	0.850228327033651	0.0	0.0	1.0
1.0	1.0	1.0	0.0	0.9201125978762598	0.0	0.0	1.0
1.0	1.0	1.0	0.0	1.0	0.0	0.0	1.0
1.0	1.0	1.0	0.0	1.0	0.0	0.0	1.0
1.0	1.0	1.0	0.0	1.0	0.0	0.0	1.0
1.0	1.0	1.0	0.0	1.0	0.0	0.0	1.0
1.0	1.0	1.0	0.0	1.0	0.0	0.0	1.0
1.0	1.0	1.0	0.0	1.0	0.0	0.0	1.0
1.0	1.0	1.0	0.0	1.0	0.0	0.0	1.0
1.0	1.0	1.0	0.0	1.0	0.0	0.0	1.0
1.0	1.0	1.0	0.0	1.0	0.0	0.0	1.0
