1.2426170309655459e-8	0.0	1.2726314285467895e-11	0.0
1.4793059889724641e-8	0.0	1.2726314285467895e-11	0.0
1.7610785441429886e-8	0.0	1.2726314285467895e-11	0.0
2.096522042851379e-8	0.0	1.2726314285467895e-11	0.0
2.49585951429478e-8	0.0	1.2726314285467895e-11	0.0
2.9712612282412797e-8	0.0	1.2726314285467895e-11	0.0
3.5372155967556736e-8	0.0	1.2726314285467895e-11	0.0
4.210970723375296e-8	0.0	1.2726314285467895e-11	0.0
5.013060056193658e-8	0.0	1.2726314285467895e-11	0.0
5.967928164364676e-8	0.0	1.2726314285467895e-11	0.0
7.10467570876441e-8	0.0	1.2726314285467895e-11	0.0
8.457946309912409e-8	0.0	1.2726314285467895e-11	0.0
1.0068982340436706e-7	0.0	1.2726314285467898e-11	0.0
1.198688181711514e-7	0.0	1.2726314285467898e-11	0.0
1.4270094695676187e-7	0.0	1.2726314285467898e-11	0.0
1.6988204166789652e-7	0.0	1.2726314285467898e-11	0.0
2.022404723625825e-7	0.0	1.2726314285467898e-11	0.0
2.4076239210875383e-7	0.0	1.2726314285467898e-11	0.0
2.866217901863556e-7	0.0	1.2726314285467898e-11	0.0
3.412162694278936e-7	0.0	1.2726314285467898e-11	0.0
4.062096378976792e-7	0.0	1.2726314285467898e-11	0.0
4.835826127228025e-7	0.0	1.2726314285467898e-11	0.0
5.756931810293574e-7	0.0	1.2726314285467898e-11	0.0
6.853484571277756e-7	0.0	1.2726314285467898e-11	0.0
8.158902252835192e-7	0.0	1.2726314285467898e-11	0.0
9.71296774257368e-7	0.0	1.2726314285467898e-11	0.0
1.1563041259806933e-6	0.0	1.27263142854679e-11	0.0
1.3765503513303071e-6	0.0	1.2726314285467903e-11	0.0
1.6387473689327471e-6	0.0	1.2726314285467903e-11	0.0
1.9508854596115964e-6	0.0	1.2726314285467903e-11	0.0
2.3224767248933373e-6	0.0	1.27263142854679e-11	0.0
2.764844903117655e-6	0.0	1.27263142854679e-11	0.0
3.291470367083223e-6	0.0	1.27263142854679e-11	0.0
3.91840080551659e-6	0.0	1.27263142854679e-11	0.0
4.6647400877588134e-6	0.0	1.27263142854679e-11	0.0
5.55323018727184e-6	0.0	1.27263142854679e-11	0.0
6.610943866577322e-6	0.0	1.27263142854679e-11	0.0
7.870109189219753e-6	0.0	1.27263142854679e-11	0.0
9.369090924408817e-6	0.0	1.27263142854679e-11	0.0
1.1153558667143005e-5	0.0	1.27263142854679e-11	0.0
1.3277877153185366e-5	0.0	1.27263142854679e-11	0.0
1.5806760972984066e-5	0.0	1.27263142854679e-11	0.0
1.8817243881384996e-5	0.0	1.27263142854679e-11	0.0
2.2401022397351458e-5	0.0	1.27263142854679e-11	0.0
2.6667244669644554e-5	0.0	1.27263142854679e-11	0.0
3.174582898096507e-5	0.0	1.27263142854679e-11	0.0
3.7791412164208455e-5	0.0	1.27263142854679e-11	0.0
4.498804706934369e-5	0.0	1.27263142854679e-11	0.0
5.355479058776475e-5	0.0	1.27263142854679e-11	0.0
6.375235024604402e-5	0.0	1.27263142854679e-11	0.0
7.589098876393854e-5	0.0	1.27263142854679e-11	0.0
9.033992309700365e-5	0.0	1.2726314285467898e-11	0.0
0.00010753849835770569	0.0	1.2726314285467898e-11	0.0
0.00012800946879468143	0.0	1.27263142854679e-11	0.0
0.00015237477904889732	0.0	1.2726314285467898e-11	0.0
0.00018137431073347808	0.0	1.27263142854679e-11	0.0
0.00021588814374582648	0.0	1.27263142854679e-11	0.0
0.0002569629805807698	0.0	1.27263142854679e-11	0.0
0.0003058434974573035	0.0	1.2726314285467903e-11	0.0
0.00036400952069363506	0.0	1.2726314285467903e-11	0.0
0.000433220083036569	0.0	1.2726314285467903e-11	0.0
0.000515565595255693	0.0	1.2726314285467903e-11	0.0
0.0006135295759394023	0.0	1.2726314285467903e-11	0.0
0.0007300616196024767	0.0	1.2726314285467903e-11	0.0
0.0008686635520346584	0.0	1.2726314285467903e-11	0.0
0.001033491023586772	0.0	1.27263142854679e-11	0.0
0.0012294731257647706	0.0	1.27263142854679e-11	0.0
0.0014624529819437198	0.0	1.2726314285467898e-11	0.0
0.0017393526539414158	0.0	1.27263142854679e-11	0.0
0.002068366112763585	0.0	1.2726314285467903e-11	0.0
0.0024591844277536	0.0	1.2726314285467903e-11	0.0
0.0029232577084051426	0.0	1.2726314285467903e-11	0.0
0.0034740986498034703	0.0	1.2726314285467903e-11	0.0
0.004127632732341956	0.0	1.2726314285467903e-11	0.0
0.004902600133911333	0.0	1.2726314285467905e-11	0.0
0.005821014125491295	0.0	1.2726314285467906e-11	0.0
0.006908680001477254	0.0	1.2726314285467906e-11	0.0
0.00819577726376985	0.0	1.2726314285467906e-11	0.0
0.009717505602114446	0.0	1.272631428546791e-11	0.0
0.0115147919023589	0.0	1.2726314285467911e-11	0.0
0.01363505071617443	0.0	1.2726314285467911e-11	0.0
0.016132983926007212	0.0	1.2726314285467916e-11	0.0
0.019071396274662505	0.0	1.2726314285467924e-11	0.0
0.02252199151939212	0.0	1.272631428546793e-11	0.0
0.026566098776315862	0.0	1.2726314285467942e-11	0.0
0.03129525984337487	0.0	1.2726314285467956e-11	0.0
0.036811585922885394	0.0	1.2726314285467976e-11	0.0
0.043227766714653386	0.0	1.2726314285468003e-11	0.0
0.05066658762742145	0.0	1.272631428546804e-11	0.0
0.059259784324379894	0.0	1.2726314285468087e-11	0.0
0.0691460419631877	0.0	1.2726314285468155e-11	0.0
0.08046793510657443	0.0	1.2726314285468247e-11	0.0
0.09336761100853817	0.0	1.272631428546837e-11	0.0
0.107981052856741	0.0	1.2726314285468536e-11	0.0
0.12443082973099337	0.0	1.2726314285468767e-11	0.0
0.1428173534175242	0.0	1.2726314285469079e-11	0.0
0.16320881977448828	0.0	1.2726314285469499e-11	0.0
0.18563020437889313	0.0	1.2726314285470058e-11	0.0
0.21005188322014912	0.0	1.2726314285470822e-11	0.0
0.23637861382981373	0.0	1.2726314285471861e-11	0.0
0.2644396735023257	0.0	1.2726314285473259e-11	0.0
0.29398082266456643	0.0	1.272631428547513e-11	0.0
0.32465834187542747	0.0	1.2726314285477664e-11	0.0
0.35605085965058475	0.0	1.2726314285481088e-11	0.0
0.38794705960153786	0.0	1.2726314285485678e-11	0.0
0.42044161355742515	0.0	1.2726314285491864e-11	0.0
0.45364147552664563	0.0	1.2726314285500194e-11	0.0
0.48766063480009114	0.0	1.2726314285511367e-11	0.0
0.5226272063677526	0.0	1.2726314285526405e-11	0.0
0.5586587895798202	0.0	1.2726314285546598e-11	0.0
0.5958657675453637	0.0	1.27263142855737e-11	0.0
0.6343607301357916	0.0	1.2726314285610058e-11	0.0
0.6741047994167891	0.0	1.272631428565881e-11	0.0
0.7153939463990089	0.0	1.2726314285724129e-11	0.0
0.7576487607858047	0.0	1.2726314285811632e-11	0.0
0.8007916029704846	0.0	1.2726314285928756e-11	0.0
0.8458592226673541	0.0	1.272631428608546e-11	0.0
0.8921048780048584	0.0	1.2726314286295003e-11	0.0
0.938581171089772	0.0	1.2726314286575021e-11	0.0
0.9841359370725563	0.0	1.2726314286949047e-11	0.0
1.0	0.0	1.2726314287448317e-11	0.0
1.0	0.0	1.2726314288114383e-11	0.0
1.0	0.0	1.2726314289002488e-11	0.0
1.0	0.0	1.2726314290185899e-11	0.0
1.0	0.0	1.2726314291761901e-11	0.0
1.0	0.0	1.2726314293859455e-11	0.0
1.0	0.0	1.2726314296649483e-11	0.0
1.0	0.0	1.2726314300358274e-11	0.0
1.0	0.0	1.2726314305285388e-11	0.0
1.0	0.0	1.2726314311826978e-11	0.0
1.0	0.0	1.2726314320506682e-11	0.0
1.0	0.0	1.2726314332016217e-11	0.0
1.0	0.0	1.2726314347268718e-11	0.0
1.0	0.0	1.2726314367468905e-11	0.0
1.0	0.0	1.2726314394205221e-11	0.0
1.0	0.0	1.2726314429570837e-11	0.0
1.0	0.0	1.2726314476322286e-11	0.0
1.0	0.0	1.2726314538087749e-11	0.0
1.0	0.0	1.272631461963974e-11	0.0
1.0	0.0	1.2726314727252618e-11	0.0
1.0	0.0	1.2726314869170465e-11	0.0
1.0	0.0	1.2726315056219524e-11	0.0
1.0	0.0	1.2726315302609142e-11	0.0
1.0	0.0	1.2726315626978929e-11	0.0
1.0	0.0	1.2726316053766971e-11	0.0
1.0	0.0	1.2726316614996696e-11	0.0
1.0	0.0	1.2726317352609265e-11	0.0
1.0	0.0	1.2726318321506615e-11	0.0
1.0	0.0	1.2726319593519385e-11	0.0
1.0	0.0	1.2726321262578637e-11	0.0
1.0	0.0	1.2726323451452629e-11	0.0
1.0	0.0	1.2726326320518112e-11	0.0
1.0	0.0	1.2726330079174525e-11	0.0
1.0	0.0	1.2726335000689696e-11	0.0
1.0	0.0	1.2726341441498771e-11	0.0
1.0	0.0	1.2726349866278548e-11	0.0
1.0	0.0	1.2726360880508935e-11	0.0
1.0	0.0	1.272637527273371e-11	0.0
1.0	0.0	1.2726394069381084e-11	0.0
1.0	0.0	1.272641860583753e-11	0.0
1.0	0.0	1.2726450618543487e-11	0.0
1.0	0.0	1.2726492364262725e-11	0.0
1.0	0.0	1.272654677445725e-11	0.0
1.0	0.0	1.272661765498837e-11	0.0
1.0	0.0	1.2726709944306269e-11	0.0
1.0	0.0	1.2726830047067478e-11	0.0
1.0	0.0	1.2726986264968266e-11	0.0
1.0	0.0	1.2727189352800023e-11	0.0
1.0	0.0	1.2727453235703118e-11	0.0
1.0	0.0	1.2727795933805573e-11	0.0
1.0	0.0	1.2728240753501518e-11	0.0
1.0	0.0	1.2728817821343255e-11	0.0
1.0	0.0	1.2729566057892469e-11	0.0
1.0	0.0	1.2730535716179443e-11	0.0
1.0	0.0	1.2731791644274743e-11	0.0
1.0	0.0	1.2733417475944838e-11	0.0
1.0	0.0	1.2735521010052702e-11	0.0
1.0	0.0	1.27382411115845e-11	0.0
1.0	0.0	1.2741756559124258e-11	0.0
1.0	0.0	1.2746297380562296e-11	0.0
1.0	0.0	1.2752159367510416e-11	0.0
1.0	0.0	1.2759722647778856e-11	0.0
1.0	0.0	1.2769475435031563e-11	0.0
1.0	0.0	1.27820443788625e-11	0.0
1.0	0.0	1.2798233324013552e-11	0.0
1.0	0.0	1.2819072775679748e-11	0.0
1.0	0.0	1.2845882985733973e-11	0.0
1.0	0.0	1.2880354356087302e-11	0.0
1.0	0.0	1.2924649842778576e-11	0.0
1.0	0.0	1.2981535291084988e-11	0.0
1.0	0.0	1.3054545204829151e-11	0.0
1.0	0.0	1.3148193435882746e-11	0.0
1.0	0.0	1.3268240777462405e-11	0.0
1.0	0.0	1.3422034588256687e-11	0.0
1.0	0.0	1.3618939527467493e-11	0.0
1.0	0.0	1.3870883447875294e-11	4.688814979359162e-14
1.0	0.0	1.4193048729893915e-11	1.3936432394572208e-13
1.0	0.0	1.4604747161743324e-11	2.4946347877310274e-13
1.0	0.0	1.5130526274447787e-11	3.805420344725969e-13
1.0	0.0	1.5801567316612824e-11	5.365949713051791e-13
1.0	0.0	1.6657450413021673e-11	7.223771075392035e-13
1.0	0.0	1.774838165015394e-11	9.435473565904826e-13
1.0	0.0	1.9138000809287546e-11	1.206840305191981e-12
1.0	0.0	2.090691838607995e-11	1.5202702726620603e-12
1.0	0.0	2.3157167832052005e-11	1.893373983590535e-12
1.0	0.0	2.6017805404680295e-11	2.337499141577054e-12
1.0	0.0	2.9651947811645225e-11	2.866147564610513e-12
1.0	0.0	3.4265609684955366e-11	3.4953831744338633e-12
1.0	0.0	4.011879215230029e-11	4.2443170718272984e-12
1.0	0.0	4.753938448303273e-11	5.135684235592241e-12
1.0	0.0	5.6940578009302683e-11	6.196529124794758e-12
1.0	0.0	6.884266143883102e-11	7.459020724634277e-12
1.0	0.0	8.390027686109128e-11	8.961421455343805e-12
1.0	0.0	1.0293647548097551e-10	1.0749238979271988e-11
1.0	0.0	1.2698523274057352e-10	1.2876595435340921e-11
1.0	0.0	1.573444778717033e-10	1.5407855171731834e-11
1.0	0.0	1.956421799702967e-10	1.8419559839529065e-11
1.0	0.0	2.439186320041821e-10	2.200272899476346e-11
1.0	0.0	3.047288108328248e-10	2.6265595424512616e-11
1.0	0.0	3.812695958040507e-10	3.133685761296062e-11
1.0	0.0	4.775377377820838e-10	3.736954751371979e-11
1.0	0.0	5.985258293772779e-10	4.454563059721548e-11
1.0	0.0	7.504651899413539e-10	5.308147759948204e-11
1.0	0.0	9.41126611129983e-10	6.323437423596033e-11
1.0	0.0	1.1801923896466499e-9	7.531026723227196e-11
1.0	0.0	1.4797160985248395e-9	8.967298341189215e-11
1.0	0.0	1.8546902317186515e-9	1.0675520453015704e-10
1.0	0.0	2.323746336704637e-9	1.2707153557475336e-10
1.0	0.0	2.9100176916054563e-9	1.5123407019532533e-10
1.0	0.0	3.642201185062242e-9	1.799709359848272e-10
1.0	0.0	4.555863055488971e-9	2.1414839717126454e-10
1.0	0.0	5.695042824077641e-9	2.547972060952079e-10
1.0	0.0	7.114221449790105e-9	3.0314403150961373e-10
1.0	0.0	8.880733845214129e-9	3.606489559023616e-10
1.0	0.0	1.1077722895311422e-8	4.2905023132496516e-10
1.0	0.0	1.3807752580606588e-8	5.10417720384151e-10
1.0	0.0	1.7197222389318544e-8	6.072167342782899e-10
1.0	0.0	2.140175469694637e-8	7.223843228744809e-10
1.0	0.0	2.6612762125029456e-8	8.594204846757078e-10
1.0	0.0	3.306544415470692e-8	1.0224972613952967e-9
1.0	0.0	4.104851274622328e-8	1.216589279923891e-9
1.0	0.0	5.0916006902652525e-8	1.447630024424447e-9
1.0	0.0	6.310162776744015e-8	1.7226989880006452e-9
1.0	0.0	7.813611100397766e-8	2.050245896759652e-9
1.0	0.0	9.66682542473955e-8	2.44035945506064e-9
1.0	0.0	1.1949033710064856e-7	2.905089572444085e-9
1.0	0.0	1.475688126586678e-7	3.4588338519269426e-9
1.0	0.0	1.820813165674702e-7	4.118801308072056e-9
1.0	0.0	2.2446123639722796e-7	4.905568915818608e-9
1.0	0.0	2.7645131549294196e-7	5.843749756449762e-9
1.0	0.0	3.401680370290648e-7	6.962795331647211e-9
1.0	0.0	4.1817885208420166e-7	8.29795918742519e-9
1.0	0.0	5.135946873881992e-7	9.891454478536243e-9
1.0	0.0	6.30180602157481e-7	1.179384469156691e-8
1.0	0.0	7.724879683627285e-7	1.4065714646845225e-8
1.0	0.0	9.460121352564852e-7	1.6779678371842665e-8
1.0	0.0	1.1573802186676815e-6	2.0022791786720012e-8
1.0	0.0	1.4145744414305364e-6	2.3899451727904856e-8
1.0	0.0	1.7271973577756427e-6	2.8534879087298986e-8
1.0	0.0	2.106786337502328e-6	3.407930327138915e-8
1.0	0.0	2.5671858827824835e-6	4.071298838794319e-8
1.0	0.0	3.124987720647403e-6	4.865226925942216e-8
1.0	0.0	3.8000501783498485e-6	5.815679838156126e-8
1.0	0.0	4.6161101292632514e-6	6.953824428319772e-8
1.0	0.0	5.601502817723729e-6	8.317072856597939e-8
1.0	0.0	6.790007157620159e-6	9.950334458269413e-8
1.0	0.0	8.221836678220728e-6	1.1907516686365035e-7
1.0	0.0	9.944799189292903e-6	1.4253323891516435e-7
1.0	0.0	1.2015651484233173e-5	1.7065412011263648e-7
1.0	0.0	1.4501679022992358e-5	2.0436968269244065e-7
1.0	0.0	1.7482534563875146e-5	2.447979803528005e-7
1.0	0.0	2.1052374171336257e-5	2.9328016425679366e-7
1.0	0.0	2.532233393997884e-5	3.514246044374151e-7
1.0	0.0	3.0423396163985185e-5	4.211595895696221e-7
1.0	0.0	3.650969956231295e-5	5.047962314278115e-7
1.0	0.0	4.376235455294937e-5	6.051034986399003e-7
1.0	0.0	5.2393831455860364e-5	7.253976551948209e-7
1.0	0.0	6.265299688515764e-5	8.696487914001241e-7
1.0	0.0	7.483088144477584e-5	1.042607618878554e-6
1.0	0.0	8.92672701313907e-5	1.2499562686286205e-6
1.0	0.0	0.00010635821551764576	1.4984874959311785e-6
1.0	0.0	0.0001265645827603268	1.7963174739113535e-6
1.0	0.0	0.0001504217446487648	2.153138267320768e-6
1.0	0.0	0.00017855055414602822	2.580517140940908e-6
1.0	0.0	0.00021166973101354478	3.0922510976227615e-6
1.0	0.0	0.0002506098079453539	3.7047864879423236e-6
1.0	0.0	0.00029632878992610174	4.437715219831385e-6
1.0	0.0	0.0003499296879760148	5.3143610606383e-6
1.0	0.0	0.00041268009471508805	6.362471810299944e-6
1.0	0.0	0.0004860339738722017	7.615035784275643e-6
1.0	0.0	0.0005716558385295508	9.111244138737455e-6
1.0	0.0	0.000671447493014335	1.0897624168540213e-5
1.0	0.0	0.0007875775103494657	1.3029372893323533e-5
1.0	0.0	0.000922513610407477	1.5571925116402426e-5
1.0	0.0	0.0010790580926610105	1.860279581128563e-5
1.0	0.0	0.0012603864608991223	2.2213743301817397e-5
1.0	0.0	0.0014700893546109805	2.6513307424719313e-5
1.0	0.0	0.0017122178719667614	3.16297859085512e-5
1.0	0.0	0.0019913324979550463	3.771463038364122e-5
1.0	0.0	0.002312555301917545	4.494654759518927e-5
1.0	0.0	0.002681625622702335	5.3536242592663606e-5
1.0	0.0	0.003104959053331149	6.373196461547798e-5
1.0	0.0	0.003589709590136258	7.582595812029767e-5
1.0	0.0	0.004143834637865073	9.016199435871958e-5
1.0	0.0	0.004776162532532856	0.00010714414238568076
1.0	0.0	0.005496462114545684	0.00012724697879618404
1.0	0.0	0.006315513767838316	0.00015102746511125051
1.0	0.0	0.007245181215606482	0.0001791387545406904
1.0	0.0	0.00829848322182859	0.00021234623149290688
1.0	0.0	0.009489664200153031	0.00025154613312845326
1.0	0.0	0.010834262575788827	0.0002977871556129704
1.0	0.0	0.012349175584545208	0.0003522955091383694
1.0	0.0	0.014052719028857257	0.000416503956395203
1.0	0.0	0.015964680346542377	0.0004920854504907077
1.0	0.0	0.018106363188045434	0.0005809920818659327
1.0	0.0	0.02050062154645642	0.0006855001514129085
1.0	0.0	0.023171881346668827	0.0008082623108031977
1.0	0.0	0.02614614728133884	0.0009523678533544434
1.0	0.0	0.029450992587984587	0.0011214124022104635
1.0	0.0	0.033115529400300936	0.0013195784301074803
1.0	0.0	0.03717035728459172	0.001551728259733724
1.0	0.0	0.041647487596437785	0.001823511439091508
1.0	0.0	0.0465802413707027	0.002141488665936346
1.0	0.0	0.052003118597044304	0.00251327475294039
1.0	0.0	0.057951636940242385	0.0029477034842094333
1.0	0.0	0.06446213824637909	0.003455017617255921
1.0	0.0	0.07157156153791672	0.004047087734765001
1.0	0.0	0.07931718164771055	0.004737664148408937
1.0	0.0	0.08773631318315588	0.005542682167961689
1.0	0.0	0.09686597992037982	0.006480302189209115
1.0	0.0	0.10674255114010192	0.007571649090970428
1.0	0.0	0.11740134635942853	0.008841147042307812
1.0	0.0	0.12887621121939077	0.010316983620207342
1.0	0.0	0.1411990682697486	0.01203167240972106
1.0	0.0	0.15439944734328384	0.01402269700711797
1.0	0.0	0.16850400131417662	0.016333247797074343
1.0	0.0	0.18353601415480636	0.019013064468956693
1.0	0.0	0.19951490933807497	0.02211939911806594
1.0	0.0	0.21645576774781608	0.025718117042037112
1.0	0.0	0.23436886531619405	0.029884955135502263
1.0	0.0	0.25325924154358753	0.03470696132657448
1.0	0.0	0.2731263107808764	0.04028414311842004
1.0	0.0	0.2939635285183833	0.04673135950217487
1.0	0.0	0.3157581246850175	0.054180499061607615
1.0	0.0	0.33849091469914855	0.06278299916872933
1.0	0.0	0.3621361960119383	0.07271277857338847
1.0	0.0	0.3866617318983652	0.08416968119351746
1.0	0.0	0.41202881311433603	0.09738356681241768
1.0	0.0	0.43819236799524797	0.11261924135892316
1.0	0.0	0.4651010561705289	0.13018250584197677
1.0	0.0	0.49269721939666594	0.15042773474262972
1.0	0.0	0.5209164570882714	0.1737675954755358
1.0	0.0	0.5496864156048739	0.2006858126207167
1.0	0.0	0.5789240754218381	0.2317543627750838
1.0	0.0	0.08205749041332559	0.0
1.0	0.0	0.1311268812305004	0.0
1.0	0.0	0.18122462046411392	0.0
1.0	0.0	0.23274759531531597	0.0
1.0	0.0	0.2870277079669617	0.0
1.0	0.0	0.34637565758836464	0.0
1.0	0.0	0.41496828441002515	0.0
1.0	0.0	0.44506288921028797	0.044005966532489185
1.0	0.0	0.485496883560382	0.0
1.0	0.0	0.525157995709311	0.0
1.0	0.0	0.5635838203412054	0.0
1.0	0.0	0.600729873943678	0.0
1.0	0.0	0.6366141612441049	0.0
1.0	0.0	0.6712675085784628	0.0
1.0	0.0	0.7047346715797492	0.0
1.0	0.0	0.737073093151656	0.0
1.0	0.0	1.0	0.0
1.0	0.0	1.0	0.0
1.0	0.0	1.0	0.0
1.0	0.0	1.0	0.0
1.0	0.0	1.0	0.0
1.0	0.0	1.0	0.0
1.0	0.0	1.0	0.0
1.0	0.0	1.0	0.0
1.0	0.0	1.0	0.0
1.0	0.0	1.0	0.0
1.0	0.0	1.0	0.0
1.0	0.0	1.0	0.0
1.0	0.0	1.0	0.0
1.0	0.0	1.0	0.0
1.0	0.0	1.0	0.0
1.0	0.0	1.0	0.0
1.0	0.0	1.0	0.0
1.0	0.0	1.0	0.0
1.0	0.0	1.0	0.0
1.0	0.0	1.0	0.0
1.0	0.0	1.0	0.0
1.0	0.0	1.0	0.0
1.0	0.0	1.0	0.0
1.0	0.0	1.0	0.0
1.0	0.0	1.0	0.0
1.0	0.0	1.0	0.0
1.0	0.0	1.0	0.0
1.0	0.0	1.0	0.0
1.0	0.0	1.0	0.0
1.0	0.0	1.0	0.0
1.0	0.0	1.0	0.0
1.0	0.0	1.0	0.0
1.0	0.0	1.0	0.0
1.0	0.0	1.0	0.0
1.0	0.0	1.0	0.0
1.0	0.0	1.0	0.0
1.0	0.0	1.0	0.0
1.0	0.0	1.0	0.0
1.0	0.0	1.0	0.0
1.0	0.0	1.0	0.0
1.0	0.0	1.0	0.0
1.0	0.0	1.0	0.0
1.0	0.0	1.0	0.0
1.0	0.0	1.0	0.0
1.0	0.0	1.0	0.0
1.0	0.0	1.0	0.0
1.0	0.0	1.0	0.0
1.0	0.0	1.0	0.0
1.0	0.0	1.0	0.0
1.0	0.0	1.0	0.0
1.0	0.0	1.0	0.0
1.0	0.0	1.0	0.0
1.0	0.0	1.0	0.0
1.0	0.0	1.0	0.0
1.0	0.0	1.0	0.0
1.0	0.0	1.0	0.0
1.0	0.0	1.0	0.0
1.0	0.0	1.0	0.0
1.0	0.0	1.0	0.0
1.0	0.0	1.0	0.0
1.0	0.0	1.0	0.0
1.0	0.0	1.0	0.0
1.0	0.0	1.0	0.0
1.0	0.0	1.0	0.0
1.0	0.0	1.0	0.0
1.0	0.0	1.0	0.0
1.0	0.0	1.0	0.0
1.0	0.0	1.0	0.0
1.0	0.0	1.0	0.0
1.0	0.0	1.0	0.0
1.0	0.0	1.0	0.0
1.0	0.0	1.0	0.0
1.0	0.0	1.0	0.0
1.0	0.0	1.0	0.0
1.0	0.0	1.0	0.0
1.0	0.0	1.0	0.0
1.0	0.0	1.0	0.0
1.0	0.0	1.0	0.0
1.0	0.0	1.0	0.0
1.0	0.0	1.0	0.0
1.0	0.0	1.0	0.0
1.0	0.0	1.0	0.0
1.0	0.0	1.0	0.0
1.0	0.0	1.0	0.0
1.0	0.0	1.0	0.0
1.0	0.0	1.0	0.0
1.0	0.0	1.0	0.0
1.0	0.0	1.0	0.0
1.0	0.0	1.0	0.0
1.0	0.0	1.0	0.0
1.0	0.0	1.0	0.0
1.0	0.0	1.0	0.0
1.0	0.0	1.0	0.0
1.0	0.0	1.0	0.0
1.0	0.0	1.0	0.0
1.0	0.0	1.0	0.0
1.0	0.0	1.0	0.0
1.0	0.0	1.0	0.0
1.0	0.0	1.0	0.0
1.0	0.0	1.0	0.0
1.0	0.0	1.0	0.0
1.0	0.0	1.0	0.0
1.0	0.0	1.0	0.0
1.0	0.0	1.0	0.0
1.0	0.0	1.0	0.0
1.0	0.0	1.0	0.0
1.0	0.0	1.0	0.0
1.0	0.0	1.0	0.0
1.0	0.0	1.0	0.0
1.0	0.0	1.0	0.0
1.0	0.0	1.0	0.0
1.0	0.0	1.0	0.0
1.0	0.0	1.0	0.0
1.0	0.0	1.0	0.0
1.0	0.0	1.0	0.0
1.0	0.0	1.0	0.0
1.0	0.0	1.0	0.0
1.0	0.0	1.0	0.0
1.0	0.0	1.0	0.0
1.0	0.0	1.0	0.0
1.0	0.0	1.0	0.0
1.0	0.0	1.0	0.0
1.0	0.0	1.0	0.0
1.0	0.0	1.0	0.0
1.0	0.0	1.0	0.0
1.0	0.0	1.0	0.0
1.0	0.0	1.0	0.0
1.0	0.0	1.0	0.0
1.0	0.0	1.0	0.0
1.0	0.0	1.0	0.0
