0.01
0.03
0.05
0.07
0.09
0.11
0.13
0.15000000000000002
0.16999999999999998
0.19
0.21000000000000002
0.22999999999999998
0.25
0.27
0.29000000000000004
0.31
0.33
0.35
0.37
0.39
0.41000000000000003
0.43
0.45
0.47
0.49
0.51
0.53
0.55
0.5700000000000001
0.59
0.61
0.63
0.65
0.67
0.6900000000000001
0.71
0.73
0.75
0.77
0.79
0.81
0.8300000000000001
0.85
0.87
0.89
0.91
0.93
0.95
0.97
0.99
1.01
1.03
1.05
1.07
1.09
1.11
1.1300000000000001
1.15
1.17
1.19
1.21
1.23
1.25
1.27
1.29
1.31
1.33
1.35
1.37
1.3900000000000001
1.4100000000000001
1.43
1.45
1.47
1.49
1.51
1.53
1.55
1.57
1.59
1.61
1.6300000000000001
1.6500000000000001
1.67
1.69
1.71
1.73
1.75
1.77
1.79
1.81
1.83
1.85
1.87
1.8900000000000001
1.9100000000000001
1.93
1.95
1.97
1.99
