2.1899998949961587e-5	0.9653131624179537
2.607141899027097e-5	0.9616983622996633
3.1037148175040916e-5	0.9613353786801262
3.6948390410969896e-5	0.9613353786801262
4.3985113965771377e-5	0.9613353786801262
5.236151623651786e-5	0.9613353786801262
6.233252394620248e-5	0.9613353786801262
7.420152388474151e-5	0.9613353786801262
8.832955567046934e-5	0.9613353786801262
0.00010514624098883609	0.9613353786801262
0.0001251627745134261	0.9613353786801262
0.00014898736155373116	0.9613353786801261
0.00017734355792197072	0.9613353786801261
0.00021109205029602222	0.9613353786801261
0.0002512565124283281	0.9613353786801259
0.0002990542860898686	0.9613353786801259
0.00035593276804181926	0.961335378680126
0.00042361253818609353	0.961335378680126
0.0005041384420883538	0.961335378680126
0.0005999400460642572	0.9613353786801258
0.0007139031176311298	0.9613353786801259
0.0008494540506655316	0.9613353786801259
0.0010106594546911388	0.9613353786801259
0.0012023434617770075	0.9613353786801259
0.0014302256710838736	0.9613353786801259
0.0017010830458183332	0.961335378680126
0.002022939491712891	0.9613353786801259
0.0024052872656507127	0.9613353786801259
0.0028593447648976914	0.9613353786801259
0.0033983555974453437	0.9613353786801259
0.004037934082837928	0.9613353786801259
0.004796462411127633	0.9613353786801259
0.005695544499903046	0.961335378680126
0.00676052100744838	0.9613353786801262
0.008021048815207574	0.9613353786801269
0.009511746367415305	0.9613353786801276
0.011272903276644061	0.9613353786801292
0.013351248237053357	0.9613353786801319
0.01580076313841113	0.9613353786801371
0.0186835229007666	0.961335378680146
0.022070529488433854	0.9613353786801623
0.026042494382540252	0.9613353786801926
0.030690506189388164	0.9613353786802469
0.03611649900268029	0.9613353786803446
0.04243341306531394	0.9613353786805214
0.049764913394257516	0.9613353786808418
0.05824450664688346	0.9613353786814199
0.06801387539974384	0.9613353786824633
0.07922023774459705	0.9613353786843463
0.09201254611779189	0.96133537868774
0.10653637150601492	0.9613353786938539
0.12292738690537397	0.9613353787048571
0.1413034745367085	0.9613353787246448
0.1617556367198044	0.9613353787601995
0.1843380820068039	0.961335378824021
0.20905806181237108	0.9613353789384701
0.23586620311201603	0.9613353791434864
0.26464815076102693	0.961335379510319
0.29521820613135985	0.9613353801658829
0.3273152145990618	0.9613353813359002
0.3606146835804878	0.961335383421145
0.395009666513882	0.961335387131899
0.43076389103768775	0.9613353937244851
0.4682001751646582	0.9613354054162304
0.5077006114067327	0.961335426111321
0.5497163279122173	0.9613354626662385
0.5947512142890137	0.9613355270877568
0.643391528440311	0.9613356403348752
0.6962785455459556	0.9613358388642212
0.7538529158450553	0.9613361858380917
0.8158052689217808	0.9613367901978751
0.8816243981932166	0.961337838888482
0.9505930432075951	0.9613396508377402
1.0	0.961342766454065
1.0	0.9613480941592475
1.0	0.9613571465489881
1.0	0.9613724133120138
1.0	0.961397934121972
1.0	0.9614401448805819
1.0	0.961509054109376
1.0	0.961619711917567
1.0	0.9617936451855681
1.0	0.9620591944957043
1.0	0.0
1.0	0.0
1.0	0.0
1.0	0.0
1.0	0.0
1.0	0.0
1.0	0.0
1.0	0.0
1.0	0.0
1.0	0.0
1.0	0.0
1.0	0.0
1.0	0.0
1.0	0.0
1.0	0.0
1.0	0.0
1.0	0.0
1.0	0.0
1.0	0.0
1.0	0.0
1.0	0.0
1.0	0.0
1.0	0.0
1.0	0.0
1.0	0.0
1.0	0.0
1.0	0.0
1.0	0.0
1.0	0.0
1.0	0.0
1.0	0.0
1.0	0.0
1.0	0.0
1.0	0.0
1.0	0.0
1.0	0.0
1.0	0.0
1.0	0.0
1.0	0.0
1.0	0.0
1.0	0.0
1.0	0.0
1.0	0.0
1.0	0.0
1.0	0.0
1.0	0.0
1.0	0.0
1.0	0.0
1.0	0.0
1.0	0.0
1.0	0.0
1.0	0.0
1.0	0.0
1.0	0.0
1.0	0.0
1.0	0.0
1.0	0.0
1.0	0.0
1.0	0.0
1.0	0.0
1.0	0.0
1.0	0.0
1.0	0.0
1.0	0.0
1.0	0.0
1.0	0.0
1.0	0.0
1.0	0.0
1.0	0.0
1.0	0.0
1.0	0.0
1.0	0.0
1.0	0.0
1.0	0.0
1.0	0.0
1.0	0.0
1.0	0.0
1.0	0.0
1.0	0.0
1.0	0.0
1.0	0.0
1.0	0.0
1.0	0.0
1.0	0.0
1.0	0.0
1.0	0.0
1.0	0.0
1.0	0.0
1.0	0.0
1.0	0.0
1.0	0.0
1.0	0.0
1.0	0.0
1.0	0.0
1.0	0.0
1.0	0.0
1.0	0.0
1.0	0.0
1.0	0.0
1.0	0.0
1.0	0.0
1.0	0.0
1.0	0.0
1.0	0.0
1.0	0.0
1.0	0.0
1.0	0.0
1.0	0.0
1.0	0.0
1.0	0.0
1.0	0.0
1.0	0.0
1.0	0.0
1.0	0.0
1.0	0.0
1.0	0.0
1.0	0.0
1.0	0.0
1.0	0.0
1.0	0.0
1.0	0.0
1.0	0.0
1.0	0.0
1.0	0.0
1.0	0.0
1.0	0.0
1.0	0.0
1.0	0.0
1.0	0.0
1.0	0.0
1.0	0.0
1.0	0.0
1.0	0.0
1.0	0.0
1.0	0.0
1.0	0.0
1.0	0.0
1.0	0.0
1.0	0.0
1.0	0.0
1.0	0.0
1.0	0.0
1.0	0.0
1.0	0.0
1.0	0.0
1.0	0.0
1.0	0.0
1.0	0.0
1.0	0.0
1.0	0.0
1.0	0.0
1.0	0.0
1.0	0.0
1.0	0.0
1.0	0.0
1.0	0.0
1.0	0.0
1.0	0.0
1.0	0.0
1.0	0.0
1.0	0.0
1.0	0.0
1.0	0.0
1.0	0.0
1.0	0.0
1.0	0.0
1.0	0.0
1.0	0.0
1.0	0.0
1.0	0.0
1.0	0.0
1.0	0.0
1.0	0.0
1.0	0.0
1.0	0.0
1.0	0.0
1.0	0.0
1.0	0.0
1.0	0.0
1.0	0.0
1.0	0.0
1.0	0.0
1.0	0.0
1.0	0.0
1.0	0.0
1.0	0.0
1.0	0.0
1.0	0.0
1.0	0.0
1.0	0.0
1.0	0.0
1.0	0.0
1.0	0.0
1.0	0.0
1.0	0.0
1.0	0.0
1.0	0.0
1.0	0.0
1.0	0.0
1.0	0.0
1.0	0.0
1.0	0.0
1.0	0.0
1.0	0.0
1.0	0.0
1.0	0.0
1.0	0.0
1.0	0.0
1.0	0.0
1.0	0.0
1.0	0.0
1.0	0.0
1.0	0.0
1.0	0.0
1.0	0.0
1.0	0.0
1.0	0.0
1.0	0.0
1.0	0.0
1.0	0.0
1.0	0.0
1.0	0.0
1.0	0.0
1.0	0.0
1.0	0.0
1.0	0.0
1.0	0.0
1.0	0.0
1.0	0.0
1.0	0.0
1.0	0.0
1.0	0.0
1.0	0.0
1.0	0.0
1.0	0.0
1.0	0.0
1.0	0.0
1.0	0.0
1.0	0.0
1.0	0.0
1.0	0.0
1.0	0.0
1.0	0.0
1.0	0.0
1.0	0.0
1.0	0.0
1.0	0.0
1.0	0.0
1.0	0.0
1.0	0.0
1.0	0.0
1.0	0.0
1.0	0.0
1.0	0.0
1.0	0.0
1.0	0.0
1.0	0.0
1.0	0.0
1.0	0.0
1.0	0.0
1.0	0.0
1.0	0.0
1.0	0.0
1.0	0.0
1.0	0.0
1.0	0.0
1.0	0.0
1.0	0.0
1.0	0.0
1.0	0.0
1.0	0.0
1.0	0.0
1.0	0.0
1.0	0.0
1.0	0.0
1.0	0.0
1.0	0.0
1.0	0.0
1.0	0.0
1.0	0.0
1.0	0.0
1.0	0.0
1.0	0.0
1.0	0.0
1.0	0.0
1.0	0.0
1.0	0.0
1.0	0.0
1.0	0.0
1.0	0.0
1.0	0.0
1.0	0.0
1.0	0.0
1.0	0.0
1.0	0.0
1.0	0.0
1.0	0.0
1.0	0.0
1.0	0.0
1.0	0.0
1.0	0.0
1.0	0.0
1.0	0.0
1.0	0.0
1.0	0.0
1.0	0.0
1.0	0.0
1.0	0.0
1.0	0.0
1.0	0.0
1.0	0.0
1.0	0.0
1.0	0.0
1.0	0.0
1.0	0.0
1.0	0.0
1.0	0.0
1.0	0.0
1.0	0.0
1.0	0.0
1.0	0.0
1.0	0.0
1.0	0.0
1.0	0.0
1.0	0.0
1.0	0.0
1.0	0.0
1.0	0.0
1.0	0.0
1.0	0.0
1.0	0.0
1.0	0.0
1.0	0.0
1.0	0.0
1.0	0.0
1.0	0.0
1.0	0.0
1.0	0.0
1.0	0.0
1.0	0.0
1.0	0.0
1.0	0.0
1.0	0.0
1.0	0.0
1.0	0.0
1.0	0.0
1.0	0.0
1.0	0.0
1.0	0.0
1.0	0.0
1.0	0.0
1.0	0.0
1.0	0.0
1.0	0.0
1.0	0.0
1.0	0.0
1.0	0.0
1.0	0.0
1.0	0.0
1.0	0.0
1.0	0.0
1.0	0.0
1.0	0.0
1.0	0.0
1.0	0.0
1.0	0.0
1.0	0.0
1.0	0.0
1.0	0.0
1.0	0.0
1.0	0.0
1.0	0.0
1.0	0.0
1.0	0.0
1.0	0.0
1.0	0.0
1.0	0.0
1.0	0.0
1.0	3.329019924620795e-12
1.0	1.3671013655117468e-11
1.0	1.7249448160493864e-11
1.0	1.7223522259826323e-11
1.0	1.5479923023824073e-11
1.0	1.3109432091077903e-11
1.0	1.0680293585156419e-11
1.0	8.49166473023599e-12
1.0	6.62366747937969e-12
1.0	5.107901276902096e-12
1.0	3.916887330011198e-12
1.0	3.0016389681674424e-12
1.0	2.3240203521344857e-12
1.0	1.8131985957966688e-12
1.0	1.4572750922933564e-12
1.0	1.1926832198139998e-12
1.0	9.996650677827495e-13
1.0	8.639106226698723e-13
1.0	7.781098338154695e-13
1.0	7.140769334679334e-13
1.0	6.651247225415037e-13
1.0	6.345340565535259e-13
1.0	6.051935626040677e-13
1.0	5.925499992893966e-13
1.0	5.802669489526047e-13
1.0	5.751229478802426e-13
1.0	5.683527002336554e-13
1.0	0.0
1.0	0.0
1.0	0.0
1.0	0.0
1.0	0.0
1.0	0.0
1.0	0.0
1.0	0.0
1.0	0.0
1.0	4.95527110033656e-13
1.0	4.979790460605993e-13
1.0	0.0
1.0	0.0
1.0	0.0
1.0	0.0
1.0	0.0
1.0	0.0
1.0	0.0
1.0	0.0
1.0	0.0
1.0	0.0
1.0	0.0
1.0	0.0
1.0	0.0
1.0	0.0
1.0	0.0
1.0	0.0
1.0	0.0
1.0	0.0
1.0	0.0
1.0	0.0
1.0	0.0
1.0	0.0
1.0	0.0
1.0	0.0
1.0	0.0
1.0	0.0
1.0	0.0
1.0	0.0
1.0	0.0
1.0	0.0
1.0	0.0
1.0	0.0
1.0	0.0
1.0	0.0
1.0	0.0
1.0	0.0
1.0	0.0
1.0	0.0
1.0	0.0
1.0	0.0
1.0	0.0
1.0	0.0
1.0	0.0
1.0	0.0
1.0	0.0
1.0	0.0
1.0	0.0
1.0	0.0
1.0	0.0
1.0	0.0
1.0	0.0
1.0	0.0
1.0	0.0
1.0	0.0
1.0	0.0
1.0	0.0
1.0	0.0
1.0	0.0
1.0	0.0
1.0	0.0
1.0	0.0
1.0	0.0
1.0	0.0
1.0	0.0
1.0	0.0
1.0	0.0
1.0	0.0
1.0	0.0
1.0	0.0
1.0	0.0
1.0	0.0
1.0	0.0
1.0	0.0
1.0	0.0
1.0	0.0
1.0	0.0
1.0	4.20427673669061e-14
1.0	4.029309485355651e-14
1.0	3.299387718891508e-14
1.0	3.4543795425590965e-14
1.0	2.679462506742307e-14
1.0	3.163032984933613e-14
1.0	2.549765257727773e-14
1.0	1.6892456802177392e-14
1.0	1.394333378032204e-14
1.0	1.7325951218150532e-14
1.0	1.6933610408229684e-14
1.0	1.8554385723288395e-14
1.0	1.7255611941828764e-14
1.0	1.3978134320102089e-14
1.0	0.0
1.0	0.0
1.0	0.0
1.0	6.66206961215957e-15
1.0	0.0
1.0	0.0
1.0	0.0
1.0	0.0
1.0	0.0
1.0	0.0
1.0	0.0
