7.659361348339096
9.823427424267882
3.165187934699463
3.0974924429068564
3.1247074776362664
3.1191584876621317
3.13544300271769
3.147958802186919
3.1423107849742076
3.1659002419867623
3.16203806674263
3.1744768258079485
3.1884173283844954
3.188868870226951
3.1854065405039167
3.1974971109221726
3.1898684682696694
3.200063521571006
3.19581535081738
3.2137171140918888
3.6273505108387547
3.255665291102648
4.264991857780295
3.321055725080991
3.2306763366586195
3.7148436430745777
3.3003624760548833
4.2559581986252315
3.35700283903795
3.265658542872267
4.472377590716417
3.391835347007724
3.2824335126339044
3.185987543442242
5.244907265516399
3.451972565622729
3.304425543961815
3.2797456458051033
4.4555759012248926
3.407324781523606
3.2951777338731993
3.4814537809227435
3.262855313985154
5.259395791349886
3.471716065375293
3.304208366724489
3.290351552099885
4.119846368215105
3.467577259320466
3.3071397831804807
2.420858693025535
3.199885234020768
2.299118985003634
1.8267170907726449
1.7559133368865834
1.640549820724086
1.5816910672712714
1.4879788646207162
1.385107149218902
1.30052044944289
1.1977281153416954
1.121685964659239
1.05915805144471
0.979265275145437
0.9209440105425278
0.821667118230691
0.7645463584953501
0.709216599732785
0.6568287542277585
0.6293909989339326
0.6086786761259457
0.5051054082764328
0.5188914086501129
0.44503935541859413
0.4483624074093961
0.3818423533064267
0.43330868908817644
0.3230184223447634
0.3585696855642272
0.34501877007285486
0.26766505948032066
0.30116748655497594
0.33752526897129254
0.23882821665621962
0.2360512525932725
0.2622907832997538
0.29315770374450584
0.2114873899785684
0.19563134261233234
0.21373050296361867
0.2345155672301791
0.25770474195586957
0.18550670688102947
0.17383732794923687
0.18855967099371915
0.2054279343806634
0.2249654324490632
0.2174555659643205
0.1733643633893074
0.18194321668103097
