16.500000003748607
15.310000003748563
13.200000003748604
9.900000003787861
6.6000000038327356
3.3000000038935045
0.23408612784770574
0.23408612784770574
0.23408612784770574
0.23408612784770574
0.23408612784770574
0.23408612784770574
0.23408612784770574
0.23408612784770574
0.23408612784770574
0.23408612784770574
0.23408612784770574
0.23408612784770574
0.23408612784770574
0.23408612784770574
0.23411739649444194
0.23567060772547796
0.23569066302645708
0.23648789351546087
0.23767410001012
0.2388913474139867
0.24433394491938232
0.2508218964026776
0.2573414943191298
0.26157049883696953
0.2663093767992846
0.2759567789036883
0.28891397969510313
0.2937532534209754
0.31775270051340243
0.31353168367451056
0.3156124956979902
0.3137916975747734
0.31660801857360027
0.3271481094582002
0.3045534859883467
0.34290248272985824
0.2989565384937026
0.3278308113616264
0.3057909913252498
0.3405188583426452
0.2990260114143733
0.327868457611599
0.30590157331596535
0.3405188532556959
0.29921626599848655
0.2829309024979699
0.2720121069876099
0.2680821950599851
0.26348073720220844
0.26275086827968414
0.2605232782088788
0.2590211753768052
0.25777186341220365
0.25616233596129595
0.2554919896960472
0.25427775456617163
0.2539175751271258
0.2523439072794254
0.2524503178326402
0.25136913387886706
0.2515466988829825
0.250073466709397
0.2503589235692802
0.2492855370798862
0.24966028995689893
0.2482257606851464
0.24863087942060474
0.24752811930690882
0.24803678096418472
0.24660879395075042
0.24713900596562355
0.24614859901251745
0.24677020323171667
0.24582417706312382
0.24650328144603018
0.24553404811109453
0.24621819933203332
0.24526167164576096
0.24582847274848318
0.244633069106392
0.24527429156822475
0.2443167778016624
0.24501399178529157
0.2441838802282033
0.24489603334204654
0.2439156582579963
0.2445656451353171
0.24373145785956185
0.244427058696146
0.2435274722769749
0.2442330196430077
0.24337593892259865
0.24406438330713884
0.24318815981632358
0.24377987031633214
0.2427023757348875
0.24336958607198375
0.2425314212322576
0.24322447193234284
0.2424733330544096
0.24315174029620762
0.24227660089033487
0.24289297001877408
0.24214908320710474
0.2427316525478617
0.24202441384433254
0.24261491936119417
0.24185943113598174
0.24249679721921713
0.24183345519256594
0.24246455930247796
0.24163070370691445
0.24221234837265754
0.241537108122085
0.24217167405260176
0.24152604745391462
0.2421479916371957
0.2413455105645646
0.241962491860908
0.24133019248060636
0.2419216004418602
0.24102298491321755
0.24159139982793185
0.24088135823976384
0.24146515246130132
0.24087313632447183
0.24141878216824675
0.24082510504221866
0.24140234489669363
0.24074496912487323
0.24130699364115238
0.2407453324034245
0.24131456671029974
0.2407035644517443
0.2413023081467829
0.24066727221142364
0.24113264227923487
0.24032600908831633
0.24084491039828246
0.24024551721171705
0.2407715740031857
0.24025436192512512
0.2407936407625496
0.24028517250107673
0.24079053847964701
0.24022003976918868
0.24072139928560332
0.2401698113616251
0.2406890181162616
0.24014651525494543
0.24057829574090034
0.24000629755185032
0.24042757027226058
0.23991576613634322
0.24036168964289595
0.23985393039663286
0.2403462168797981
0.23977920788252668
0.24024398764274077
0.23979830274818553
0.240271836403854
0.23982406934560058
0.2402824615119526
0.23975531768426156
0.2401497749666905
0.239688673211906
0.2401142393485344
0.23965964852283358
0.24010799798970275
0.23969585803180674
0.24014358464681765
0.23963153249253388
0.2400402730727045
0.23961933036614577
0.24005591181335467
0.2396024106960658
0.24002184550642652
0.23952581570560333
0.2399335250912231
0.23952878283904563
0.23994646211692247
0.23950144680468205
0.23987447567304956
0.2394364450216443
0.2398362929837035
0.23939616871949004
0.23978288764958877
0.239415021160209
0.2398112641594397
0.23937464792386326
0.23976210022172173
0.23935014475169508
0.23972183398765254
0.23936217887024627
0.23971748271021037
0.23925763231781544
0.23958277725600718
0.239214117813712
0.23954617242135504
0.23893509819152395
0.23928110787052592
0.23894026067201363
0.2393139681444894
0.23897137410734687
0.23934387516952513
0.2390304523679389
0.2393857753563913
0.2390623455967214
0.23940348439980186
0.23897758234404892
0.2392906511423169
0.23894661347025545
0.23928392544182192
0.23892404297851083
0.23925903177242122
0.2389546955753698
0.23928619989910893
0.2389443190747924
0.2393060538796728
0.23900559415334469
0.2392776642535305
0.23877557369173738
0.2390914304372605
0.23880274099321921
0.23911852861094363
0.23876386639332403
0.23907945630657043
0.23877497087214566
0.23905265846713145
0.2387613488622416
0.2390624662765558
0.23872349855598668
0.23906543333010857
0.23878549626681828
0.23906654416265238
0.23876868140602703
0.2390367854709628
0.23876170333644708
0.2390682850974674
0.23873401950363213
0.2390683843928568
0.2387644465537369
0.23906305039733744
0.2387958666161961
0.23903499591256205
0.23853987579201213
0.23884936785947236
0.23859496751194006
0.23888815465048457
0.2386186426078443
0.23888246259864307
0.23862453697217303
0.2388812446402459
0.23860399150074924
0.2389189296256073
0.23866820641610206
0.2389458957323079
0.23866066369859615
0.23890050885195271
0.2385776667032922
0.23884910672393875
0.2386064898975292
0.2389105286939362
0.23866423507755916
0.23892427397224994
0.23866678892110177
0.23891434574486278
0.23863412434870018
0.2388689026626853
0.23847285640064073
0.2387191804484705
0.23850297852483723
0.2387464810714442
0.23847028102508822
0.23868596008365395
0.23846974038536073
0.23874956245769746
0.2385297240883666
0.2387821029357961
0.23852685524825235
0.23873771851306386
0.23843511974127538
0.23866573736726798
0.2384419746563382
0.23868591876198791
0.23847942209556247
0.2387134788885539
0.23845496007748496
0.23868766412327985
0.2384535294788363
0.23871592714844095
0.2385012763996644
0.23869002940707035
0.23833596649138683
0.23855388046791287
0.23835723940084802
0.23857454306772763
0.23836791182784373
0.23859089781558543
0.23839112536313345
0.23857783994226736
0.23835897505128284
0.23857034625673224
0.23838752320015555
0.23862773904420795
0.238402540087735
0.2386081348510971
0.23837440055036194
0.2385701754252962
0.23839904082272456
0.2386035680485046
0.23839081825969727
0.2386143466063394
0.23845202765615
0.2386077913487985
0.23829232799062103
0.23846479152867067
0.23825394715953324
0.23844409492214996
0.23828309693455252
0.23847088836853741
0.23825707086015344
0.23840536216201702
0.2382318426332456
0.23838225196015708
0.23821482953580214
0.23841996974922994
0.23826132116132787
0.23846797912685178
0.23832222102093825
0.23847045167065034
0.23827254246186302
0.23841091904856498
0.23826301938658298
0.2384549076828802
0.2382681880636409
0.23843116419720634
0.23826243331336816
0.23843267133605783
0.2382904441984403
0.2384160042224496
0.23813509777004171
0.23831868938900255
0.2381798692406556
0.23834332098380745
0.23820593879255386
0.23834266337662954
0.23821146601997337
0.2383628579646367
0.23819238259602576
0.2383691243633274
0.2382443507140126
0.23839464349957828
0.2382485501794548
0.23836730845640122
0.2381775566215043
0.23832919982941853
0.23821466852548462
0.2383593324198159
0.23821600618200522
0.23832642522786407
0.2381849603258735
0.23829874211706564
0.23819566452178972
0.23835130265459514
0.23824484514913377
0.23837149965455393
0.2382054645900327
0.23830593240739165
0.23819708988281924
0.23833618669156426
0.23818995337500604
0.2383330460517969
0.23820621968688105
0.23831238388159037
0.23818545051255946
0.23827748528575998
0.23816889156085586
0.23830223640669868
0.23820055937123327
0.23831054322499093
0.23819234952827123
0.2382879586135795
0.23818090151438923
0.2382648460665564
0.23814658253192386
0.23827156359811208
0.23818862367235616
0.23829318511368844
0.23819394352317222
0.23827586369539752
0.23813991739873844
0.2382382585429609
0.23816152081167782
0.23828157817040926
0.23819931520524074
0.23829475373467485
0.23820305708204625
0.2382826608682357
0.23820527744668452
0.23831509413794544
0.2382078385883993
0.23829322668368444
0.23820151467395578
0.23828278979400838
0.23819129954252244
0.23824360448690768
0.2380616887063718
0.23815295796588282
0.23808995223110288
0.2381656048619754
0.23811600659945964
0.23819425358379126
0.23812154645859743
0.23820483432184653
0.23810892662912458
0.2381575803470425
0.23809349044318687
0.23813588451514595
0.23804950666168906
0.23809804402935472
0.23806219311223567
0.23815642835442438
0.23810734009672463
0.23818959738785914
0.23808526750517672
0.23814440406612952
0.23811113551622762
0.23814422955554299
0.23798136349054144
0.23805018304328324
0.2380051642339597
0.2380648555516216
0.23803381529428064
0.23807206717843968
0.23805099526019002
0.23809755182468934
0.2380340379601561
0.23810614684430179
0.23805220203538863
0.2380779475943081
0.23799693077251605
0.2380230020157702
0.23800472395523564
0.23807299701679044
0.2380343023682027
0.2381065796005291
0.23805580267986193
0.23810117960337993
0.23807621051856032
0.23808695981477257
0.23795457440795453
0.23800102796326406
0.2379484208093899
0.23798957235916982
0.2379735290285782
0.2379943172901484
0.2379696305970356
0.23798267166963682
0.23796031073623464
0.23799426277651514
0.23795089221574017
0.23798276511126923
0.2379759846186939
0.23800969709646091
0.23797330017135407
0.2380093353822912
0.23798042921034507
0.23803011420742987
0.2380226703614084
0.23805008955670365
0.2379942390491549
0.2380129563954173
0.2380133885143093
0.23802639750765672
0.23788258755309843
0.23789047336338748
0.2378854106712972
0.23791393725576176
0.2379077614525013
0.23791073532563353
0.23789927051776794
0.2379171168617589
0.2379039160119765
0.23790114088639028
0.23789191664053508
0.23790666264871663
0.23791714187923782
0.23795006253172754
0.23791908302525402
0.23793334460629909
0.23793099482413652
0.23794708873020953
0.23796017452193888
0.23797256266455372
