0.33112582781456956
0.32894736842105265
0.32679738562091504
0.3246753246753247
0.3225806451612903
0.3205128205128205
0.3184713375796178
0.3164556962025316
0.3144654088050315
0.3125
0.31055900621118016
0.30864197530864196
0.3067484662576687
0.3048780487804878
0.30303030303030304
0.3012048192771084
0.29940119760479045
0.2976190476190476
0.2958579881656805
0.2941176470588235
0.29239766081871343
0.29069767441860467
0.28901734104046245
0.28735632183908044
0.2857142857142857
0.2840909090909091
0.2824858757062147
0.2808988764044944
0.27932960893854747
0.2777777777777778
0.27624309392265195
0.2747252747252747
0.27322404371584696
0.27173913043478265
0.27027027027027023
0.2688172043010753
0.267379679144385
0.26595744680851063
0.26455026455026454
0.2631578947368421
0.2617801047120419
0.2604166666666667
0.25906735751295334
0.2577319587628866
0.2564102564102564
0.25510204081632654
0.25380710659898476
0.25252525252525254
0.25125628140703515
0.25
0.24875621890547267
0.24752475247524752
0.2463054187192118
0.24509803921568626
0.24390243902439027
0.24271844660194175
0.24154589371980673
0.24038461538461536
0.23923444976076558
0.23809523809523808
0.23696682464454974
0.23584905660377356
0.2347417840375587
0.2336448598130841
0.2325581395348837
0.23148148148148145
0.2304147465437788
0.22935779816513766
0.22831050228310504
0.22727272727272727
0.22624434389140272
0.22522522522522526
0.2242152466367713
0.2232142857142857
0.2222222222222222
0.22123893805309736
0.22026431718061673
0.21929824561403508
0.2183406113537118
0.2173913043478261
0.21645021645021645
0.21551724137931033
0.2145922746781116
0.2136752136752137
0.2127659574468085
0.21186440677966098
0.21097046413502107
0.21008403361344538
0.20920502092050208
0.20833333333333331
0.20746887966804978
0.2066115702479339
0.20576131687242802
0.20491803278688525
0.2040816326530612
0.2032520325203252
0.20242914979757087
0.20161290322580647
0.2008032128514056
0.2
0.19920318725099603
0.1984126984126984
0.19762845849802368
0.19685039370078738
0.19607843137254904
0.1953125
0.19455252918287935
0.19379844961240308
0.19305019305019305
0.1923076923076923
0.19157088122605362
0.19083969465648853
0.19011406844106465
0.1893939393939394
0.18867924528301885
0.18796992481203006
0.18726591760299627
0.1865671641791045
0.1858736059479554
0.18518518518518517
0.18450184501845018
0.18382352941176472
0.18315018315018314
0.18248175182481752
0.18181818181818182
0.1811594202898551
0.18050541516245489
0.17985611510791366
0.17921146953405018
0.17857142857142858
0.17793594306049823
0.17730496453900707
0.17667844522968199
0.17605633802816903
0.17543859649122806
0.17482517482517482
0.17421602787456444
0.1736111111111111
0.17301038062283736
0.17241379310344826
0.1718213058419244
0.17123287671232876
0.17064846416382254
0.17006802721088435
0.1694915254237288
0.16891891891891891
0.16835016835016836
0.16778523489932887
0.16722408026755853
0.16666666666666666
0.1661129568106312
0.16556291390728478
0.16501650165016502
0.16447368421052633
0.1639344262295082
0.16339869281045752
0.16286644951140067
0.16233766233766234
0.16181229773462785
0.16129032258064516
0.1607717041800643
0.16025641025641024
0.1597444089456869
0.1592356687898089
0.15873015873015872
0.1582278481012658
0.15772870662460567
0.15723270440251572
0.15673981191222572
0.15625
0.1557632398753894
0.15527950310559005
0.15479876160990713
0.15432098765432098
0.15384615384615385
0.15337423312883436
0.1529051987767584
0.1524390243902439
0.1519756838905775
0.1515151515151515
0.1510574018126888
0.15060240963855423
0.15015015015015015
0.14970059880239522
0.14925373134328357
0.1488095238095238
0.14836795252225518
0.14792899408284024
0.14749262536873156
0.14705882352941177
0.14662756598240467
0.14619883040935672
0.14577259475218657
0.14534883720930233
0.14492753623188406
0.14450867052023122
0.1440922190201729
0.14367816091954022
0.14326647564469913
0.14285714285714285
0.14245014245014245
0.14204545454545456
0.141643059490085
0.14124293785310735
0.1408450704225352
0.1404494382022472
0.1400560224089636
0.13966480446927373
0.1392757660167131
0.1388888888888889
0.13850415512465375
0.13812154696132597
0.13774104683195593
0.13736263736263735
0.136986301369863
0.13661202185792348
0.1362397820163488
0.1358695652173913
0.13550135501355015
0.13513513513513511
0.1347708894878706
0.13440860215053763
0.13404825737265416
0.1336898395721925
0.13333333333333333
0.13297872340425532
0.13262599469496023
0.13227513227513227
0.13192612137203166
0.13157894736842105
0.13123359580052493
0.13089005235602094
0.13054830287206265
0.13020833333333334
0.12987012987012986
0.1295336787564767
0.12919896640826872
0.1288659793814433
0.12853470437017994
0.12820512820512822
0.1278772378516624
0.12755102040816327
0.1272264631043257
0.12690355329949238
0.12658227848101264
0.12626262626262627
0.12594458438287154
0.12562814070351758
0.12531328320802004
0.125
0.12468827930174564
0.12437810945273634
0.12406947890818858
0.12376237623762376
0.12345679012345677
0.1231527093596059
0.12285012285012284
0.12254901960784313
0.12224938875305624
0.12195121951219513
0.12165450121654503
0.12135922330097088
0.12106537530266344
0.12077294685990336
0.12048192771084336
0.12019230769230768
0.11990407673860912
0.11961722488038279
0.11933174224343678
0.11904761904761904
0.11876484560570072
0.11848341232227487
0.11820330969267138
0.11792452830188678
0.11764705882352941
0.11737089201877934
0.117096018735363
0.11682242990654206
0.11655011655011654
0.11627906976744184
0.11600928074245938
0.11574074074074073
0.11547344110854503
0.1152073732718894
0.1149425287356322
0.11467889908256883
0.11441647597254004
0.11415525114155252
0.11389521640091115
0.11363636363636363
0.11337868480725623
0.11312217194570136
0.11286681715575622
0.11261261261261263
0.11235955056179775
0.11210762331838565
0.11185682326621922
0.11160714285714285
0.11135857461024498
0.1111111111111111
0.11086474501108648
0.11061946902654868
0.11037527593818984
0.11013215859030837
0.10989010989010987
0.10964912280701754
0.10940919037199125
0.1091703056768559
0.10893246187363835
0.10869565217391305
0.1084598698481562
0.10822510822510822
0.1079913606911447
0.10775862068965517
0.1075268817204301
0.1072961373390558
0.10706638115631692
0.10683760683760685
0.10660980810234542
0.10638297872340426
0.10615711252653928
0.10593220338983049
0.10570824524312895
0.10548523206751054
0.10526315789473684
0.10504201680672269
0.10482180293501049
0.10460251046025104
0.10438413361169102
0.10416666666666666
0.10395010395010394
0.10373443983402489
0.10351966873706003
0.10330578512396695
0.10309278350515465
0.10288065843621401
0.1026694045174538
0.10245901639344263
0.10224948875255623
0.1020408163265306
0.10183299389002036
0.1016260162601626
0.10141987829614606
0.10121457489878544
0.10101010101010101
0.10080645161290323
0.10060362173038229
0.1004016064257028
0.1002004008016032
0.1
0.0998003992015968
0.099601593625498
0.09940357852882703
0.0992063492063492
0.09900990099009901
0.09881422924901184
0.09861932938856015
0.09842519685039369
0.09823182711198429
0.09803921568627452
0.09784735812133072
0.09765625
0.09746588693957116
0.09727626459143969
0.0970873786407767
0.09689922480620154
0.09671179883945842
0.09652509652509653
0.09633911368015413
0.09615384615384615
0.09596928982725528
0.09578544061302682
0.09560229445506692
0.09541984732824427
0.09523809523809523
0.09505703422053233
0.09487666034155597
0.0946969696969697
0.0945179584120983
0.09433962264150944
0.09416195856873823
0.09398496240601503
0.09380863039399624
0.09363295880149813
0.09345794392523364
0.09328358208955223
0.0931098696461825
0.0929368029739777
0.0927643784786642
0.09259259259259259
0.09242144177449169
0.09225092250922509
0.09208103130755065
0.09191176470588235
0.09174311926605504
0.09157509157509157
0.09140767824497258
0.09124087591240876
0.09107468123861566
0.09090909090909091
0.09074410163339383
0.09057971014492752
0.09041591320072333
0.09025270758122744
0.0900900900900901
0.08992805755395683
0.08976660682226212
0.08960573476702509
0.08944543828264759
0.08928571428571427
0.08912655971479501
0.08896797153024912
0.08880994671403197
0.08865248226950355
0.08849557522123894
0.08833922261484099
0.08818342151675485
0.08802816901408451
0.08787346221441124
0.08771929824561403
0.08756567425569177
0.08741258741258742
0.08726003490401396
0.08710801393728222
0.08695652173913043
0.08680555555555555
0.08665511265164644
0.08650519031141868
0.08635578583765112
0.08620689655172414
0.08605851979345955
0.0859106529209622
0.08576329331046312
0.08561643835616438
0.08547008547008546
0.08532423208191126
0.08517887563884156
0.08503401360544217
0.08488964346349746
0.0847457627118644
0.08460236886632826
0.08445945945945946
0.08431703204047218
0.08417508417508417
0.08403361344537814
0.08389261744966443
0.08375209380234507
0.08361204013377926
0.08347245409015025
0.08333333333333333
