16.500000003748607
15.310038403748562
13.200033825748605
9.900029587287861
6.6000257768327355
3.3000223618935047
0.23410545984770575
0.23410545984770575
0.23412479184770574
0.23416345584770576
0.23424078384770575
0.23439543984770572
0.23470475184770573
0.23532337584770574
0.2365606238477057
0.23903511984770567
0.24398411184770563
0.2538820958477055
0.2736780638477052
0.31320651184770465
0.37245979649444133
0.2480487197254781
0.26765584702645734
0.3027120215154612
0.44018034001012074
0.7681600834139881
1.538276728919385
1.7552663124026804
1.9041301023191324
2.1269872028369727
2.2835074567992875
2.4824228269036914
2.658433595695106
2.7969663094209785
2.9714364125134054
3.107724579674514
3.261848911697993
3.400799441574776
3.5593292985736027
3.7591373574582025
3.8374681739883494
4.05905582672986
4.131239674493705
4.349644059361628
4.399693839325252
4.618184650342647
4.571711067414375
4.812890153611601
4.771262469315967
5.002487749255698
4.956204425998488
4.529633201392389
4.127271515777361
3.8048223875798004
3.472023048285962
3.133032506300996
2.7914553667577064
2.541080227310709
2.376955552386767
2.1994933772210934
2.0599788330656703
1.8974857134057987
1.7721551101974171
1.657014825809244
1.586536725194013
1.5025525448902528
1.4554967667949181
1.4005254810939878
1.3669036046837155
1.3174870251191253
1.2912987650889336
1.2406744867129014
1.222554136186671
1.169370927692881
1.1673797099395085
1.1131632197381645
1.106744659840745
1.0620208273354423
1.0556413358546926
1.0191382666307112
1.014391850505584
0.9854758496085383
0.9885260739400492
0.9614300706763486
0.9733924008468579
0.9408913727743162
0.9566132431262
0.9265225331776457
0.9395330335026929
0.9061670691056172
0.915438488822642
0.8870249238145649
0.8948722674554381
0.8676286836629206
0.8751232891549896
0.8475357288669282
0.8586210387122564
0.8338536484825159
0.841687319110034
0.8220208999759313
0.8295642147117673
0.8071105202770688
0.8188885948808877
0.7995301360212248
0.8116019611013672
0.7956802777217774
0.80717862757199
0.7932615250338075
0.8013706495479392
0.7899954121018105
0.7989790774278436
0.7871349030372052
0.7960586639259719
0.7846840618654839
0.7977995716083499
0.7826929246789776
0.7949884937702572
0.7830298146081525
0.7892124008690303
0.7753327723563135
0.7813152742449059
0.7701271789689824
0.7778100125995995
0.762856676562885
0.773295764776352
0.7600214982788769
0.7689434739470733
0.7545171370870014
0.7633375629776171
0.7519026705786037
0.7606007443795094
0.7497163211659479
0.7606652467958768
0.7504094086677859
0.7584972648980715
0.7491637105117968
0.7529871130301965
0.7460535071945513
0.7498581161628564
0.7421565824121901
0.7451256371321384
0.7354421083614473
0.7377029795444325
0.7295780285505302
0.7335351466416082
0.7274003910945711
0.7300536874040313
0.7233152165363482
0.7239591949032324
0.7197723355753456
0.7180904643984631
0.713947542571479
0.7147658338307932
0.7104152333021166
0.7113623829689937
0.7040716507149918
0.7043548075868691
0.7010037066118839
0.7009173733303895
0.6954729032353619
0.6962431653781316
0.6914363582219619
0.6917867520220492
0.6887922972266314
0.689063767422198
0.6820817809085822
0.6842219417909339
0.6801701694106337
0.6817576987897539
0.6784139197107308
0.6793230585160339
0.6784861412065801
0.6796633168430368
0.6767663711950169
0.6778970387170964
0.6748398320202988
0.6734093172538451
0.674078012749054
0.6740420341592781
0.673881839512072
0.6706687141893977
0.6713046111960994
0.6678495116694061
0.6668685167002696
0.6659876792952051
0.6663251617433154
0.6623442760456068
0.6641726190165456
0.6612906304118991
0.6585677074858256
0.6608283342778982
0.6581492677680495
0.6578462373169991
0.658567780785607
0.6578191199227141
0.6593404725028509
0.6564525364294331
0.6571447427127145
0.6544918378566182
0.6541610514622339
0.6543058203638327
0.6519254737382147
0.6547726200392099
0.652036018396745
0.654471961828916
0.6541282740932368
0.652567568637113
0.6500037424444371
0.6515185327312585
0.6487183770356122
0.6499427648283744
0.6478700254728565
0.6467766036064039
0.6436092459534486
0.6438962472468275
0.6403482291944581
0.6425392129607573
0.6385663259746404
0.6390475493405547
0.6369269926772373
0.638942875958064
0.6346595997635778
0.6359316125131944
0.6371744022122785
0.6345799426843545
0.6303580039244895
0.6331147011059834
0.6288339660132227
0.6288032733188286
0.6274424328360594
0.6262166251762238
0.626277457653486
0.622811772547257
0.6239230601202554
0.6225703960745829
0.6215702972115749
0.618649271643466
0.6188336181294278
0.614553869302751
0.6168727040789109
0.6107620393775783
0.6132729222899369
0.6080845295333295
0.6103576480999962
0.6077588965289986
0.6072360504420871
0.6041916954030309
0.6080336079457909
0.602676714061873
0.6055119487632775
0.5990040412759218
0.6020636767339749
0.5978735259705477
0.6005480495280644
0.5936263292369693
0.5968863620382628
0.5909065752135346
0.5948883145890127
0.5893138692798501
0.5928663573312929
0.5885066162744673
0.5926207569129547
0.5890205743651236
0.5894161033127687
0.5893532939971355
0.5877444637493531
0.5886794724787803
0.5887786179664729
0.5875495777407835
0.5873751266882904
0.5864350882582097
0.5865007323330579
0.5859937698395862
0.5861892719862654
0.5837578336985643
0.5865905089606602
0.583510584221732
0.5848650917748821
0.5837590288369418
0.5841392144687272
0.583612178733403
0.5836164905934662
0.582261979346211
0.5837620312097321
0.5825729304098837
0.5826153549384577
0.5818084181155712
0.5852257251077597
0.5815504815868855
0.5862340456480133
0.5825604496377643
0.5869655118073018
0.5831467978232749
0.5874941876737223
0.5839916432831309
0.5883584364784903
0.5851358815823742
0.5880852907257653
0.5847223145609126
0.5871038687246821
0.58339786283063
0.5859889747793329
0.58085823426749
0.585640641822594
0.5790781376995338
0.5835406019381251
0.5787595565139653
0.5819651919457374
0.5766326445859109
0.5797174963176774
0.5749562563501369
0.5780763264778697
0.572632319344321
0.576734724438045
0.5698595385183567
0.5734075856454811
0.5679958392852952
0.5714283246003506
0.5673564384463863
0.5707522868243886
0.566145983267239
0.5678131668373673
0.5636926395298898
0.567153792434179
0.5635864236565142
0.5655189874740383
0.5630386600138055
0.562851538458345
0.5603576588270075
0.5609422633092684
0.5587867008529177
0.5594365740703139
0.5565368019257704
0.557001118560218
0.5552670440416863
0.5552574227178448
0.553046520397241
0.5555656944726031
0.5512752675066632
0.5536734607836059
0.5500997979669349
0.5508226115387437
0.547320888890831
0.5488229594820585
0.5437545736599585
0.5460348558194184
0.5411032160845568
0.5445978993386262
0.5383136761234136
0.5423353258111276
0.5380974399549037
0.5421622591482813
0.5366474832661922
0.5399980921567378
0.5353453272239428
0.5400094519916843
0.5338062289773438
0.5383394715486303
0.5337800819300029
0.5376079123226878
0.5323765362427877
0.5379779026383724
0.5318747277095108
0.5362749910128717
0.532281758430192
0.5355920859221743
0.5309989069214069
0.5357806167680277
0.5304697513031308
0.5331218825672672
0.5307948931570561
0.5324819272292545
0.5314418700186863
0.5322518885036932
0.5297113879727477
0.5331947365582603
0.5293610097084407
0.5326264476259612
0.5280385840327155
0.5313814827842658
0.5286698536473726
0.5302784881235597
0.5280391063060765
0.5300732984214083
0.5255631145987738
0.5313827943234328
0.5259853321989132
0.5296977328967398
0.5264904587094518
0.529576766139944
0.5253876446829049
0.5286430636657053
0.5265673451765405
0.5289133284654938
0.5265625426005895
0.5288462901229929
0.526023218807488
0.5282758780582453
0.5238932999313832
0.5286132852917245
0.5234978834555015
0.5276898197389657
0.5244238088933562
0.5270672376842451
0.524262652941883
0.5268006248342827
0.5225224214556987
0.5256576028668434
0.521891224208124
0.526082516177897
0.521498553349484
0.5251121476670648
0.5217341453385165
0.5230298821993802
0.5211517675633424
0.5241898568348136
0.5201622208575337
0.5229687260543084
0.5194199361779768
0.5211521860546053
0.5187181515077317
0.5218061514938293
0.5160564128356211
0.520047415745365
0.5162761945168455
0.5192205262073979
0.5162851449210735
0.5195746020019889
0.5158267942418263
0.5195226103676833
0.5175641443642504
0.5203324684564044
0.5177744207152658
0.5202302764678011
0.5183011618565467
0.5215975727847229
0.5197920908678384
0.5213683851824533
0.5187710185888095
0.5211534674418578
0.5162155847924584
0.5208283956329385
0.5159446083444598
0.5182984812389219
0.5161632497141648
0.5191838472717858
0.5156179908725357
0.5188844993844728
0.5154709621440343
0.5185888705656206
0.515691209431518
0.5177352065828458
0.515115766084526
0.5188804932331352
0.5152525046099142
0.5181598255828892
0.5153627299294231
0.5172611026023518
0.5134142936028152
0.5168521507254332
0.5132339763681435
0.5163785350186191
0.5141040674415416
0.5150875504481108
0.5121866091233803
0.5141269617033156
0.5110662627599918
0.5129955120155132
0.5102443028300985
0.5115591096529895
0.5094151604792391
0.5116730238933649
0.5087753038813431
0.5111548530058722
0.5104239630459392
0.510172554250318
0.5098015846997124
0.5101261963778475
0.5086160722613661
0.5088955250923957
0.5069444902682203
0.5090106309840883
0.5064137200159107
0.508708778226409
0.505273402507309
0.5083334872635404
0.5043188587225425
0.5064911746896742
0.5049385887538045
0.5065494614606977
0.5033810108356673
0.5064590609546151
0.501728014937783
0.5039269117327503
0.5016449478905504
0.503312190846038
0.5014450412676619
0.5006581515470828
0.4993677616092116
0.4995978771965768
0.4983605006319235
