15.150078768211534
10.413576422721851
14.847878346272383
14.555488577109054
14.262687771868936
13.968130427454403
6.113091251851571e-6
1.2228015775288979e-5
2.4459583419304303e-5
4.8926840501608605e-5
9.787079527148173e-5
0.00019577999626062815
0.00039164636090160596
0.0007834856547058699
0.0015674133408722013
0.0031358107219814977
0.006273701916908278
0.012551962452233318
0.025114198494086058
0.050203573411033646
0.09123189134936568
0.04101540025771714
0.12015585912369789
0.3172423070782035
0.8169112561363134
1.8925339489762358
2.1343838540527726
2.285036993940504
2.4241241426677824
2.586502801066176
2.7097024455247865
2.8547024881505005
2.977684663410486
3.0876427633131907
3.2335969895876553
3.322106008805277
3.3929201153901847
3.4882849747876388
3.5651375188479366
3.6791262147390262
3.722690483318086
3.8458610307817125
3.875445663610604
3.9834137835339236
4.019877147205838
4.121312122762882
4.111782638853565
4.212989560569361
4.209180159795737
4.301930223543105
4.3004917571765615
4.29464915522031
4.5868682177013795
4.8351223218073995
5.038585528595324
5.135219304671567
5.209429225423614
5.16638923104314
5.257442036360288
5.210546523528837
5.266337562132166
5.211078202557828
5.231204646241319
5.235106828813383
5.208991737650046
5.2171701206111525
5.269607165666912
5.302883746276623
5.359725523046083
5.3778305953041645
5.388134279410404
5.415656325720623
5.409584756416865
5.441697165028768
5.439383100926628
5.412573375732001
5.442124307867027
5.433449114283893
5.448701125642117
5.450132626592745
5.460597158330508
5.467936080689389
5.471958306942447
5.51614024457294
5.556914334641405
5.5944686807225
5.62196127852589
5.637191527276885
5.6339403562636345
5.6092109415169356
5.612373519361896
5.591491199175559
5.615631339526345
5.622239201880313
5.625730773666189
5.634563587779561
5.663754972405931
5.649379631638714
5.680834090534154
5.684764791328704
5.675754186102677
5.681992144350453
5.690057400210187
5.673658754562302
5.663874040969827
5.678182676443111
5.701221829220757
5.696942026808004
5.716051000090688
5.72905270877965
5.745460155812412
5.758580867136866
5.782642046271687
5.824929732471262
5.8546620570693015
5.8722344081931555
5.915520133251416
5.918031601659075
5.891510046571525
5.873867313735949
5.862769682948115
5.846180465140154
5.815063801226812
5.806369210571335
5.8173230880496085
5.818718561739081
5.809521300831535
5.801458545039721
5.812399344560544
5.81466244791773
5.8269170516991435
5.857350834408414
5.886062351007159
5.89540977116489
5.902762482007032
5.889108507508926
5.8923009817416645
5.891089830041156
5.878271014809348
5.891047796733756
5.882929841558256
5.849294529951605
5.839202966802756
5.833960606351637
5.836802841966653
5.843675875273724
5.835118731604741
5.829247913407489
5.834911929086195
5.804805048615538
5.7819910656029085
5.769808535196964
5.7735729831177105
5.777156391866493
5.752226939341053
5.7421875832761655
5.744302579387491
5.737538987906238
5.718477471800932
5.723844203561732
5.720436521164615
5.711547645777548
5.715702597760246
5.727726916787069
5.719611685772784
5.694646140705846
5.693652500723386
5.7125879779451445
5.704605357056246
5.712210401426823
5.729384880089178
5.755225421600842
5.758967762236088
5.762955039807858
5.752303712394071
5.739708026412567
5.7501584872167175
5.7818652548751555
5.793490542546628
5.798556743412524
5.780800060301069
5.7804577727447946
5.767020155228263
5.759319361774916
5.761800875345726
5.749927340256419
5.734881668258783
5.73482718507225
5.709908452101819
5.718126480508169
5.721823230695583
5.714614653803351
5.7433621910792585
5.750162894479831
5.77963389217496
5.7858282175833216
5.788356079143579
5.801147258537235
5.780222761373154
5.792196270080835
5.7982085221279895
5.80180951978213
5.827200590671176
5.833928967941154
5.869224471906801
5.884417533513509
5.869765161518792
5.867154678843779
5.881008960947062
5.878741397489685
5.885952024655441
5.873098981707709
5.866762913372176
5.849856964635419
5.83284137502186
5.831532834373363
5.831974803546129
5.819071891685556
5.841720476336061
5.846751989739211
5.828392240425188
5.818273313663917
5.839181936280394
5.841389946877355
5.823846152781823
5.81824869994909
5.828284177878084
5.815976669574364
5.809351211356681
5.80716699245266
5.837062320176454
5.822510072189333
5.83625853188779
5.8553852639200565
5.8597241735881465
5.845750387060353
5.840726392267561
5.815301633568138
5.807468507015011
5.7830427747537145
5.762094180397804
5.749064307013142
5.738736169016606
5.745103388925091
5.750455949137133
5.73424141684926
5.760878458563069
5.756194785490737
5.752750834071424
5.726588749189953
5.712461924569195
5.715513428809168
5.701706914271411
5.678398358607575
5.6594752119266625
5.640079058150476
5.626687794878885
5.619611228515832
5.613487102219959
5.624097011090885
5.640289848672628
5.667053169412262
5.661428263899285
5.671525589579988
5.683573755594512
5.681006368456432
5.708516726464992
5.708046335125751
5.702995295267727
5.701304042063449
5.692068541287048
5.693334772404868
5.7161762714530395
5.697485066275947
5.70281317951819
5.71487308070517
5.708700600409651
5.7191106611379565
5.720621134308306
5.73181818981251
5.74123225331703
5.737727782681973
5.755096024790959
5.76593096245219
5.775978007048219
5.780756145216492
5.8106230532144405
5.82975002531088
5.849731783649994
5.865099516823823
5.880910822568515
5.903231642100572
5.925070019828532
5.9438666248823235
5.96029886845143
5.982828627647959
5.983452006817775
5.990908475532661
5.998247206853699
6.00503018876618
6.006764060874021
6.001336260494135
6.0033658471506754
6.005302800168677
5.998941999254375
6.006605768240862
6.00442125268351
5.999414439790549
5.989281187269356
5.994002285150887
5.971879361225668
5.96568210069742
5.969720307502074
5.973847872618301
5.9655437518323735
5.961896531667839
5.941956034925392
5.938486986054893
5.933993781729085
5.925669829367152
5.914872999257448
5.903343427437548
5.910063405479977
5.895501553728007
5.8948877766720615
5.915675825020473
5.898680359261086
5.8880925308519885
5.875854252867543
5.866939134588269
5.866162636193794
5.853558499196796
5.843102035014958
5.850221188078231
5.850735571794059
5.847173487666134
5.8661165416542245
5.870886855415855
5.854391614838223
5.844443394935774
5.813023948156157
5.791460682947727
5.776798808268913
5.749210719256879
5.727162087137585
5.712279537495036
5.7021019387672585
5.685566074522097
5.667115746753241
5.664671663495571
5.66766778784476
5.673007049410904
5.6685704081839265
5.666887043912412
5.671160477131642
5.67568008670137
5.661963872258415
5.668670829878208
5.666356068589623
5.659250658387026
5.677539424268016
5.692680144278913
5.680673818862279
5.70118594535686
5.702219294072308
5.701157158602414
5.715225058312034
5.714541743625209
5.69508367557909
5.699733528458557
5.6987119287482475
5.699920060767588
5.690301275761283
5.679694772147097
5.692930515441218
5.689417283523982
5.6850363761709195
5.673601641538101
5.664634227517068
5.686128966026627
5.677463590159928
5.673929578550651
5.680073552098795
5.663067500864319
5.66998577405373
5.686392305132803
5.673854671258893
5.6899788589298455
5.703733423713548
5.705709143474333
5.70511898206645
5.726780683830747
5.750468756448125
5.766649024955237
5.777792020556652
5.774240412883997
5.765699685500847
5.7426853454297575
5.745131424680081
5.739815702267774
5.742771444616442
5.758984961018157
5.766487609560925
5.772892918111613
5.767255646335002
5.7579270914385505
5.7389029502955475
5.73751093682163
5.74544565678152
5.741605220988339
5.736023985189018
5.754165224248542
5.735250748173577
5.734770682149266
5.755975140515179
5.770518567612384
5.753292839081576
5.738915974117792
5.720857477589786
5.7143098539166335
5.714628441024278
5.697330897674518
5.683023486469306
5.691051240551533
5.702008598343658
5.700909658289567
5.706487537769217
5.711792508773319
5.717141958490502
5.742941826150808
5.7689070437586825
5.782186641861545
5.785782343727743
5.801115713175391
5.813552367863759
5.8349882329270555
5.845157111374756
5.839416981578756
5.8332222339288125
5.81217607577508
5.803208073350339
5.808613844932573
5.792413550430387
5.807198917047853
5.828698767277674
5.839853086028363
5.838798726255238
5.850135701883124
5.85708365244925
5.871924905725272
5.873864229611054
5.884639452521864
5.897238104315503
5.906465903938726
5.9058488457623275
5.905140101624257
5.893766450859234
5.88772657331374
5.880954446721065
5.890029186268788
5.890154649903395
5.90839338391274
5.899115429081425
5.8723144497642235
5.857078738446753
5.851250310817988
5.833297028929344
5.83356229661023
5.8276325110191465
5.827470894919352
5.832454720475557
5.843328604331019
5.840487197135477
5.872142871502294
5.868750865315037
5.862289246067804
5.869244689918018
5.873912955693868
5.86396714143531
5.859672625374751
5.8658968607868385
5.8691601082594635
5.879633529573926
5.880767328571126
5.880039478609519
5.884786663587164
5.859128158709822
5.872905310745284
5.875588131699235
5.867519588259021
5.880708007865541
5.869066876225534
5.841204481585254
5.854797494710375
5.842938258415566
5.8406862684619325
5.813331174092271
5.794436596398333
5.794951522437488
5.7890903313847755
