8669.999999999907
7680.0
6762.399999999961
5912.699999999979
5148.599999999966
4463.599999999983
3856.399999999946
3856.399999999946
3856.399999999946
3856.399999999946
3856.399999999946
3856.399999999946
3856.399999999946
3856.399999999946
3856.399999999946
3856.399999999946
3856.399999999946
3856.399999999946
3856.399999999946
3853.299999999946
3339.499999999985
111.1000000000003
115.1000000000003
26.100000000000026
25.00000000000002
31.80000000000002
33.60000000000001
41.900000000000006
44.2
51.6
57.5
65.7
71.90000000000002
78.9
84.3
93.89999999999998
99.89999999999999
109.6
116.99999999999999
129.2
135.7
141.59999999999997
149.89999999999995
158.19999999999993
161.69999999999993
167.79999999999995
165.89999999999992
174.89999999999995
171.39999999999992
178.39999999999995
176.49999999999994
159.0719438338827
143.57170378031233
129.80879564567803
118.63531457213534
107.62908470231324
99.27974757311294
91.31732353559471
88.21720434492596
82.19732391224619
79.46203313588298
75.00611157466817
72.24912213473533
69.13745261248135
66.96236572202513
64.65801646298979
62.770905115171445
60.47402980591473
58.96764439211124
56.77190342953182
55.35003251730982
53.48668524068008
52.14382491476834
50.45134257473742
49.21203566481164
47.71032301789475
46.61130164860988
45.25920529795743
44.22834068300461
43.0261682501943
42.05231609119796
40.910533770543815
40.05986054450653
39.01611333180688
38.21742515816737
37.22398135229254
36.475541655165664
35.58994434319681
34.87991698860132
34.05181641268456
33.42233098444811
32.67226085226875
32.07466546143241
31.3901543676115
30.841631846096945
30.204932816714262
29.68216989629238
29.076129861656227
28.596270696289704
28.067649014825314
27.62560614666183
27.112429355667484
26.688590795477488
26.230927632835044
25.844304197116717
25.424020853640435
25.066350106940465
24.688482858026408
24.32120114889332
23.965167822207153
23.621723827356035
23.280036187750614
22.975121380231915
22.659387980625198
22.37347296796197
22.082453693638662
21.817130243741577
21.550137148453025
21.29823489650189
21.045284392882298
20.804477648566287
20.556892647313287
20.32755714539465
20.08774013571665
19.8859301963064
19.670566665256764
19.44791876944353
19.235729219003534
19.04903676645432
18.860452846620774
18.68728470435946
18.501048809250452
18.337167527470196
18.167299098831993
17.995814738728406
17.84437462469269
17.69083616057507
17.536526303096174
17.390267162910952
17.237764786473477
17.09273811871921
16.94765225712855
16.833460709716938
16.69433507520109
16.57795633068951
16.45519676059813
16.343829626073667
16.225679271130236
16.11831938064734
16.009066720220147
15.925084901992538
15.832439677941165
15.74135510368363
15.667570587095787
15.557193578604807
15.466240672393095
15.389154257983284
15.308888609008896
15.235196835825308
15.163006520570292
15.08760095747699
15.009380274509704
14.921258349124447
14.836646274005718
14.76526730590468
14.695143535606077
14.639203359274859
14.561633130875528
14.508301580269332
14.434063448991862
14.384086895936994
14.315085501829259
14.258328829679542
14.19296244211715
14.160866365841164
14.08851351811871
14.041872473011049
13.991453681661966
13.96019665856891
13.895617723341887
13.865768931069306
13.799571337197758
13.75996447642832
13.704718208610531
13.67400509109331
13.617855939863075
13.582947135331167
13.533081231557636
13.503381972467764
13.461664696445638
13.435938764996509
13.396133423797494
13.370405214786693
13.331948631853793
13.297926675275818
13.264629019580557
13.21416303868051
13.180344621843496
13.155470457317096
13.124567876831406
13.096756146242834
13.078719220207963
13.056012309618067
13.026909988081282
12.998606641293643
12.97462378417487
12.940262563969858
12.916514463307385
12.888652566904515
12.867430070914086
12.83547871604775
12.81034715580863
12.778866404472586
12.756948035309401
12.740201033941592
12.724412536177281
12.711563580871804
12.68818579994267
12.659888979422533
12.649318564641948
12.620867608930771
12.599467654357294
12.585069535433577
12.55619167801861
12.526940757431221
12.498017071812859
12.480922124197358
12.466703990562133
12.451580527699022
12.44092234809861
12.425289081559066
12.414079467845676
12.381336237034507
12.372618257735603
12.355989067676214
12.348512114527578
12.33322591197835
12.320669086549223
12.300750027723957
12.287711415100205
12.269177517314953
12.254667973323743
12.23428274982833
12.226598328715598
12.214196099787506
12.21646902895673
12.195959511947574
12.192209775497854
12.167979529589406
12.168055004535823
12.144346308851993
12.152144343136596
12.124580959698415
12.122647853278687
12.117590587806738
12.11497654987051
12.104882509853324
12.109932071433693
12.106815709592365
12.116498357091215
12.100534736538604
12.100275101130737
12.09277397949333
12.103946282386536
12.101332968273285
12.105214064346368
12.092391042556633
12.09484571416943
12.07725506946649
12.082630017637376
12.078690922181165
12.084739883512725
12.082387106224393
12.09514578031556
12.079156107914503
12.100864001555975
12.088733067415696
12.106474351579964
12.106040492635243
12.12316986338975
12.117530253952983
12.139159678670108
12.131285444411319
12.14997032518789
12.14443653776148
12.162304626351318
12.166636369466248
12.184083138618723
12.179443295786598
12.19235974227482
12.182965692938732
12.199644049480515
12.193181637258762
12.212006480126876
12.21225774010621
12.228414608494129
12.204571709056996
12.204510950438939
12.188530103985823
12.197051353680374
12.178065987176575
12.177082115385144
12.163634697313706
12.16144756909223
12.137782941108798
12.136167576010697
12.119190643972617
12.116943677677584
12.10751970244439
12.111722255058785
12.094799573248096
12.091352988073934
12.071804290060369
12.070210252325824
12.05977357207625
12.058915479594573
12.047548487612852
12.049805115830033
12.045592046801973
12.04012244380429
12.03211702889798
12.028546100346531
12.021114912561194
12.018736730390989
12.007490680086102
12.001693349228832
11.997465185915852
11.996030198855532
11.990084688822938
11.981529064574206
11.975602003738144
11.973092845494955
11.957082568968643
11.95107043090547
11.952178297116014
11.946068787040513
11.944882219986908
11.939582202312865
11.937289412432898
11.92873752125338
11.922319382343819
11.91540091396947
11.924044945020704
11.915875526717235
11.920240351811348
11.90666839922303
11.910466548365358
11.901128658509098
11.897200684842842
11.886528354773485
11.893628223946152
11.883480995779712
11.881362778678227
11.87361894510134
11.87079158020467
11.862430568185388
11.85486074221647
11.846620058345541
11.85285096607574
11.846550655748697
11.84274045341686
11.838574819837655
11.829836605345568
11.821322909069814
11.818995536863687
11.812138840390611
11.819231249758595
11.809730200958851
11.812393977684675
11.80179327724526
11.799846171764624
11.78939524135181
11.79152982715357
11.778196994581641
11.782359674952943
11.771213817490743
11.768919970786603
11.760272400014749
11.755941687918435
11.750179794540305
11.749932701390495
11.739572968670545
11.744129378176153
11.74065878941944
11.73377063348053
11.731427487563048
11.72798799873488
11.725893947390807
11.72416216445899
11.724471724657082
11.729671526674995
11.725713708160121
11.715374143110507
11.710121532523539
11.704505934111113
11.698319099097898
11.692746681444053
11.69172168419397
11.692656744976025
11.68792519617428
11.680264509192602
11.683956824584735
11.6750647971245
11.672828073697435
11.664617703781701
11.666136135854481
11.660178740795734
11.66486140231726
11.656191096333384
11.655431212595465
11.647578607107851
11.64834642238529
11.6403746350858
11.641113679847258
11.636092186880076
11.638750894647428
11.63454098561313
11.636333900827978
11.628830354786492
11.631717038579055
11.619824569270593
11.627213446270506
11.627998396104891
11.627121395975921
11.616510279098524
11.619025521614645
11.611023974570854
11.612742357781242
11.600165368427016
11.602194699411081
11.597196447598787
11.601886267990507
11.591979287739356
11.592480354635146
11.585922897574086
11.590664094788552
11.579475865496253
11.57943631120639
11.577783828313104
11.576499212669892
11.569859577843172
11.568295562066467
11.565493775371346
11.568364512089486
11.561185627713257
11.5591278802087
11.561767081176372
11.562734436846876
11.558554331965443
11.555346213590871
11.544997686421228
11.540637141710674
11.535447856553644
11.53309066398162
11.53387138700762
11.530337305389093
11.525287124925372
11.522699711918499
11.51438005169795
11.515403206809951
11.511359623088227
11.512953124127074
11.515981405501659
11.512193025696284
11.506826931404213
11.501757445387126
11.49772547156366
11.497671582204228
11.494967850238037
11.490315916217746
11.492542028896974
11.48933622789561
11.483662820831318
11.484356487479584
11.479823979461454
11.481912124401221
11.478084141132149
11.478292402203383
11.480546498682758
11.477884805425008
11.470865736223196
11.470148276964371
11.466670984188275
11.467378502004925
11.463573499252483
11.46225111275909
11.466244982749513
11.464922444998782
11.460031860757502
11.459683747885485
11.453940735970235
11.451742091255758
11.446682008202318
11.4455279385346
11.444636153983875
11.446142441290968
11.440909662025314
11.4386401788996
11.434124848528787
11.432624226494891
11.428812077660478
