6.877000000000022e-13
6.877000000000022e-13
1.0000000000006883
2.000000000000685
3.000000000000683
4.000000000000686
5.000000000000682
5.000000000000682
5.000000000000682
5.000000000000682
5.000000000000682
5.000000000000682
5.000000000000682
5.000000000000682
5.000000000000682
5.000000000000682
5.000000000000682
5.000000000000682
5.000000000000682
5.000000000000682
19.000000000000643
20.000000000000654
40.00000000000065
88.00000000000051
142.00000000000054
186.0000000000005
230.0000000000005
266.0000000000005
292.0000000000005
330.00000000000057
356.00000000000057
388.00000000000057
416.00000000000057
438.00000000000057
464.00000000000057
486.00000000000057
512.0000000000006
534.0000000000005
560.0000000000005
590.0000000000005
606.0000000000005
638.0000000000005
656.0000000000005
688.0000000000005
700.0000000000005
732.0000000000003
732.0000000000003
768.0000000000003
766.0000000000003
800.0000000000003
800.0000000000003
730.4582104588557
663.5465243591095
609.6752592587297
552.6632217505979
493.64823345552054
433.0971120969327
389.60955950255476
360.09360901195544
329.56231850877356
304.44753479497797
275.91398958460405
253.45626761272632
233.35098929469214
220.97560565243285
206.31528860752977
198.24979904304897
189.19429277232624
183.48017490371308
175.35731306322617
171.00175588414345
162.55122945221456
159.68920676832118
150.6018907369332
150.7447300342865
141.42697841937712
140.65111604335584
132.98567527516312
132.1657545514908
125.98487302204094
125.43696318920973
120.67743145942484
121.5540607037019
117.09022500954737
119.66309377512901
114.18874168239029
117.43936684445531
112.32544930972165
115.02903597389263
109.23736481867714
111.18465807814097
106.32722741470285
107.99881196840357
103.30387488134903
104.87494336551882
100.10296583307378
102.34412987066496
98.08662027270833
99.68939360595961
96.36975904964144
97.91669376722908
94.09609560624317
96.42724406318806
93.12360989668808
95.48725059023566
92.80384053054821
95.04641617802513
92.74779274752196
94.36056327617841
92.51081072976284
94.28491462135271
92.33155653550257
94.07345626330996
92.20588773757402
94.72886226882906
92.1195301200408
94.47701197845942
92.48861682411145
93.68286277948128
91.29080084139846
92.43124204735689
90.54421822618386
92.00564376052483
89.42649087847659
91.4008140681531
89.09723196397778
90.7974856045233
88.32337230108627
89.9906647126448
88.03935371944318
89.67361379677048
87.80361088770954
89.86981967628833
88.11184293287756
89.6301215005275
88.0509918157137
88.74981953511548
87.61162248213547
88.30185079593952
87.02569042941909
87.55030471256642
85.89698459951336
86.2965450329432
84.97024950460028
85.68422668453275
84.68981988654168
85.15124219243451
84.0237064252303
84.09735622090885
83.45038513397502
83.07519366327989
82.44013064059223
82.54612286037244
81.85841096890547
81.99522310600936
80.75357694851078
80.76377245100423
80.27383348557154
80.21386121078929
79.30912500109385
79.40869046807617
78.62782249422423
78.64481957540937
78.22412707053662
78.22294568120316
77.01130697067593
77.35716097506376
76.70853662689795
76.95056823410417
76.45045676016694
76.57361274659317
76.53643231520822
76.7081687864737
76.27500976713556
76.42119964624843
75.95286962729548
75.6179440367465
75.86836317391665
75.79916823538488
75.88119144844987
75.19998952281581
75.4408745219898
74.72166917531801
74.6567925441525
74.42637830695845
74.59602100930692
73.77451572232088
74.23305735553915
73.62706167239067
73.2121116947805
73.57989005624434
73.17274838372798
73.05405323432156
73.28106998518203
73.0797078818587
73.46980962408036
72.870311861342
73.0978232108181
72.53336475245214
72.5543223146337
72.52807182724294
72.17078470378442
72.6631717442088
72.22607377316993
72.64151039386904
72.70450174883375
72.35800530832174
71.9458797641241
72.17745498691234
71.71932354796759
71.89778372448978
71.57478650222676
71.31420072606505
70.78272371273913
70.78077130291172
70.19316918403104
70.55777751636502
69.87731832904494
69.91891565943057
69.58837891399983
69.92320957200762
69.17498697287934
69.3615737783658
69.67826462269993
69.12904076109336
68.3955398365806
68.87799231704653
68.16438213586163
68.10584480725035
67.90667731526194
67.62045798403129
67.70531211471034
67.00046275624747
67.27485901690508
66.97220871465345
66.8407563689854
66.23382446903487
66.33991714538529
65.46836048507038
65.97055618287895
64.76070070341794
65.303681196579
64.27312963307509
64.76300255598464
64.21505531457983
64.1779499754308
63.543765050349094
64.33639812434633
63.26981266145488
63.8615142890913
62.58647349843649
63.2605903005773
62.41613323213262
62.97574768593321
61.60214193648999
62.27665620871086
61.090829736378026
61.89695688009271
60.78631089512832
61.51193473383532
60.62829224950948
61.46095377650157
60.72505897751096
60.849317678770674
60.79289757706307
60.5456742647592
60.67865146260106
60.742610115049615
60.458993819722174
60.470009227236915
60.243082190497795
60.30168969950114
60.15895294932985
60.243310677187864
59.74276505438759
60.34774086604704
59.71937472553544
60.01009314076216
59.75290088205029
59.869531829253106
59.730690029301925
59.761938373575674
59.454151148436736
59.77285173647022
59.50067820673717
59.54852063188609
59.35222479975391
60.05301713248894
59.31035316206183
60.23989323976252
59.49737878602583
60.368624651845764
59.59885117789183
60.46794611529799
59.755378385472696
60.62485729377043
59.97207679232462
60.575603702579926
59.90615554772371
60.42367247251575
59.684736835726355
60.21695046194641
59.2036156957314
60.15629289230902
58.87389567772067
59.76395443812066
58.824917879097434
59.47921296311254
58.426506401138866
59.04766462883388
58.10217397930786
58.741956713309875
57.67415501691589
58.50200499035377
57.15854459004916
57.86835125502169
56.80281557644324
57.49696068149794
56.679781918502485
57.36118327887577
56.45689374050258
56.836839095583684
56.02173166748709
56.723298656488346
56.01223227805314
56.414446168152494
55.907656957302244
55.91346629976344
55.41248494306993
55.5613634347888
55.12449775239589
55.28163910400724
54.69742920817247
54.81925646371787
54.4485371856008
54.47755797115462
54.02818235012592
54.54907486768895
53.70549402251626
54.195398656713195
53.480385849457406
53.657324772488906
52.95401693591109
53.27678173597959
52.27541112061468
52.74425407648446
51.77777069731909
52.502576228718254
51.27090243742688
52.06978524782841
51.2267467879705
52.033326708631655
50.95644764843451
51.624421403754816
50.70951488099946
51.63582218303577
50.42272538565454
51.31529181458823
50.41387573126125
51.17499168247739
50.15643963855389
51.26309059927995
50.07444782435898
50.939833404662146
50.15175597195054
50.81391649215996
49.91323015712273
50.85700174410869
49.82100050300663
50.35181523833764
49.87926516608242
50.226572002149865
50.00297210961131
50.1958059662217
49.68999988919209
50.380728898185396
49.62411984418058
50.27916827595913
49.37897533465228
50.04365382705402
49.50632594777092
49.84253910980387
49.39557848037538
49.80601773903212
48.92377901127698
50.054359756317574
49.00561754503607
49.737292468837815
49.10818337087114
49.71711453774828
48.899491975681606
49.54494975865597
49.130369412367386
49.596276054939096
49.13076352138231
49.588376041542325
49.03707909612385
49.49318194726819
48.63804689233253
49.555314989812366
48.560560739539035
49.37395339116773
48.73725381792207
49.260055957162
48.71404583744923
49.21212605965114
48.37815634908326
48.99426078871793
48.263929736493544
49.08122785682584
48.19533063729455
48.90163552838226
48.251342233316315
48.532812585470126
48.159693163887916
48.74985074204369
47.96931550488141
48.51317755009887
47.82512694338494
48.16795182845979
47.69375691738442
48.29734467470422
47.190996622675584
47.964882696134744
47.24279886162939
47.819603210893106
47.25446666790385
47.88785964267182
47.16133659057477
47.87460575068179
47.48786779800374
48.03343815095264
47.53920335103698
48.01371560110449
47.64273273093932
48.300166856677805
47.94826633676694
48.257527050942365
47.751559714945756
48.212538538268234
47.26673601575423
48.151361018090235
47.21237345071047
47.6720180153263
47.25459068640718
47.84204197809274
47.155678669156764
47.793684778180854
47.139721576743426
47.73950573582255
47.17897294609747
47.578395154166614
47.067585383398615
47.79651362668712
47.095484389834795
47.65654137391846
47.12351254155849
47.51214261275971
46.77372154175342
47.438963190762216
46.743023956036616
47.345064192262484
46.90576474299523
47.09995204273109
46.546837055718086
46.92372969235331
46.33548784700408
46.71176216265098
46.182283248424774
46.4366819913646
46.02021293765
46.45941127028583
45.90267857246625
46.361708130834316
46.215091527135826
46.16751483335864
46.093442202010955
46.16590547444545
45.87317505883061
45.92772488284169
45.556622788428996
45.97849615704046
45.48340924601225
45.921768732989506
45.262984302075736
45.84848828392181
45.08019450174905
45.49737889817974
45.200288004108714
45.510229508335925
44.909296330714255
45.499246506953924
44.596588555428404
45.01457311521919
44.573489829888025
44.89664691533777
44.54041260470259
44.3919082283729
44.14497387620444
44.18711933561995
43.95065170946265
