0.0	0.0	0.0	1.0	0.0	0.0	0.0	0.0	0.0	0.0	0.0	0.0	1.0	0.0	1.0	0.0	1.0	0.0	1.0	0.0	1.0	0.0	1.0
0.0	0.0	0.0	1.0	0.0	0.0	0.0	0.0	0.0	0.0	0.0	0.0	1.0	0.0	1.0	0.0	1.0	0.0	1.0	0.0	1.0	0.0	1.0
0.0	0.0	0.0	1.0	0.0	0.0	0.0	0.0	0.0	0.0	0.0	0.0	1.0	0.0	1.0	0.0	1.0	0.0	1.0	0.0	1.0	0.0	1.0
0.0	0.0	0.0	1.0	0.0	0.0	0.0	0.0	0.0	0.0	0.0	0.0	1.0	0.0	1.0	0.0	1.0	0.0	1.0	0.0	1.0	0.0	1.0
0.0	0.0	0.0	1.0	0.0	0.0	0.0	0.0	0.0	0.0	0.0	0.0	1.0	0.0	1.0	0.0	1.0	0.0	1.0	0.0	1.0	0.0	1.0
0.0	0.0	0.0	1.0	0.0	0.0	0.0	0.0	0.0	0.0	0.0	0.0	1.0	0.0	1.0	0.0	1.0	0.0	1.0	0.0	1.0	0.0	1.0
0.0	0.0	0.0	1.0	0.0	0.0	0.0	0.0	0.0	0.0	0.0	0.0	1.0	0.0	1.0	0.0	1.0	0.0	1.0	0.0	1.0	0.0	1.0
0.0	0.0	0.0	1.0	0.0	0.0	0.0	0.0	0.0	0.0	0.0	0.0	1.0	0.0	1.0	0.0	1.0	0.0	1.0	0.0	1.0	0.0	1.0
0.0	0.0	0.0	1.0	0.0	0.0	0.0	0.0	0.0	0.0	0.0	0.0	1.0	0.0	1.0	0.0	1.0	0.0	1.0	0.0	1.0	0.0	1.0
0.0	0.0	0.0	1.0	0.0	0.0	0.0	0.0	0.0	0.0	0.0	0.0	1.0	0.0	1.0	0.0	1.0	0.0	1.0	0.0	1.0	0.0	1.0
0.0	0.0	0.0	1.0	0.0	0.0	0.0	0.0	0.0	0.0	0.0	0.0	1.0	0.0	1.0	0.0	1.0	0.0	1.0	0.0	1.0	0.0	1.0
0.0	0.0	0.0	1.0	0.0	0.0	0.0	0.0	0.0	0.0	0.0	0.0	1.0	0.0	1.0	0.0	1.0	0.0	1.0	0.0	1.0	0.0	1.0
0.0	0.0	0.0	1.0	0.0	0.0	0.0	0.0	0.0	0.0	0.0	0.0	1.0	0.0	1.0	0.0	1.0	0.0	1.0	0.0	1.0	0.0	1.0
0.0	0.0	0.0	1.0	0.0	0.0	0.0	0.0	0.0	0.0	0.0	0.0	1.0	0.0	1.0	0.0	1.0	0.0	1.0	0.0	1.0	0.0	1.0
0.0	0.0	0.0	1.0	0.0	0.0	0.0	0.0	0.0	0.0	0.0	0.0	1.0	0.0	1.0	0.0	1.0	0.0	1.0	0.0	1.0	0.0	1.0
0.0	0.0	0.0	1.0	0.0	0.0	0.0	0.0	0.0	0.0	0.0	0.0	1.0	0.0	1.0	0.0	1.0	0.0	1.0	0.0	1.0	0.0	1.0
0.0	0.0	0.0	1.0	0.0	0.0	0.0	0.0	0.0	0.0	0.0	0.0	1.0	0.0	1.0	0.0	1.0	0.0	1.0	0.0	1.0	0.0	1.0
0.0	0.0	0.0	1.0	0.0	0.0	0.0	0.0	0.0	0.0	0.0	0.0	1.0	0.0	1.0	0.0	1.0	0.0	1.0	0.0	1.0	0.0	1.0
0.0	0.0	0.0	1.0	0.0	0.0	0.0	0.0	0.0	0.0	0.0	0.0	1.0	0.0	1.0	0.0	1.0	0.0	1.0	0.0	1.0	0.0	1.0
0.0	0.0	0.0	1.0	0.0	0.0	0.0	0.0	0.0	0.0	0.0	0.0	1.0	0.0	1.0	0.0	1.0	0.0	1.0	0.0	1.0	0.0	1.0
0.0	0.0	0.0	1.0	0.0	0.0	0.0	0.0	0.0	0.0	0.0	0.0	1.0	0.0	1.0	0.0	1.0	0.0	1.0	0.0	1.0	0.0	1.0
0.0	0.0	0.0	1.0	0.0	0.0	0.0	0.0	0.0	0.0	0.0	0.0	1.0	0.0	1.0	0.0	1.0	0.0	1.0	0.0	1.0	0.0	1.0
0.0	0.0	0.0	1.0	0.0	0.0	0.0	0.0	0.0	0.0	0.0	0.0	1.0	0.0	1.0	0.0	1.0	0.0	1.0	0.0	1.0	0.0	1.0
0.0	0.0	0.0	1.0	0.0	0.0	0.0	0.0	0.0	0.0	0.0	0.0	1.0	0.0	1.0	0.0	1.0	0.0	1.0	0.0	1.0	0.0	1.0
0.0	0.0	0.0	1.0	0.0	0.0	0.0	0.0	0.0	0.0	0.0	0.0	1.0	0.0	1.0	0.0	1.0	0.0	1.0	0.0	1.0	0.0	1.0
0.0	0.0	0.0	1.0	0.0	0.0	0.0	0.0	0.0	0.0	0.0	0.0	1.0	0.0	1.0	0.0	1.0	0.0	1.0	0.0	1.0	0.0	1.0
0.0	0.0	0.0	1.0	0.0	0.0	0.0	0.0	0.0	0.0	0.0	0.0	1.0	0.0	1.0	0.0	1.0	0.0	1.0	0.0	1.0	0.0	1.0
0.0	0.0	0.0	1.0	0.0	0.0	0.0	0.0	0.0	0.0	0.0	0.0	1.0	0.0	1.0	0.0	1.0	0.0	1.0	0.0	1.0	0.0	1.0
0.0	0.0	0.0	1.0	0.0	0.0	0.0	0.0	0.0	0.0	0.0	0.0	1.0	0.0	1.0	0.0	1.0	0.0	1.0	0.0	1.0	0.0	1.0
0.0	0.0	0.0	1.0	0.0	0.0	0.0	0.0	0.0	0.0	0.0	0.0	1.0	0.0	1.0	0.0	1.0	0.0	1.0	0.0	1.0	0.0	1.0
0.0	0.0	0.0	1.0	0.0	0.0	0.0	0.0	0.0	0.0	0.0	0.0	1.0	0.0	1.0	0.0	1.0	0.0	1.0	0.0	1.0	0.0	1.0
0.0	0.0	0.0	1.0	0.0	0.0	0.0	0.0	0.0	0.0	0.0	0.0	1.0	0.0	0.9998668208172752	0.0	1.0	0.0	1.0	0.0	0.9998668208514595	0.0	1.0
0.0	0.0	0.0	1.0	0.0	0.0	0.0	0.0	0.0	0.0	0.0	0.0	1.0	0.0	0.9997761757814718	0.0	1.0	0.0	1.0	0.0	0.9997761758097106	0.0	1.0
0.0	0.0	0.0	1.0	0.0	0.0	0.0	0.0	0.0	0.0	0.0	0.0	1.0	0.0	0.9997243312339986	0.0	1.0	0.0	1.0	0.0	0.9997243312569781	0.0	1.0
0.0	0.0	0.0	1.0	0.0	0.0	0.0	0.0	0.0	0.0	0.0	0.0	1.0	0.0	0.9996948238707432	0.0	1.0	0.0	1.0	0.0	0.9996948238891832	0.0	1.0
0.0	0.0	0.0	1.0	0.0	0.0	0.0	0.0	0.0	0.0	0.0	0.0	1.0	0.0	0.9996781050342549	0.0	1.0	0.0	1.0	0.0	0.9996781050488555	0.0	1.0
0.0	0.0	0.0	1.0	0.0	0.0	0.0	0.0	0.0	0.0	0.0	0.0	1.0	0.0	0.9996686712810016	0.0	1.0	0.0	1.0	0.0	0.999668671292412	0.0	1.0
0.0	0.0	0.0	1.0	0.0	0.0	0.0	0.0	0.0	0.0	0.0	0.0	1.0	0.0	0.9996633685478399	0.0	1.0	0.0	1.0	0.0	0.9996633685566426	0.0	1.0
0.0	0.0	0.0	1.0	0.0	0.0	0.0	0.0	0.0	0.0	0.0	0.0	1.0	0.0	0.9996603984609618	0.0	1.0	0.0	1.0	0.0	0.9996603984676652	0.0	1.0
0.0	0.0	0.0	1.0	0.0	0.0	0.0	0.0	0.0	0.0	0.0	0.0	1.0	0.0	0.9996587404162682	0.0	1.0	0.0	1.0	0.0	0.9996587404213066	0.0	1.0
0.0	0.0	0.0	1.0	0.0	0.0	0.0	0.0	0.0	0.0	0.0	0.0	1.0	0.0	0.9996578176895307	0.0	1.0	0.0	1.0	0.0	0.9996578176932676	0.0	1.0
0.0	0.0	0.0	1.0	0.0	0.0	0.0	0.0	0.0	0.0	0.0	0.0	1.0	0.0	0.9996573056752132	0.0	1.0	0.0	1.0	0.0	0.9996573056779475	0.0	1.0
0.0	0.0	0.0	1.0	0.0	0.0	0.0	0.0	0.0	0.0	0.0	0.0	1.0	0.0	0.9996570223422171	0.0	1.0	0.0	1.0	0.0	0.9996570223441902	0.0	1.0
0.0	0.0	0.0	1.0	0.0	0.0	0.0	0.0	0.0	0.0	0.0	0.0	1.0	0.0	0.9996568659609115	0.0	1.0	0.0	1.0	0.0	0.9996568659623151	0.0	1.0
0.0	0.0	0.0	1.0	0.0	0.0	0.0	0.0	0.0	0.0	0.0	0.0	1.0	0.0	0.9996567798604699	0.0	1.0	0.0	1.0	0.0	0.9996567798614538	0.0	1.0
0.0	0.0	0.0	1.0	0.0	0.0	0.0	0.0	0.0	0.0	0.0	0.0	1.0	0.0	0.9996567325656256	0.0	1.0	0.0	1.0	0.0	0.9996567325663049	0.0	1.0
0.0	0.0	0.0	1.0	0.0	0.0	0.0	0.0	0.0	0.0	0.0	0.0	1.0	0.0	0.9996567066440625	0.0	1.0	0.0	1.0	0.0	0.9996567066445244	0.0	1.0
0.0	0.0	0.0	1.0	0.0	0.0	0.0	0.0	0.0	0.0	0.0	0.0	0.9999136580084402	0.0	0.9996566998814501	0.0	1.0	0.0	0.9999136581679096	0.0	0.9996566998817592	0.0	1.0
0.0	0.0	0.0	1.0	0.0	0.0	0.0	0.0	0.0	0.0	0.0	0.0	0.9998094673771646	0.0	0.9996567010874319	0.0	1.0	0.0	0.9998094675153901	0.0	0.9996567010876352	0.0	1.0
0.0	0.0	0.0	1.0	0.0	0.0	0.0	0.0	0.0	0.0	0.0	0.0	0.9997472293664765	0.0	0.9996567022142244	0.0	1.0	0.0	0.9997472294848588	0.0	0.999656702214356	0.0	1.0
0.0	0.0	0.0	1.0	0.0	0.0	0.0	0.0	0.0	0.0	0.0	0.0	0.9997101867167473	0.0	0.9996567031013642	0.0	1.0	0.0	0.9997101868168199	0.0	0.9996567031014479	0.0	1.0
0.0	0.0	0.0	1.0	0.0	0.0	0.0	0.0	0.0	0.0	0.0	0.0	0.9996882131320335	0.0	0.9996567037429981	0.0	1.0	0.0	0.9996882132154522	0.0	0.9996567037430504	0.0	1.0
0.0	0.0	0.0	1.0	0.0	0.0	0.0	0.0	0.0	0.0	0.0	0.0	0.9996752185644366	0.0	0.9996567041839445	0.0	1.0	0.0	0.9996752186329438	0.0	0.9996567041839767	0.0	1.0
0.0	0.0	0.0	1.0	0.0	0.0	0.0	0.0	0.0	0.0	0.0	0.0	0.9996675559743233	0.0	0.9996567044767348	0.0	1.0	0.0	0.9996675560297021	0.0	0.9996567044767541	0.0	1.0
0.0	0.0	0.0	1.0	0.0	0.0	0.0	0.0	0.0	0.0	0.0	0.0	0.9996630496955534	0.0	0.9996567046663791	0.0	1.0	0.0	0.9996630497395758	0.0	0.9996567046663906	0.0	1.0
0.0	0.0	0.0	1.0	0.0	0.0	0.0	0.0	0.0	0.0	0.0	0.0	0.9996604063551617	0.0	0.9996567047869167	0.0	1.0	0.0	0.9996604063895413	0.0	0.9996567047869234	0.0	1.0
0.0	0.0	0.0	1.0	0.0	0.0	0.0	0.0	0.0	0.0	0.0	0.0	0.9996588595524115	0.0	0.9996567048623961	0.0	1.0	0.0	0.9996588595787609	0.0	0.9996567048623999	0.0	1.0
0.0	0.0	0.0	1.0	0.0	0.0	0.0	0.0	0.0	0.0	0.0	0.0	0.9996579565061419	0.0	0.99965670490909	0.0	1.0	0.0	0.9996579565259396	0.0	0.999656704909092	0.0	1.0
0.0	0.0	0.0	1.0	0.0	0.0	0.0	0.0	0.0	0.0	0.0	0.0	0.9996574304666216	0.0	0.9996567049376861	0.0	1.0	0.0	0.9996574304811874	0.0	0.9996567049376864	0.0	1.0
0.0	0.0	0.0	1.0	0.0	0.0	0.0	0.0	0.0	0.0	0.0	0.0	0.9996571246965553	0.0	0.9996567049550513	0.0	1.0	0.0	0.9996571247070374	0.0	0.9996567049550488	0.0	1.0
0.0	0.0	0.0	1.0	0.0	0.0	0.0	0.0	0.0	0.0	0.0	0.0	0.9996569473305018	0.0	0.999656704965527	0.0	1.0	0.0	0.9996569473378716	0.0	0.9996567049655162	0.0	1.0
0.0	0.0	0.0	1.0	0.0	0.0	0.0	0.0	0.0	0.0	0.0	0.0	0.9996568446537162	0.0	0.9996567049718338	0.0	1.0	0.0	0.9996568446587737	0.0	0.9996567049717948	0.0	1.0
0.0	0.0	0.0	1.0	0.0	0.0	0.0	0.0	0.0	0.0	0.0	0.0	0.9996567853304937	0.0	0.9996567049757109	0.0	1.0	0.0	0.9996567853338786	0.0	0.9996567049755737	0.0	1.0
0.0	0.0	0.0	1.0	0.0	0.0	0.0	0.0	0.0	0.0	0.0	0.0	0.9996567511207285	0.0	0.9996567049784363	0.0	1.0	0.0	0.999656751122937	0.0	0.9996567049779547	0.0	1.0
0.0	0.0	0.0	1.0	0.0	0.0	0.0	0.0	0.0	0.0	0.0	0.0	0.9996567314296884	0.0	0.999656704981574	0.0	1.0	0.0	0.9996567314310933	0.0	0.9996567049798682	0.0	1.0
0.0	0.0	0.0	1.0	0.0	0.0	0.0	0.0	0.0	0.0	0.0	0.0	0.9996567201161316	0.0	0.9996567049887923	0.0	1.0	0.0	0.9996567201170038	0.0	0.999656704982784	0.0	1.0
0.0	0.0	0.0	1.0	0.0	0.0	0.0	0.0	0.0	0.0	0.0	0.0	0.9996567136274103	0.0	0.9996567050117448	0.0	1.0	0.0	0.9996567136279396	0.0	0.9996567049907327	0.0	1.0
0.0	0.0	0.0	1.0	0.0	0.0	0.0	0.0	0.0	0.0	0.0	0.0	0.9996567099123573	0.0	0.9996567050955844	0.0	1.0	0.0	0.9996567099126724	0.0	0.9996567050188526	0.0	1.0
0.0	0.0	0.0	1.0	0.0	0.0	0.0	0.0	0.0	0.0	0.0	0.0	0.9996567077889552	0.0	0.9996567053912037	0.0	1.0	0.0	0.9996567077891396	0.0	0.9996567051174932	0.0	1.0
0.0	0.0	0.0	1.0	0.0	0.0	0.0	0.0	0.0	0.0	0.0	0.0	0.9996567065773088	0.0	0.9996567063604527	0.0	1.0	0.0	0.9996567065774156	0.0	0.9996567054406347	0.0	1.0
0.0	0.0	0.0	1.0	0.0	0.0	0.0	0.0	0.0	0.0	0.0	0.0	0.9996567058870532	0.0	0.9996567108203659	0.0	1.0	0.0	0.9996567058871144	0.0	0.999656706927306	0.0	1.0
0.0	0.0	0.0	1.0	0.0	0.0	0.0	0.0	0.0	0.0	0.0	0.0	0.999656705494455	0.0	0.9996567187698305	0.0	1.0	0.0	0.9996567054944899	0.0	0.999656709577147	0.0	1.0
0.0	0.0	0.0	1.0	0.0	0.0	0.0	0.0	0.0	0.0	0.0	0.0	0.9996567052715066	0.0	0.9996568713093407	0.0	1.0	0.0	0.9996567052715264	0.0	0.9996567604236615	0.0	1.0
0.0	0.0	0.0	1.0	0.0	0.0	0.0	0.0	0.0	0.0	0.0	0.0	0.9996567051450939	0.0	0.9996571955462065	0.0	1.0	0.0	0.9996567051451051	0.0	0.9996568685026234	0.0	1.0
0.0	0.0	0.0	1.0	0.0	0.0	0.0	0.0	0.0	0.0	0.0	0.0	0.9996567050735259	0.0	0.9996563514088117	0.0	1.0	0.0	0.9996567050735322	0.0	0.9996565871234956	0.0	1.0
0.0	0.0	0.0	1.0	0.0	0.0	0.0	0.0	0.0	0.0	0.0	0.0	0.9996567050330682	0.0	0.9996640723885595	0.0	1.0	0.0	0.9996567050330717	0.0	0.9996591607834133	0.0	1.0
0.0	0.0	0.0	1.0	0.0	0.0	0.0	0.0	0.0	0.0	0.0	0.0	0.999656705010231	0.0	0.9996567049808424	0.0	1.0	0.0	0.9996567050102326	0.0	0.9996567049808424	0.0	1.0
0.0	0.0	0.0	1.0	0.0	0.0	0.0	0.0	0.0	0.0	0.0	0.0	0.9996567049973594	0.0	0.9996567049808435	0.0	1.0	0.0	0.9996567049973593	0.0	0.9996567049808435	0.0	1.0
0.0	0.0	0.0	0.999903710311246	0.0	0.0	0.0	0.0	0.0	0.0	0.0	0.0	0.9996567091255573	0.0	0.9996567091162827	0.0	1.0	0.0	0.9996567091255537	0.0	0.9996567091162827	0.0	1.0
0.0	0.0	0.0	0.9998078146482943	0.0	0.0	0.0	0.0	0.0	0.0	0.0	0.0	0.9996567132375153	0.0	0.9996567132322973	0.0	1.0	0.0	0.9996567132375023	0.0	0.9996567132322973	0.0	1.0
0.0	0.0	0.0	0.9997490025288296	0.0	0.0	0.0	0.0	0.0	0.0	0.0	0.0	0.9996567157594838	0.0	0.9996567157564991	0.0	1.0	0.0	0.9996567157594415	0.0	0.9996567157564991	0.0	1.0
0.0	0.0	0.0	0.9997130016968303	0.0	0.0	0.0	0.0	0.0	0.0	0.0	0.0	0.9996567173034739	0.0	0.9996567173016004	0.0	1.0	0.0	0.9996567173033385	0.0	0.9996567173016004	0.0	1.0
0.0	0.0	0.0	0.9996910007348163	0.0	0.0	0.0	0.0	0.0	0.0	0.0	0.0	0.9996567182475357	0.0	0.9996567182458314	0.0	1.0	0.0	0.999656718247101	0.0	0.9996567182458314	0.0	1.0
0.0	0.0	0.0	0.9996775750724038	0.0	0.0	0.0	0.0	0.0	0.0	0.0	0.0	0.9996567188250798	0.0	0.9996567188220236	0.0	1.0	0.0	0.9996567188236888	0.0	0.9996567188220236	0.0	1.0
0.0	0.0	0.0	0.9996693931205514	0.0	0.0	0.0	0.0	0.0	0.0	0.0	0.0	0.9996567191816873	0.0	0.9996567191731677	0.0	1.0	0.0	0.999656719177194	0.0	0.9996567191731677	0.0	1.0
0.0	0.0	0.0	0.9996644128598094	0.0	0.0	0.0	0.0	0.0	0.0	0.0	0.0	0.9996567194137947	0.0	0.999656719386904	0.0	1.0	0.0	0.9996567193992127	0.0	0.999656719386904	0.0	1.0
0.0	0.0	0.0	0.9996613848608237	0.0	0.0	0.0	0.0	0.0	0.0	0.0	0.0	0.9996567196027915	0.0	0.9996567195168554	0.0	1.0	0.0	0.999656719555965	0.0	0.9996567195168554	0.0	1.0
0.0	0.0	0.0	0.9996595458148145	0.0	0.0	0.0	0.0	0.0	0.0	0.0	0.0	0.9996567198850953	0.0	0.9996567195957808	0.0	1.0	0.0	0.9996567197273141	0.0	0.9996567195957808	0.0	1.0
0.0	0.0	0.0	0.9996584300318938	0.0	0.0	0.0	0.0	0.0	0.0	0.0	0.0	0.9996567205873074	0.0	0.9996567196436662	0.0	1.0	0.0	0.9996567200726091	0.0	0.9996567196436662	0.0	1.0
0.0	0.0	0.0	0.9996577537495489	0.0	0.0	0.0	0.0	0.0	0.0	0.0	0.0	0.999656722846842	0.0	0.9996567196726898	0.0	1.0	0.0	0.9996567211154949	0.0	0.9996567196726898	0.0	1.0
0.0	0.0	0.0	0.9996573442589582	0.0	0.0	0.0	0.0	0.0	0.0	0.0	0.0	0.9996567300210152	0.0	0.9996567196902636	0.0	1.0	0.0	0.9996567243860649	0.0	0.9996567196902636	0.0	1.0
0.0	0.0	0.0	0.9996570965566235	0.0	0.0	0.0	0.0	0.0	0.0	0.0	0.0	0.9996567515716287	0.0	0.999656719700894	0.0	1.0	0.0	0.9996567341875948	0.0	0.999656719700894	0.0	1.0
0.0	0.0	0.0	0.9996569468687286	0.0	0.0	0.0	0.0	0.0	0.0	0.0	0.0	0.9996569026379579	0.0	0.9996567197073181	0.0	1.0	0.0	0.999656802857611	0.0	0.9996567197073181	0.0	1.0
0.0	0.0	0.0	0.9996568565013129	0.0	0.0	0.0	0.0	0.0	0.0	0.0	0.0	0.9996573192911017	0.0	0.9996567197111962	0.0	1.0	0.0	0.9996569922475186	0.0	0.9996567197111962	0.0	1.0
0.0	0.0	0.0	0.9996568020005587	0.0	0.0	0.0	0.0	0.0	0.0	0.0	0.0	0.9996562875699507	0.0	0.9996567197135352	0.0	1.0	0.0	0.9996565232846346	0.0	0.9996567197135352	0.0	1.0
0.0	0.0	0.0	0.9996567691642275	0.0	0.0	0.0	0.0	0.0	0.0	0.0	0.0	0.9996657243243808	0.0	0.9996567197149444	0.0	1.0	0.0	0.9996608127192348	0.0	0.9996567197149444	0.0	1.0
0.0	0.0	0.0	0.9996567494007353	0.0	0.0	0.0	0.0	0.0	0.0	0.0	0.0	0.9996567197157945	0.0	0.9996567197157926	0.0	1.0	0.0	0.9996567197157945	0.0	0.9996567197157926	0.0	1.0
0.0	0.0	0.0	0.999656737517766	0.0	0.0	0.0	0.0	0.0	0.0	0.0	0.0	0.9996567197163045	0.0	0.9996567197163025	0.0	1.0	0.0	0.9996567197163045	0.0	0.9996567197163025	0.0	1.0
0.0	0.0	0.0	0.9996567303804694	0.0	0.0	0.0	0.0	0.0	0.0	0.0	0.0	0.9996567197166109	0.0	0.9996567197166089	0.0	1.0	0.0	0.9996567197166109	0.0	0.9996567197166089	0.0	1.0
0.0	0.0	0.0	0.999656726098087	0.0	0.0	0.0	0.0	0.0	0.0	0.0	0.0	0.9996567197167946	0.0	0.9996567197167926	0.0	1.0	0.0	0.9996567197167946	0.0	0.9996567197167926	0.0	1.0
0.0	0.0	0.0	0.9996567235313835	0.0	0.0	0.0	0.0	0.0	0.0	0.0	0.0	0.9996567197169047	0.0	0.9996567197169027	0.0	1.0	0.0	0.9996567197169047	0.0	0.9996567197169027	0.0	1.0
0.0	0.0	0.0	0.9996567219946425	0.0	0.0	0.0	0.0	0.0	0.0	0.0	0.0	0.9996567197169707	0.0	0.9996567197169687	0.0	1.0	0.0	0.9996567197169707	0.0	0.9996567197169687	0.0	1.0
0.0	0.0	0.0	0.9996567210755556	0.0	0.0	0.0	0.0	0.0	0.0	0.0	0.0	0.9996567197170102	0.0	0.9996567197170082	0.0	1.0	0.0	0.9996567197170102	0.0	0.9996567197170082	0.0	1.0
0.0	0.0	0.0	0.9996567205264693	0.0	0.0	0.0	0.0	0.0	0.0	0.0	0.0	0.9996567197170337	0.0	0.9996567197170317	0.0	1.0	0.0	0.9996567197170337	0.0	0.9996567197170317	0.0	1.0
0.0	0.0	0.0	0.9996567201987892	0.0	0.0	0.0	0.0	0.0	0.0	0.0	0.0	0.9996567197170477	0.0	0.9996567197170458	0.0	1.0	0.0	0.9996567197170477	0.0	0.9996567197170458	0.0	1.0
0.0	0.0	0.0	0.999656720003453	0.0	0.0	0.0	0.0	0.0	0.0	0.0	0.0	0.9996567197170562	0.0	0.9996567197170542	0.0	1.0	0.0	0.9996567197170562	0.0	0.9996567197170542	0.0	1.0
0.0	0.0	0.0	0.9996567198871376	0.0	0.0	0.0	0.0	0.0	0.0	0.0	0.0	0.9996567197170612	0.0	0.9996567197170592	0.0	1.0	0.0	0.9996567197170612	0.0	0.9996567197170592	0.0	1.0
0.0	0.0	0.0	0.9996567198179528	0.0	0.0	0.0	0.0	0.0	0.0	0.0	0.0	0.9996567197170642	0.0	0.9996567197170622	0.0	1.0	0.0	0.9996567197170642	0.0	0.9996567197170622	0.0	1.0
0.0	0.0	0.0	0.9996567197768471	0.0	0.0	0.0	0.0	0.0	0.0	0.0	0.0	0.9996567197170659	0.0	0.9996567197170639	0.0	1.0	0.0	0.9996567197170659	0.0	0.9996567197170639	0.0	1.0
0.0	0.0	0.0	0.999656719752452	0.0	0.0	0.0	0.0	0.0	0.0	0.0	0.0	0.9996567197170669	0.0	0.9996567197170649	0.0	1.0	0.0	0.9996567197170669	0.0	0.9996567197170649	0.0	1.0
0.0	0.0	0.0	0.9996567197379915	0.0	0.0	0.0	0.0	0.0	0.0	0.0	0.0	0.9996567197170676	0.0	0.9996567197170656	0.0	1.0	0.0	0.9996567197170676	0.0	0.9996567197170656	0.0	1.0
0.0	0.0	0.0	0.9996567197294328	0.0	0.0	0.0	0.0	0.0	0.0	0.0	0.0	0.9996567197170679	0.0	0.9996567197170659	0.0	1.0	0.0	0.9996567197170679	0.0	0.9996567197170659	0.0	1.0
0.0	0.0	0.0	0.9996567197243827	0.0	0.0	0.0	0.0	0.0	0.0	0.0	0.0	0.9996567197170682	0.0	0.9996567197170662	0.0	1.0	0.0	0.9996567197170682	0.0	0.9996567197170662	0.0	1.0
0.0	0.0	0.0	0.9996567197214355	0.0	0.0	0.0	0.0	0.0	0.0	0.0	0.0	0.9996567197170683	0.0	0.9996567197170663	0.0	1.0	0.0	0.9996567197170683	0.0	0.9996567197170663	0.0	1.0
0.0	0.0	0.0	0.9996567197198022	0.0	0.0	0.0	0.0	0.0	0.0	0.0	0.0	0.9996567197170684	0.0	0.9996567197170664	0.0	1.0	0.0	0.9996567197170684	0.0	0.9996567197170664	0.0	1.0
0.0	0.0	0.0	0.9996567197191448	0.0	0.0	0.0	0.0	0.0	0.0	0.0	0.0	0.9996567197170684	0.0	0.9996567197170664	0.0	1.0	0.0	0.9996567197170684	0.0	0.9996567197170664	0.0	1.0
0.0	0.0	0.0	0.9996567197196463	0.0	0.0	0.0	0.0	0.0	0.0	0.0	0.0	0.9996567197170684	0.0	0.9996567197170664	0.0	1.0	0.0	0.9996567197170684	0.0	0.9996567197170664	0.0	1.0
0.0	0.0	0.0	0.9996567197225503	0.0	0.0	0.0	0.0	0.0	0.0	0.0	0.0	0.9996567197170684	0.0	0.9996567197170665	0.0	1.0	0.0	0.9996567197170684	0.0	0.9996567197170665	0.0	1.0
0.0	0.0	0.0	0.999656719731676	0.0	0.0	0.0	0.0	0.0	0.0	0.0	0.0	0.9996567197170685	0.0	0.9996567197170665	0.0	1.0	0.0	0.9996567197170685	0.0	0.9996567197170665	0.0	1.0
0.0	0.0	0.0	0.9996567197598231	0.0	0.0	0.0	0.0	0.0	0.0	0.0	0.0	0.9996567197170685	0.0	0.9996567197170665	0.0	1.0	0.0	0.9996567197170685	0.0	0.9996567197170665	0.0	1.0
0.0	0.0	0.0	0.9996567198408185	0.0	0.0	0.0	0.0	0.0	0.0	0.0	0.0	0.9996567197170685	0.0	0.9996567197170665	0.0	1.0	0.0	0.9996567197170685	0.0	0.9996567197170665	0.0	1.0
0.0	0.0	0.0	0.9996567200625691	0.0	0.0	0.0	0.0	0.0	0.0	0.0	0.0	0.9996567197170685	0.0	0.9996567197170665	0.0	1.0	0.0	0.9996567197170685	0.0	0.9996567197170665	0.0	1.0
0.0	0.0	0.0	0.9996567208245544	0.0	0.0	0.0	0.0	0.0	0.0	0.0	0.0	0.9996567197170685	0.0	0.9996567197170665	0.0	1.0	0.0	0.9996567197170685	0.0	0.9996567197170665	0.0	1.0
0.0	0.0	0.0	0.9996567228761327	0.0	0.0	0.0	0.0	0.0	0.0	0.0	0.0	0.9996567197170685	0.0	0.9996567197170665	0.0	1.0	0.0	0.9996567197170685	0.0	0.9996567197170665	0.0	1.0
0.0	0.0	0.0	0.9996567292258427	0.0	0.0	0.0	0.0	0.0	0.0	0.0	0.0	0.9996567197170685	0.0	0.9996567197170665	0.0	1.0	0.0	0.9996567197170685	0.0	0.9996567197170665	0.0	1.0
0.0	0.0	0.0	0.9996567624287981	0.0	0.0	0.0	0.0	0.0	0.0	0.0	0.0	0.9996567197170685	0.0	0.9996567197170665	0.0	1.0	0.0	0.9996567197170685	0.0	0.9996567197170665	0.0	1.0
0.0	0.0	0.0	0.9996568024765968	0.0	0.0	0.0	0.0	0.0	0.0	0.0	0.0	0.9996567197170685	0.0	0.9996567197170665	0.0	1.0	0.0	0.9996567197170685	0.0	0.9996567197170665	0.0	1.0
0.0	0.0	0.0	0.9996569975073251	0.0	0.0	0.0	0.0	0.0	0.0	0.0	0.0	0.9996567197170685	0.0	0.9996567197170665	0.0	1.0	0.0	0.9996567197170685	0.0	0.9996567197170665	0.0	1.0
0.0	0.0	0.0	0.9996578098623506	0.0	0.0	0.0	0.0	0.0	0.0	0.0	0.0	0.9996567197170685	0.0	0.9996567197170665	0.0	1.0	0.0	0.9996567197170685	0.0	0.9996567197170665	0.0	1.0
0.0	0.0	0.0	0.9996723060186138	0.0	0.0	0.0	0.0	0.0	0.0	0.0	0.0	0.9996567197170685	0.0	0.9996567197170665	0.0	1.0	0.0	0.9996567197170685	0.0	0.9996567197170665	0.0	1.0
0.0	0.0	0.0	0.999656719717073	0.0	0.0	0.0	0.0	0.0	0.0	0.0	0.0	0.9996567197170685	0.0	0.9996567197170665	0.0	1.0	0.0	0.9996567197170685	0.0	0.9996567197170665	0.0	1.0
0.0	0.0	0.0	0.999656719717073	0.0	0.0	0.0	0.0	0.0	0.0	0.0	0.0	0.9996567197170685	0.0	0.9996567197170665	0.0	1.0	0.0	0.9996567197170685	0.0	0.9996567197170665	0.0	1.0
0.0	0.0	0.0	0.999656719717073	0.0	0.0	0.0	0.0	0.0	0.0	0.0	0.0	0.9996567197170685	0.0	0.9996567197170665	0.0	1.0	0.0	0.9996567197170685	0.0	0.9996567197170665	0.0	1.0
0.0	0.0	0.0	0.999656719717073	0.0	0.0	0.0	0.0	0.0	0.0	0.0	0.0	0.9996567197170685	0.0	0.9996567197170665	0.0	1.0	0.0	0.9996567197170685	0.0	0.9996567197170665	0.0	1.0
0.0	0.0	0.0	0.999656719717073	0.0	0.0	0.0	0.0	0.0	0.0	0.0	0.0	0.9996567197170685	0.0	0.9996567197170665	0.0	1.0	0.0	0.9996567197170685	0.0	0.9996567197170665	0.0	1.0
0.0	0.0	0.0	0.999656719717073	0.0	0.0	0.0	0.0	0.0	0.0	0.0	0.0	0.9996567197170685	0.0	0.9996567197170665	0.0	1.0	0.0	0.9996567197170685	0.0	0.9996567197170665	0.0	1.0
0.0	0.0	0.0	0.999656719717073	0.0	0.0	0.0	0.0	0.0	0.0	0.0	0.0	0.9996567197170685	0.0	0.9996567197170665	0.0	1.0	0.0	0.9996567197170685	0.0	0.9996567197170665	0.0	1.0
0.0	0.0	0.0	0.999656719717073	0.0	0.0	0.0	0.0	0.0	0.0	0.0	0.0	0.9996567197170685	0.0	0.9996567197170665	0.0	1.0	0.0	0.9996567197170685	0.0	0.9996567197170665	0.0	1.0
0.0	0.0	0.0	0.999656719717073	0.0	0.0	0.0	0.0	0.0	0.0	0.0	0.0	0.9996567197170685	0.0	0.9996567197170665	0.0	1.0	0.0	0.9996567197170685	0.0	0.9996567197170665	0.0	1.0
0.0	0.0	0.0	0.999656719717073	0.0	0.0	0.0	0.0	0.0	0.0	0.0	0.0	0.9996567197170685	0.0	0.9996567197170665	0.0	1.0	0.0	0.9996567197170685	0.0	0.9996567197170665	0.0	1.0
0.0	0.0	0.0	0.999656719717073	0.0	0.0	0.0	0.0	0.0	0.0	0.0	0.0	0.9996567197170685	0.0	0.9996567197170665	0.0	1.0	0.0	0.9996567197170685	0.0	0.9996567197170665	0.0	1.0
0.0	0.0	0.0	0.999656719717073	0.0	0.0	0.0	0.0	0.0	0.0	0.0	0.0	0.9996567197170685	0.0	0.9996567197170665	0.0	1.0	0.0	0.9996567197170685	0.0	0.9996567197170665	0.0	1.0
0.0	0.0	0.0	0.999656719717073	0.0	0.0	0.0	0.0	0.0	0.0	0.0	0.0	0.9996567197170685	0.0	0.9996567197170665	0.0	1.0	0.0	0.9996567197170685	0.0	0.9996567197170665	0.0	1.0
0.0	0.0	0.0	0.999656719717073	0.0	0.0	0.0	0.0	0.0	0.0	0.0	0.0	0.9996567197170685	0.0	0.9996567197170665	0.0	1.0	0.0	0.9996567197170685	0.0	0.9996567197170665	0.0	1.0
0.0	0.0	0.0	0.999656719717073	0.0	0.0	0.0	0.0	0.0	0.0	0.0	0.0	0.9996567197170685	0.0	0.9996567197170665	0.0	1.0	0.0	0.9996567197170685	0.0	0.9996567197170665	0.0	1.0
0.0	0.0	0.0	0.999656719717073	0.0	0.0	0.0	0.0	0.0	0.0	0.0	0.0	0.9996567197170685	0.0	0.9996567197170665	0.0	1.0	0.0	0.9996567197170685	0.0	0.9996567197170665	0.0	1.0
0.0	0.0	0.0	0.999656719717073	0.0	0.0	0.0	0.0	0.0	0.0	0.0	0.0	0.9996567197170685	0.0	0.9996567197170665	0.0	1.0	0.0	0.9996567197170685	0.0	0.9996567197170665	0.0	1.0
0.0	0.0	0.0	0.999656719717073	0.0	0.0	0.0	0.0	0.0	0.0	0.0	0.0	0.9996567197170685	0.0	0.9996567197170665	0.0	1.0	0.0	0.9996567197170685	0.0	0.9996567197170665	0.0	1.0
0.0	0.0	0.0	0.999656719717073	0.0	0.0	0.0	0.0	0.0	0.0	0.0	0.0	0.9996567197170685	0.0	0.9996567197170665	0.0	1.0	0.0	0.9996567197170685	0.0	0.9996567197170665	0.0	1.0
0.0	0.0	0.0	0.999656719717073	0.0	0.0	0.0	0.0	0.0	0.0	0.0	0.0	0.9996567197170685	0.0	0.9996567197170665	0.0	1.0	0.0	0.9996567197170685	0.0	0.9996567197170665	0.0	1.0
0.0	0.0	0.0	0.999656719717073	0.0	0.0	0.0	0.0	0.0	0.0	0.0	0.0	0.9996567197170685	0.0	0.9996567197170665	0.0	1.0	0.0	0.9996567197170685	0.0	0.9996567197170665	0.0	1.0
0.0	0.0	0.0	0.999656719717073	0.0	0.0	0.0	0.0	0.0	0.0	0.0	0.0	0.9996567197170685	0.0	0.9996567197170665	0.0	1.0	0.0	0.9996567197170685	0.0	0.9996567197170665	0.0	1.0
0.0	0.0	0.0	0.999656719717073	0.0	0.0	0.0	0.0	0.0	0.0	0.0	0.0	0.9996567197170685	0.0	0.9996567197170665	0.0	1.0	0.0	0.9996567197170685	0.0	0.9996567197170665	0.0	1.0
0.0	0.0	0.0	0.999656719717073	0.0	0.0	0.0	0.0	0.0	0.0	0.0	0.0	0.9996567197170685	0.0	0.9996567197170665	0.0	1.0	0.0	0.9996567197170685	0.0	0.9996567197170665	0.0	1.0
0.0	0.0	0.0	0.999656719717073	0.0	0.0	0.0	0.0	0.0	0.0	0.0	0.0	0.9996567197170685	0.0	0.9996567197170665	0.0	1.0	0.0	0.9996567197170685	0.0	0.9996567197170665	0.0	1.0
0.0	0.0	0.0	0.999656719717073	0.0	0.0	0.0	0.0	0.0	0.0	0.0	0.0	0.9996567197170685	0.0	0.9996567197170665	0.0	1.0	0.0	0.9996567197170685	0.0	0.9996567197170665	0.0	1.0
0.0	0.0	0.0	0.999656719717073	0.0	0.0	0.0	0.0	0.0	0.0	0.0	0.0	0.9996567197170685	0.0	0.9996567197170665	0.0	1.0	0.0	0.9996567197170685	0.0	0.9996567197170665	0.0	1.0
0.0	0.0	0.0	0.999656719717073	0.0	0.0	0.0	0.0	0.0	0.0	0.0	0.0	0.9996567197170685	0.0	0.9996567197170665	0.0	1.0	0.0	0.9996567197170685	0.0	0.9996567197170665	0.0	1.0
0.0	0.0	0.0	0.999656719717073	0.0	0.0	0.0	0.0	0.0	0.0	0.0	0.0	0.9996567197170685	0.0	0.9996567197170665	0.0	1.0	0.0	0.9996567197170685	0.0	0.9996567197170665	0.0	1.0
0.0	0.0	0.0	0.999656719717073	0.0	0.0	0.0	0.0	0.0	0.0	0.0	0.0	0.9996567197170685	0.0	0.9996567197170665	0.0	1.0	0.0	0.9996567197170685	0.0	0.9996567197170665	0.0	1.0
0.0	0.0	0.0	0.999656719717073	0.0	0.0	0.0	0.0	0.0	0.0	0.0	0.0	0.9996567197170685	0.0	0.9996567197170665	0.0	1.0	0.0	0.9996567197170685	0.0	0.9996567197170665	0.0	1.0
0.0	0.0	0.0	0.999656719717073	0.0	0.0	0.0	0.0	0.0	0.0	0.0	0.0	0.9996567197170685	0.0	0.9996567197170665	0.0	1.0	0.0	0.9996567197170685	0.0	0.9996567197170665	0.0	1.0
0.0	0.0	0.0	0.999656719717073	0.0	0.0	0.0	0.0	0.0	0.0	0.0	0.0	0.9996567197170685	0.0	0.9996567197170665	0.0	1.0	0.0	0.9996567197170685	0.0	0.9996567197170665	0.0	1.0
0.0	0.0	0.0	0.999656719717073	0.0	0.0	0.0	0.0	0.0	0.0	0.0	0.0	0.9996567197170685	0.0	0.9996567197170665	0.0	1.0	0.0	0.9996567197170685	0.0	0.9996567197170665	0.0	1.0
0.0	0.0	0.0	0.999656719717073	0.0	0.0	0.0	0.0	0.0	0.0	0.0	0.0	0.9996567197170685	0.0	0.9996567197170665	0.0	1.0	0.0	0.9996567197170685	0.0	0.9996567197170665	0.0	1.0
0.0	0.0	0.0	0.999656719717073	0.0	0.0	0.0	0.0	0.0	0.0	0.0	0.0	0.9996567197170685	0.0	0.9996567197170665	0.0	1.0	0.0	0.9996567197170685	0.0	0.9996567197170665	0.0	1.0
0.0	0.0	0.0	0.999656719717073	0.0	0.0	0.0	0.0	0.0	0.0	0.0	0.0	0.9996567197170685	0.0	0.9996567197170665	0.0	1.0	0.0	0.9996567197170685	0.0	0.9996567197170665	0.0	1.0
0.0	0.0	0.0	0.999656719717073	0.0	0.0	0.0	0.0	0.0	0.0	0.0	0.0	0.9996567197170685	0.0	0.9996567197170665	0.0	1.0	0.0	0.9996567197170685	0.0	0.9996567197170665	0.0	1.0
0.0	0.0	0.0	0.999656719717073	0.0	0.0	0.0	0.0	0.0	0.0	0.0	0.0	0.9996567197170685	0.0	0.9996567197170665	0.0	1.0	0.0	0.9996567197170685	0.0	0.9996567197170665	0.0	1.0
0.0	0.0	0.0	0.999656719717073	0.0	0.0	0.0	0.0	0.0	0.0	0.0	0.0	0.9996567197170685	0.0	0.9996567197170665	0.0	1.0	0.0	0.9996567197170685	0.0	0.9996567197170665	0.0	1.0
0.0	0.0	0.0	0.999656719717073	0.0	0.0	0.0	0.0	0.0	0.0	0.0	0.0	0.9996567197170685	0.0	0.9996567197170665	0.0	1.0	0.0	0.9996567197170685	0.0	0.9996567197170665	0.0	1.0
0.0	0.0	0.0	0.999656719717073	0.0	0.0	0.0	0.0	0.0	0.0	0.0	0.0	0.9996567197170685	0.0	0.9996567197170665	0.0	1.0	0.0	0.9996567197170685	0.0	0.9996567197170665	0.0	1.0
0.0	0.0	0.0	0.999656719717073	0.0	0.0	0.0	0.0	0.0	0.0	0.0	0.0	0.9996567197170685	0.0	0.9996567197170665	0.0	1.0	0.0	0.9996567197170685	0.0	0.9996567197170665	0.0	1.0
0.0	0.0	0.0	0.999656719717073	0.0	0.0	0.0	0.0	0.0	0.0	0.0	0.0	0.9996567197170685	0.0	0.9996567197170665	0.0	1.0	0.0	0.9996567197170685	0.0	0.9996567197170665	0.0	1.0
0.0	0.0	0.0	0.999656719717073	0.0	0.0	0.0	0.0	0.0	0.0	0.0	0.0	0.9996567197170685	0.0	0.9996567197170665	0.0	1.0	0.0	0.9996567197170685	0.0	0.9996567197170665	0.0	1.0
0.0	0.0	0.0	0.999656719717073	0.0	0.0	0.0	0.0	0.0	0.0	0.0	0.0	0.9996567197170685	0.0	0.9996567197170665	0.0	1.0	0.0	0.9996567197170685	0.0	0.9996567197170665	0.0	1.0
0.0	0.0	0.0	0.999656719717073	0.0	0.0	0.0	0.0	0.0	0.0	0.0	0.0	0.9996567197170685	0.0	0.9996567197170665	0.0	1.0	0.0	0.9996567197170685	0.0	0.9996567197170665	0.0	1.0
0.0	0.0	0.0	0.999656719717073	0.0	0.0	0.0	0.0	0.0	0.0	0.0	0.0	0.9996567197170685	0.0	0.9996567197170665	0.0	1.0	0.0	0.9996567197170685	0.0	0.9996567197170665	0.0	1.0
0.0	0.0	0.0	0.999656719717073	0.0	0.0	0.0	0.0	0.0	0.0	0.0	0.0	0.9996567197170685	0.0	0.9996567197170665	0.0	1.0	0.0	0.9996567197170685	0.0	0.9996567197170665	0.0	1.0
0.0	0.0	0.0	0.999656719717073	0.0	0.0	0.0	0.0	0.0	0.0	0.0	0.0	0.9996567197170685	0.0	0.9996567197170665	0.0	1.0	0.0	0.9996567197170685	0.0	0.9996567197170665	0.0	1.0
0.0	0.0	0.0	0.999656719717073	0.0	0.0	0.0	0.0	0.0	0.0	0.0	0.0	0.9996567197170685	0.0	0.9996567197170665	0.0	1.0	0.0	0.9996567197170685	0.0	0.9996567197170665	0.0	1.0
0.0	0.0	0.0	0.999656719717073	0.0	0.0	0.0	0.0	0.0	0.0	0.0	0.0	0.9996567197170685	0.0	0.9996567197170665	0.0	1.0	0.0	0.9996567197170685	0.0	0.9996567197170665	0.0	1.0
0.0	0.0	0.0	0.999656719717073	0.0	0.0	0.0	0.0	0.0	0.0	0.0	0.0	0.9996567197170685	0.0	0.9996567197170665	0.0	1.0	0.0	0.9996567197170685	0.0	0.9996567197170665	0.0	1.0
0.0	0.0	0.0	0.999656719717073	0.0	0.0	0.0	0.0	0.0	0.0	0.0	0.0	0.9996567197170685	0.0	0.9996567197170665	0.0	1.0	0.0	0.9996567197170685	0.0	0.9996567197170665	0.0	1.0
0.0	0.0	0.0	0.999656719717073	0.0	0.0	0.0	0.0	0.0	0.0	0.0	0.0	0.9996567197170685	0.0	0.9996567197170665	0.0	1.0	0.0	0.9996567197170685	0.0	0.9996567197170665	0.0	1.0
0.0	0.0	0.0	0.999656719717073	0.0	0.0	0.0	0.0	0.0	0.0	0.0	0.0	0.9996567197170685	0.0	0.9996567197170665	0.0	1.0	0.0	0.9996567197170685	0.0	0.9996567197170665	0.0	1.0
0.0	0.0	0.0	0.999656719717073	0.0	0.0	0.0	0.0	0.0	0.0	0.0	0.0	0.9996567197170685	0.0	0.9996567197170665	0.0	1.0	0.0	0.9996567197170685	0.0	0.9996567197170665	0.0	1.0
0.0	0.0	0.0	0.999656719717073	0.0	0.0	0.0	0.0	0.0	0.0	0.0	0.0	0.9996567197170685	0.0	0.9996567197170665	0.0	1.0	0.0	0.9996567197170685	0.0	0.9996567197170665	0.0	1.0
0.0	0.0	0.0	0.999656719717073	0.0	0.0	0.0	0.0	0.0	0.0	0.0	0.0	0.9996567197170685	0.0	0.9996567197170665	0.0	1.0	0.0	0.9996567197170685	0.0	0.9996567197170665	0.0	1.0
0.0	0.0	0.0	0.999656719717073	0.0	0.0	0.0	0.0	0.0	0.0	0.0	0.0	0.9996567197170685	0.0	0.9996567197170665	0.0	1.0	0.0	0.9996567197170685	0.0	0.9996567197170665	0.0	1.0
0.0	0.0	0.0	0.999656719717073	0.0	0.0	0.0	0.0	0.0	0.0	0.0	0.0	0.9996567197170685	0.0	0.9996567197170665	0.0	1.0	0.0	0.9996567197170685	0.0	0.9996567197170665	0.0	1.0
0.0	0.0	0.0	0.999656719717073	0.0	0.0	0.0	0.0	0.0	0.0	0.0	0.0	0.9996567197170685	0.0	0.9996567197170665	0.0	1.0	0.0	0.9996567197170685	0.0	0.9996567197170665	0.0	1.0
0.0	0.0	0.0	0.999656719717073	0.0	0.0	0.0	0.0	0.0	0.0	0.0	0.0	0.9996567197170685	0.0	0.9996567197170665	0.0	1.0	0.0	0.9996567197170685	0.0	0.9996567197170665	0.0	1.0
0.0	0.0	0.0	0.999656719717073	0.0	0.0	0.0	0.0	0.0	0.0	0.0	0.0	0.9996567197170685	0.0	0.9996567197170665	0.0	1.0	0.0	0.9996567197170685	0.0	0.9996567197170665	0.0	1.0
0.0	0.0	0.0	0.999656719717073	0.0	0.0	0.0	0.0	0.0	0.0	0.0	0.0	0.9996567197170685	0.0	0.9996567197170665	0.0	1.0	0.0	0.9996567197170685	0.0	0.9996567197170665	0.0	1.0
0.0	0.0	0.0	0.999656719717073	0.0	0.0	0.0	0.0	0.0	0.0	0.0	0.0	0.9996567197170685	0.0	0.9996567197170665	0.0	1.0	0.0	0.9996567197170685	0.0	0.9996567197170665	0.0	1.0
0.0	0.0	0.0	0.999656719717073	0.0	0.0	0.0	0.0	0.0	0.0	0.0	0.0	0.9996567197170685	0.0	0.9996567197170665	0.0	1.0	0.0	0.9996567197170685	0.0	0.9996567197170665	0.0	1.0
0.0	0.0	0.0	0.999656719717073	0.0	0.0	0.0	0.0	0.0	0.0	0.0	0.0	0.9996567197170685	0.0	0.9996567197170665	0.0	1.0	0.0	0.9996567197170685	0.0	0.9996567197170665	0.0	1.0
0.0	0.0	0.0	0.999656719717073	0.0	0.0	0.0	0.0	0.0	0.0	0.0	0.0	0.9996567197170685	0.0	0.9996567197170665	0.0	1.0	0.0	0.9996567197170685	0.0	0.9996567197170665	0.0	1.0
0.0	0.0	0.0	0.999656719717073	0.0	0.0	0.0	0.0	0.0	0.0	0.0	0.0	0.9996567197170685	0.0	0.9996567197170665	0.0	1.0	0.0	0.9996567197170685	0.0	0.9996567197170665	0.0	1.0
0.0	0.0	0.0	0.999656719717073	0.0	0.0	0.0	0.0	0.0	0.0	0.0	0.0	0.9996567197170685	0.0	0.9996567197170665	0.0	1.0	0.0	0.9996567197170685	0.0	0.9996567197170665	0.0	1.0
0.0	0.0	0.0	0.999656719717073	0.0	0.0	0.0	0.0	0.0	0.0	0.0	0.0	0.9996567197170685	0.0	0.9996567197170665	0.0	1.0	0.0	0.9996567197170685	0.0	0.9996567197170665	0.0	1.0
0.0	0.0	0.0	0.999656719717073	0.0	0.0	0.0	0.0	0.0	0.0	0.0	0.0	0.9996567197170685	0.0	0.9996567197170665	0.0	1.0	0.0	0.9996567197170685	0.0	0.9996567197170665	0.0	1.0
0.0	0.0	0.0	0.999656719717073	0.0	0.0	0.0	0.0	0.0	0.0	0.0	0.0	0.9996567197170685	0.0	0.9996567197170665	0.0	1.0	0.0	0.9996567197170685	0.0	0.9996567197170665	0.0	1.0
0.0	0.0	0.0	0.999656719717073	0.0	0.0	0.0	0.0	0.0	0.0	0.0	0.0	0.9996567197170685	0.0	0.9996567197170665	0.0	1.0	0.0	0.9996567197170685	0.0	0.9996567197170665	0.0	1.0
0.0	0.0	0.0	0.999656719717073	0.0	0.0	0.0	0.0	0.0	0.0	0.0	0.0	0.9996567197170685	0.0	0.9996567197170665	0.0	1.0	0.0	0.9996567197170685	0.0	0.9996567197170665	0.0	1.0
0.0	0.0	0.0	0.999656719717073	0.0	0.0	0.0	0.0	0.0	0.0	0.0	0.0	0.9996567197170685	0.0	0.9996567197170665	0.0	1.0	0.0	0.9996567197170685	0.0	0.9996567197170665	0.0	1.0
0.0	0.0	0.0	0.999656719717073	0.0	0.0	0.0	0.0	0.0	0.0	0.0	0.0	0.9996567197170685	0.0	0.9996567197170665	0.0	1.0	0.0	0.9996567197170685	0.0	0.9996567197170665	0.0	1.0
0.0	0.0	0.0	0.999656719717073	0.0	0.0	0.0	0.0	0.0	0.0	0.0	0.0	0.9996567197170685	0.0	0.9996567197170665	0.0	1.0	0.0	0.9996567197170685	0.0	0.9996567197170665	0.0	1.0
0.0	0.0	0.0	0.999656719717073	0.0	0.0	0.0	0.0	0.0	0.0	0.0	0.0	0.9996567197170685	0.0	0.9996567197170665	0.0	1.0	0.0	0.9996567197170685	0.0	0.9996567197170665	0.0	1.0
0.0	0.0	0.0	0.999656719717073	0.0	0.0	0.0	0.0	0.0	0.0	0.0	0.0	0.9996567197170685	0.0	0.9996567197170665	0.0	1.0	0.0	0.9996567197170685	0.0	0.9996567197170665	0.0	1.0
0.0	0.0	0.0	0.999656719717073	0.0	0.0	0.0	0.0	0.0	0.0	0.0	0.0	0.9996567197170685	0.0	0.9996567197170665	0.0	1.0	0.0	0.9996567197170685	0.0	0.9996567197170665	0.0	1.0
0.0	0.0	0.0	0.999656719717073	0.0	0.0	0.0	0.0	0.0	0.0	0.0	0.0	0.9996567197170685	0.0	0.9996567197170665	0.0	1.0	0.0	0.9996567197170685	0.0	0.9996567197170665	0.0	1.0
0.0	0.0	0.0	0.999656719717073	0.0	0.0	0.0	0.0	0.0	0.0	0.0	0.0	0.9996567197170685	0.0	0.9996567197170665	0.0	1.0	0.0	0.9996567197170685	0.0	0.9996567197170665	0.0	1.0
0.0	0.0	0.0	0.999656719717073	0.0	0.0	0.0	0.0	0.0	0.0	0.0	0.0	0.9996567197170685	0.0	0.9996567197170665	0.0	1.0	0.0	0.9996567197170685	0.0	0.9996567197170665	0.0	1.0
0.0	0.0	0.0	0.999656719717073	0.0	0.0	0.0	0.0	0.0	0.0	0.0	0.0	0.9996567197170685	0.0	0.9996567197170665	0.0	1.0	0.0	0.9996567197170685	0.0	0.9996567197170665	0.0	1.0
0.0	0.0	0.0	0.999656719717073	0.0	0.0	0.0	0.0	0.0	0.0	0.0	0.0	0.9996567197170685	0.0	0.9996567197170665	0.0	1.0	0.0	0.9996567197170685	0.0	0.9996567197170665	0.0	1.0
0.0	0.0	0.0	0.999656719717073	0.0	0.0	0.0	0.0	0.0	0.0	0.0	0.0	0.9996567197170685	0.0	0.9996567197170665	0.0	1.0	0.0	0.9996567197170685	0.0	0.9996567197170665	0.0	1.0
0.0	0.0	0.0	0.999656719717073	0.0	0.0	0.0	0.0	0.0	0.0	0.0	0.0	0.9996567197170685	0.0	0.9996567197170665	0.0	1.0	0.0	0.9996567197170685	0.0	0.9996567197170665	0.0	1.0
0.0	0.0	0.0	0.999656719717073	0.0	0.0	0.0	0.0	0.0	0.0	0.0	0.0	0.9996567197170685	0.0	0.9996567197170665	0.0	1.0	0.0	0.9996567197170685	0.0	0.9996567197170665	0.0	1.0
0.0	0.0	0.0	0.999656719717073	0.0	0.0	0.0	0.0	0.0	0.0	0.0	0.0	0.9996567197170685	0.0	0.9996567197170665	0.0	1.0	0.0	0.9996567197170685	0.0	0.9996567197170665	0.0	1.0
0.0	0.0	0.0	0.999656719717073	0.0	0.0	0.0	0.0	0.0	0.0	0.0	0.0	0.9996567197170685	0.0	0.9996567197170665	0.0	1.0	0.0	0.9996567197170685	0.0	0.9996567197170665	0.0	1.0
0.0	0.0	0.0	0.999656719717073	0.0	0.0	0.0	0.0	0.0	0.0	0.0	0.0	0.9996567197170685	0.0	0.9996567197170665	0.0	1.0	0.0	0.9996567197170685	0.0	0.9996567197170665	0.0	1.0
0.0	0.0	0.0	0.999656719717073	0.0	0.0	0.0	0.0	0.0	0.0	0.0	0.0	0.9996567197170685	0.0	0.9996567197170665	0.0	1.0	0.0	0.9996567197170685	0.0	0.9996567197170665	0.0	1.0
0.0	0.0	0.0	0.999656719717073	0.0	0.0	0.0	0.0	0.0	0.0	0.0	0.0	0.9996567197170685	0.0	0.9996567197170665	0.0	1.0	0.0	0.9996567197170685	0.0	0.9996567197170665	0.0	1.0
0.0	0.0	0.0	0.999656719717073	0.0	0.0	0.0	0.0	0.0	0.0	0.0	0.0	0.9996567197170685	0.0	0.9996567197170665	0.0	1.0	0.0	0.9996567197170685	0.0	0.9996567197170665	0.0	1.0
0.0	0.0	0.0	0.999656719717073	0.0	0.0	0.0	0.0	0.0	0.0	0.0	0.0	0.9996567197170685	0.0	0.9996567197170665	0.0	1.0	0.0	0.9996567197170685	0.0	0.9996567197170665	0.0	1.0
0.0	0.0	0.0	0.999656719717073	0.0	0.0	0.0	0.0	0.0	0.0	0.0	0.0	0.9996567197170685	0.0	0.9996567197170665	0.0	1.0	0.0	0.9996567197170685	0.0	0.9996567197170665	0.0	1.0
0.0	0.0	0.0	0.999656719717073	0.0	0.0	0.0	0.0	0.0	0.0	0.0	0.0	0.9996567197170685	0.0	0.9996567197170665	0.0	1.0	0.0	0.9996567197170685	0.0	0.9996567197170665	0.0	1.0
0.0	0.0	0.0	0.999656719717073	0.0	0.0	0.0	0.0	0.0	0.0	0.0	0.0	0.9996567197170685	0.0	0.9996567197170665	0.0	1.0	0.0	0.9996567197170685	0.0	0.9996567197170665	0.0	1.0
0.0	0.0	0.0	0.999656719717073	0.0	0.0	0.0	0.0	0.0	0.0	0.0	0.0	0.9996567197170685	0.0	0.9996567197170665	0.0	1.0	0.0	0.9996567197170685	0.0	0.9996567197170665	0.0	1.0
0.0	0.0	0.0	0.999656719717073	0.0	0.0	0.0	0.0	0.0	0.0	0.0	0.0	0.9996567197170685	0.0	0.9996567197170665	0.0	1.0	0.0	0.9996567197170685	0.0	0.9996567197170665	0.0	1.0
0.0	0.0	0.0	0.999656719717073	0.0	0.0	0.0	0.0	0.0	0.0	0.0	0.0	0.9996567197170685	0.0	0.9996567197170665	0.0	1.0	0.0	0.9996567197170685	0.0	0.9996567197170665	0.0	1.0
0.0	0.0	0.0	0.999656719717073	0.0	0.0	0.0	0.0	0.0	0.0	0.0	0.0	0.9996637054513678	0.0	0.9996567197170665	0.0	1.0	0.0	0.9996567197170685	0.0	0.9996567197170665	0.0	1.0
0.0	0.0	0.0	0.999656719717073	0.0	0.0	0.0	0.0	0.0	0.0	0.0	0.0	0.9996497339827691	0.0	0.9996567197170665	0.0	1.0	0.0	0.9996567197170685	0.0	0.9996567197170665	0.0	1.0
0.0	0.0	0.0	0.999656719717073	0.0	0.0	0.0	0.0	0.0	0.0	0.0	0.0	0.9996567197170686	0.0	0.9996567197170665	0.0	1.0	0.0	0.9996567197170685	0.0	0.9996567197170665	0.0	1.0
0.0	0.0	0.0	0.999656719717073	0.0	0.0	0.0	0.0	0.0	0.0	0.0	0.0	0.9996567197170686	0.0	0.9996567197170665	0.0	1.0	0.0	0.9996567197170685	0.0	0.9996567197170665	0.0	1.0
0.0	0.0	0.0	0.999656719717073	0.0	0.0	0.0	0.0	0.0	0.0	0.0	0.0	0.9996567197170686	0.0	0.9996567197170665	0.0	1.0	0.0	0.9996567197170685	0.0	0.9996567197170665	0.0	1.0
0.0	0.0	0.0	0.999656719717073	0.0	0.0	0.0	0.0	0.0	0.0	0.0	0.0	0.9996567197170686	0.0	0.9996567197170665	0.0	1.0	0.0	0.9996567197170685	0.0	0.9996567197170665	0.0	1.0
0.0	0.0	0.0	0.9996694210521629	0.0	0.0	0.0	0.0	0.0	0.0	0.0	0.0	0.9996567197170686	0.0	0.9996567197170665	0.0	1.0	0.0	0.9996567197170685	0.0	0.9996567197170665	0.0	1.0
0.0	0.0	0.0	0.9996440183819834	0.0	0.0	0.0	0.0	0.0	0.0	0.0	0.0	0.9996567197170686	0.0	0.9996567197170665	0.0	1.0	0.0	0.9996567197170685	0.0	0.9996567197170665	0.0	1.0
0.0	0.0	0.0	0.9996567197170733	0.0	0.0	0.0	0.0	0.0	0.0	0.0	0.0	0.9996567197170686	0.0	0.9996567197170665	0.0	1.0	0.0	0.9996567197170685	0.0	0.9996567197170665	0.0	1.0
0.0	0.0	0.0	0.9996694210521632	0.0	0.0	0.0	0.0	0.0	0.0	0.0	0.0	0.9996567197170686	0.0	0.9996567197170665	0.0	1.0	0.0	0.9996567197170685	0.0	0.9996567197170665	0.0	1.0
0.0	0.0	0.0	0.9996440183819836	0.0	0.0	0.0	0.0	0.0	0.0	0.0	0.0	0.9996637054513681	0.0	0.9996567197170665	0.0	1.0	0.0	0.9996567197170685	0.0	0.9996567197170665	0.0	1.0
0.0	0.0	0.0	0.9996694210521634	0.0	0.0	0.0	0.0	0.0	0.0	0.0	0.0	0.9996497339827694	0.0	0.9996567197170665	0.0	1.0	0.0	0.9996567197170685	0.0	0.9996567197170665	0.0	1.0
0.0	0.0	0.0	0.9996567197170737	0.0	0.0	0.0	0.0	0.0	0.0	0.0	0.0	0.9996567197170688	0.0	0.9996567197170665	0.0	1.0	0.0	0.999659895050841	0.0	0.9996567197170665	0.0	1.0
0.0	0.0	0.0	0.9996567197170739	0.0	0.0	0.0	0.0	0.0	0.0	0.0	0.0	0.9996567197170688	0.0	0.9996567197170665	0.0	1.0	0.0	0.9996535443832961	0.0	0.9996567197170665	0.0	1.0
0.0	0.0	0.0	0.9996567197170741	0.0	0.0	0.0	0.0	0.0	0.0	0.0	0.0	0.9996567197170688	0.0	0.9996567197170665	0.0	1.0	0.0	0.9996567197170686	0.0	0.9996567197170665	0.0	1.0
0.0	0.0	0.0	0.9996567197170744	0.0	0.0	0.0	0.0	0.0	0.0	0.0	0.0	0.9996567197170688	0.0	0.9996567197170665	0.0	1.0	0.0	0.9996567197170686	0.0	0.9996567197170665	0.0	1.0
0.0	0.0	0.0	0.9996596046835255	0.0	0.0	0.0	0.0	0.0	0.0	0.0	0.0	0.9996497339827694	0.0	0.9996567197170665	0.0	1.0	0.0	0.9996567197170686	0.0	0.9996567197170665	0.0	1.0
0.0	0.0	0.0	0.9996538347506241	0.0	0.0	0.0	0.0	0.0	0.0	0.0	0.0	0.9996567197170686	0.0	0.9996567197170665	0.0	1.0	0.0	0.9996567197170686	0.0	0.9996567197170665	0.0	1.0
0.0	0.0	0.0	0.9996596046835262	0.0	0.0	0.0	0.0	0.0	0.0	0.0	0.0	0.9996567197170684	0.0	0.9996567197170665	0.0	1.0	0.0	0.9996567197170686	0.0	0.9996567197170665	0.0	1.0
0.0	0.0	0.0	0.9996538347506247	0.0	0.0	0.0	0.0	0.0	0.0	0.0	0.0	0.9996551329855201	0.0	0.9996567197170665	0.0	1.0	0.0	0.9996567197170686	0.0	0.9996567197170665	0.0	1.0
0.0	0.0	0.0	0.9996596046835269	0.0	0.0	0.0	0.0	0.0	0.0	0.0	0.0	0.9996562875734807	0.0	0.9996567197170665	0.0	1.0	0.0	0.9996567197170686	0.0	0.9996567197170665	0.0	1.0
0.0	0.0	0.0	0.9996567197170764	0.0	0.0	0.0	0.0	0.0	0.0	0.0	0.0	0.999656719717067	0.0	0.9996567197170665	0.0	1.0	0.0	0.9996598950508411	0.0	0.9996567197170665	0.0	1.0
0.0	0.0	0.0	0.9996538347506259	0.0	0.0	0.0	0.0	0.0	0.0	0.0	0.0	0.9996567197170664	0.0	0.9996624353178569	0.0	1.0	0.0	0.9996535443832963	0.0	0.9996567197170665	0.0	1.0
0.0	0.0	0.0	0.999656719717077	0.0	0.0	0.0	0.0	0.0	0.0	0.0	0.0	0.9996567197170657	0.0	0.9996510041162762	0.0	1.0	0.0	0.9996567197170688	0.0	0.9996567197170665	0.0	1.0
0.0	0.0	0.0	0.9996567197170773	0.0	0.0	0.0	0.0	0.0	0.0	0.0	0.0	0.9996563226170978	0.0	0.9996567197170666	0.0	1.0	0.0	0.9996567197170688	0.0	0.9996567197170665	0.0	1.0
0.0	0.0	0.0	0.9996611132095738	0.0	0.0	0.0	0.0	0.0	0.0	0.0	0.0	0.9996472377689362	0.0	0.9996644128352511	0.0	1.0	0.0	0.9996609940318345	0.0	0.9996592846301228	0.0	1.0
0.0	0.0	0.0	0.9998112584733404	0.0	0.0	0.0	0.0	0.0	0.0	0.0	0.0	0.0	0.0	0.9998206601827312	0.0	1.0	0.0	0.9998240789861522	0.0	0.9998257883878594	0.0	1.0
0.0	0.0	0.0	0.9998283524904343	0.0	0.0	0.0	0.0	0.0	0.0	0.0	0.0	0.0	0.0	0.9998283524904235	0.0	1.0	0.0	0.9998251771566532	0.0	0.9998283524904235	0.0	1.0
0.0	0.0	0.0	0.9998454465075284	0.0	0.0	0.0	0.0	0.0	0.0	0.0	0.0	0.0	0.0	0.9998360447981158	0.0	1.0	0.0	0.9998358013284715	0.0	0.9998309165929876	0.0	1.0
0.0	0.0	0.0	0.9997942424334684	0.0	0.0	0.0	0.0	0.0	0.0	0.0	0.0	0.0	0.0	0.9998130458522607	0.0	1.0	0.0	0.9998198834591003	0.0	0.9998233022625171	0.0	1.0
0.0	0.0	0.0	0.9996910436642794	0.0	1.0	0.0	0.0	0.0	0.0	0.0	0.0	0.0	0.0	0.9996722402454651	0.0	1.0	0.0	0.999665402638629	0.0	0.9996619838352087	0.0	1.0
0.0	0.0	0.0	0.9996569147941314	0.0	1.0	0.0	0.0	0.0	0.0	0.0	0.0	0.0	0.0	0.9996569147941204	0.0	1.0	0.0	0.9996569147941216	0.0	0.9996569147941204	0.0	1.0
0.0	0.0	0.0	0.9996569650519619	0.0	1.0	0.0	0.0	0.0	0.0	0.0	0.0	0.0	0.0	0.9996569650519509	0.0	1.0	0.0	0.9996569650519515	0.0	0.9996569650519508	0.0	1.0
0.0	0.0	0.0	0.999657007386034	0.0	1.0	0.0	0.0	0.0	0.0	0.0	0.0	0.0	0.0	0.999657007386023	0.0	1.0	0.0	0.999657007386023	0.0	0.999657007386023	0.0	1.0
0.0	0.0	0.0	0.9996570413679279	0.0	1.0	0.0	0.0	0.0	0.0	0.0	0.0	0.0	0.0	0.999657041367917	0.0	1.0	0.0	0.9996570413679161	0.0	0.9996728024867515	0.0	1.0
0.0	0.0	0.0	0.9996570659518818	0.0	1.0	0.0	0.0	0.0	0.0	0.0	0.0	0.0	0.0	0.9996570659518708	0.0	1.0	0.0	0.9996570659518694	0.0	0.9997269185837646	0.0	1.0
0.0	0.0	0.0	0.9998283454907291	0.0	1.0	0.0	0.0	0.0	0.0	0.0	0.0	0.0	0.0	0.9998283454907183	0.0	1.0	0.0	0.9998154881373418	0.0	0.9999119882847047	0.0	0.0
0.0	0.0	0.0	0.9999829056145069	0.0	1.0	0.0	0.0	0.0	0.0	0.0	0.0	0.0	0.0	0.9999923073239032	0.0	1.0	0.0	4.309976422045785e-6	0.0	0.9999999996315955	0.0	0.0
0.0	0.0	0.0	1.0	0.0	1.0	0.0	0.0	0.0	0.0	0.0	0.0	0.0	0.0	1.0	0.0	1.0	5.399243328523608e-20	4.273504275084682e-6	0.0	1.0	0.0	0.0
0.0	0.0	0.0	1.0	0.0	1.0	1.4529914529914531e-5	0.0	0.0	0.0	0.0	0.0	0.0	0.0	1.0	0.0	1.0	3.3777083890398976e-20	7.568609653453078e-15	0.0	1.0	0.0	0.0
0.0	0.0	0.0	0.9999829047303336	0.0	1.0	1.4653919834954277e-5	0.0	0.0	0.0	0.0	0.0	0.0	0.0	0.9999923064397297	0.0	1.0	0.0	0.0	0.0	0.9999999987474222	0.0	0.0
0.0	0.0	0.0	0.9998454317713068	0.0	1.0	1.0	0.0	0.0	0.0	0.0	0.0	0.0	0.0	0.9998303144611033	0.0	1.0	0.0	0.0	0.0	1.0	0.0	0.0
0.0	0.0	0.0	0.9998283377542128	0.0	1.0	1.0	0.0	0.0	0.0	0.0	0.0	0.0	0.0	0.9998270395192982	0.0	1.0	0.0	0.0	0.0	1.0	0.0	0.0
0.0	0.0	0.0	0.9998283377542128	0.0	1.0	1.0	0.0	0.0	0.0	0.0	0.0	0.0	0.0	0.9998296359891037	0.0	1.0	0.0	0.0	0.0	1.0	0.0	0.0
0.0	0.0	0.0	0.9998283377542128	0.0	1.0	1.0	0.0	0.0	0.0	0.0	0.0	0.0	0.0	0.9998270395192975	0.0	1.0	0.0	0.0	0.0	1.0	0.0	0.0
0.0	0.0	0.0	0.9998283377542128	0.0	1.0	1.0	0.0	0.0	0.0	0.0	0.0	0.0	0.0	0.9998276592822012	0.0	1.0	0.0	0.0	0.0	1.0	0.0	0.0
0.0	0.0	0.0	0.9998454324344367	0.0	1.0	1.0	0.0	0.0	0.0	0.0	0.0	0.0	0.0	0.9998205797966402	0.0	1.0	0.0	0.0	0.0	1.0	0.0	0.0
0.0	0.0	0.0	0.9999829053197825	0.0	1.0	1.0	0.0	0.0	0.0	0.0	0.0	0.0	0.0	7.757957559681677e-6	0.0	1.0	0.0	0.0	0.0	1.0	0.0	0.0
0.0	0.0	0.0	1.0	0.0	1.0	1.0	0.0	0.0	0.0	0.0	0.0	0.0	0.0	7.692307692307694e-6	0.0	1.0	8.536938324596204e-16	1.500382388920314e-12	0.0	1.0	0.0	0.0
0.0	0.0	0.0	1.0	0.0	1.0	1.0	1.3675213675213676e-5	0.0	0.0	0.0	0.0	0.0	0.0	0.0	0.0	1.0	2.189519415590486e-15	0.0	0.0	1.0	0.0	0.0
0.0	0.0	0.0	0.9999829048040147	0.0	1.0	1.0	1.37919245505452e-5	0.0	0.0	0.0	0.0	0.0	0.0	0.0	0.0	1.0	0.0	0.0	0.0	1.0	0.0	0.0
0.0	0.0	0.0	0.9998626767251529	0.0	1.0	1.0	1.0	0.0	0.0	0.0	0.0	0.0	0.0	0.0	0.0	1.0	0.0	0.0	0.0	1.0	0.0	0.0
0.0	0.0	0.0	0.9998290190264517	0.0	1.0	1.0	1.0	0.0	0.0	0.0	0.0	0.0	0.0	0.0	0.0	1.0	0.0	0.0	0.0	1.0	0.0	0.0
0.0	0.0	0.0	0.9998306748793535	0.0	1.0	1.0	1.0	0.0	0.0	0.0	0.0	0.0	0.0	0.0	0.0	1.0	0.0	0.0	0.0	1.0	0.0	0.0
0.0	0.0	0.0	0.9998349847009992	0.0	1.0	1.0	1.0	0.0	0.0	0.0	0.0	0.0	0.0	0.0	0.0	1.0	0.0	0.0	0.0	1.0	0.0	0.0
0.0	0.0	0.0	0.9998447112797965	0.0	1.0	1.0	1.0	0.0	0.0	0.0	0.0	0.0	0.0	0.0	0.0	1.0	0.0	0.0	0.0	1.0	0.0	0.0
0.0	0.0	0.0	0.999984958148405	0.0	1.0	1.0	1.0	0.0	0.0	0.0	0.0	0.0	0.0	0.0	0.0	1.0	0.0	0.0	0.0	2.5859858532272256e-6	0.0	0.0
0.0	0.0	0.0	1.0	0.0	1.0	1.0	1.0	0.0	0.0	0.0	0.0	0.0	0.0	0.0	0.0	1.0	4.5304468686391743e-13	7.580302136275562e-13	0.0	2.5641025641025644e-6	0.0	0.0
0.0	0.0	0.0	1.0	0.0	1.0	1.0	1.0	1.282051282051282e-5	0.0	0.0	0.0	0.0	0.0	0.0	0.0	1.0	0.0	1.469573113746298e-13	0.0	0.0	0.0	0.0
0.0	0.0	0.0	1.0	0.0	1.0	1.0	1.0	1.293103448275862e-5	0.0	0.0	0.0	0.0	0.0	0.0	0.0	6.0344827586206896e-6	0.0	0.0	0.0	0.0	0.0	0.0
0.0	0.0	0.0	1.0	0.0	1.0	1.0	1.0	1.0	0.0	0.0	0.0	0.0	0.0	0.0	0.0	5.982905982905984e-6	0.0	0.0	0.0	0.0	0.0	0.0
0.0	0.0	0.0	1.0	0.0	1.0	1.0	1.0	1.0	0.0	0.0	0.0	0.0	0.0	0.0	0.0	0.0	0.0	0.0	0.0	0.0	0.0	0.0
0.0	0.0	0.0	1.0	0.0	1.0	1.0	1.0	1.0	0.0	0.0	0.0	0.0	0.0	0.0	0.0	0.0	2.9277002021501573e-12	0.0	0.0	0.0	0.0	0.0
0.0	0.0	0.0	1.0	0.0	1.0	1.0	1.0	1.0	0.0	0.0	0.0	0.0	0.0	0.0	0.0	0.0	4.112842002605818e-12	0.0	0.0	0.0	0.0	0.0
0.0	0.0	0.0	1.0	0.0	1.0	1.0	1.0	1.0	0.0	0.0	0.0	0.0	0.0	0.0	0.0	0.0	0.0	0.0	0.0	0.0	0.0	0.0
0.0	0.0	0.0	1.0	0.0	1.0	1.0	1.0	1.0	0.0	0.0	0.0	0.0	0.0	0.0	0.0	0.0	0.0	0.0	0.0	0.0	0.0	0.0
0.0	0.0	0.0	1.0	0.0	1.0	1.0	1.0	1.0	0.0	0.0	0.0	0.0	0.0	0.0	0.0	0.0	0.0	0.0	0.0	0.0	0.0	0.0
