1.0	4.9496011004960544e-17	1.0	0.0	2.6429261358981906e-18	1.0	0.9969446646466822	0.003055335353319585
1.0	4.9496011004960544e-17	1.0	0.0	2.6429261358981906e-18	1.0	0.9969446643325853	0.0030553356674166946
1.0	4.9496011004960544e-17	1.0	0.0	2.6429261358981906e-18	1.0	0.9969446640690847	0.0030553359309175195
1.0	4.9496011004960544e-17	1.0	0.0	2.6429261358981906e-18	1.0	0.9969446638479157	0.0030553361520868545
1.0	3.716019962023658e-17	1.0	0.0	2.642772129907781e-18	1.0	0.9969446636621895	0.0030553363378134344
1.0	3.716019962023658e-17	1.0	0.0	1.3210780529730706e-18	1.0	0.9969446635061577	0.0030553364938454334
1.0	3.716019962023658e-17	1.0	0.0	1.3210780529730706e-18	1.0	0.9969446633750197	0.0030553366249839965
1.0	3.716019962023658e-17	1.0	0.0	1.3210780529730706e-18	1.0	0.9969446632647615	0.003055336735242742
1.0	3.716019962023658e-17	1.0	0.0	1.3210780529730706e-18	1.0	0.9969446631720252	0.003055336827979522
1.0	2.5473641466287564e-17	1.0	0.0	1.3210780529730706e-18	1.0	0.9969446630939999	0.0030553369060054903
1.0	2.5473641466287564e-17	1.0	0.0	1.3210780529730706e-18	1.0	0.9969446630283305	0.0030553369716755947
1.0	2.5473641466287564e-17	1.0	0.0	1.3210780529730706e-18	1.0	0.9969446629730432	0.003055337026963696
1.0	2.5473641466287564e-17	1.0	0.0	1.3212320589634805e-18	1.0	0.9969446629264826	0.0030553370735251074
1.0	2.5473641466287564e-17	1.0	0.0	1.3212320589634805e-18	1.0	0.9969446628872602	0.0030553371127486567
1.0	1.2412194117756308e-17	1.0	0.0	1.3210780529730706e-18	1.0	0.99694466285421	0.003055337145800084
1.0	1.2412194117756308e-17	1.0	0.0	1.3210780529730706e-18	1.0	0.9969446628263531	0.003055337173658293
1.0	1.241219411775631e-17	1.0	0.0	1.3212320589634805e-18	1.0	0.9969446628028673	0.003055337197145606
1.0	1.241219411775631e-17	1.0	0.0	1.3213860649538904e-18	1.0	0.9969446627830616	0.003055337216953064
1.0	0.0	1.0	0.0	0.0	1.0	0.9969446627663551	0.003055337233661579
1.0	0.0	1.0	0.0	0.0	1.0	0.9969446627522591	0.0030553372477596552
1.0	0.0	1.0	0.0	0.0	1.0	0.9969446627403631	0.0030553372596582207
1.0	0.0	1.0	0.0	0.0	1.0	0.9969446627303211	0.003055337269703051
1.0	0.0	1.0	0.0	1.540059904098728e-22	1.0	0.9969446627218422	0.0030553372781851958
1.0	0.0	1.0	0.0	3.080119808197456e-22	1.0	0.9969446627146814	0.003055337285349731
1.0	7.256359638072921e-19	1.0	0.0	1.3221560949059397e-18	1.0	0.9969446627086324	0.003055337291403151
1.0	7.256359638072921e-19	1.0	0.0	1.3223101008963496e-18	1.0	0.9969446627035206	0.0030553372965197315
1.0	7.256359638072924e-19	1.0	0.0	1.32184808292512e-18	1.0	0.9969446626991985	0.003055337300847244
1.0	7.2563596380729265e-19	1.0	0.0	1.3220020889155298e-18	1.0	0.9969446626955393	0.0030553373045126915
1.0	2.9347503914472164e-34	1.0	0.0	4.620179712296183e-22	1.0	0.9969446626924299	0.0030553373076291166
1.0	0.0	1.0	0.0	3.080119808197456e-22	1.0	0.9969446626897619	0.0030553373103052828
1.0	2.10052515838953e-18	1.0	0.0	0.0	1.0	0.9969446626874151	0.0030553373126613373
1.0	1.443633654311349e-17	1.0	0.0	0.0	1.0	0.9969446626852319	0.0030553373148552447
1.0	2.612289469706251e-17	1.0	0.0	0.0	1.0	0.9969446626829717	0.0030553373171275113
1.0	2.612289469706251e-17	1.0	0.0	1.540059904098728e-22	1.0	0.9969446626802377	0.003055337319875145
1.0	2.612289469706251e-17	1.0	0.0	0.0	1.0	0.9969446626763582	0.0030553373237703686
1.0	2.612289469706251e-17	1.0	0.0	0.0	1.0	0.9969446626702013	0.003055337329945157
1.0	1.3061447348531255e-17	1.0	0.0	0.0	1.0	0.9969446626598978	0.0030553373402693092
1.0	0.0	1.0	0.0	0.0	1.0	0.9969446626424333	0.0030553373577572695
1.0	0.0	1.0	0.0	0.0	1.0	0.9969446626130706	0.0030553373871468645
1.0	2.5397258733255217e-17	1.0	0.0	0.0	1.0	0.9969446625645466	0.003055337435701506
1.0	3.8458706081786474e-17	1.0	0.0	1.32169407693471e-18	1.0	0.9969446624859881	0.00305533751429519
1.0	1.3061447348531256e-17	1.0	0.0	2.64338815386942e-18	1.0	0.996944662361477	0.0030553376388465594
1.0	1.3748891945822388e-18	1.0	0.0	2.64338815386942e-18	1.0	0.996944662168196	0.0030553378321735306
1.0	1.3061447348531256e-17	1.0	0.0	3.96508223080413e-18	1.0	0.9969446618740795	0.0030553381263427395
1.0	1.3061447348531256e-17	1.0	0.0	2.64354215985983e-18	1.0	0.9969446614348948	0.003055338565587686
1.0	1.3061447348531256e-17	1.0	0.0	2.6438501718406498e-18	1.0	0.9969446607906861	0.003055339209865308
1.0	1.3061447348531256e-17	1.0	0.0	1.3220020889155298e-18	1.0	0.9969446598615181	0.0030553401391121304
1.0	5.602705292762868e-34	1.0	0.0	1.32184808292512e-18	1.0	0.9969446585424724	0.003055341458247951
1.0	8.537455684210084e-34	1.0	0.0	1.32184808292512e-18	1.0	0.9969446566978664	0.0030553433029569125
1.0	1.14722060756573e-33	1.0	0.0	1.32184808292512e-18	1.0	0.9969446541546876	0.0030553458462529875
1.0	0.0	1.0	0.0	1.32184808292512e-18	1.0	0.9969446506952648	0.003055349305809657
1.0	0.0	1.0	0.0	1.540059904098728e-22	1.0	0.9969446460492243	0.0030553539520027403
1.0	0.0	1.0	0.0	1.3220020889155298e-18	1.0	0.9969446398848193	0.003055360116581421
1.0	0.0	1.0	0.0	1.32184808292512e-18	1.0	0.996944631799751	0.003055368201847247
1.0	0.0	1.0	0.0	1.32169407693471e-18	1.0	0.9969446213116375	0.003055378690185037
1.0	7.256359638072921e-19	1.0	0.0	1.540059904098728e-22	1.0	0.9969446078483221	0.0030553921537551107
1.0	2.1005251583895296e-18	1.0	0.0	1.32184808292512e-18	1.0	0.9969445907382415	0.0030554092641243966
1.0	0.0	1.0	0.0	1.32184808292512e-18	1.0	0.9969445692011063	0.0030554308015864496
1.0	0.0	1.0	0.0	1.3220020889155298e-18	1.0	0.9969445423391637	0.0030554576638987625
1.0	1.5252677002396698e-17	1.0	0.0	1.32169407693471e-18	1.0	0.9969445091293293	0.003055490874151307
1.0	1.5252677002396698e-17	1.0	0.0	1.32169407693471e-18	1.0	0.9969444684164784	0.003055531587474109
1.0	0.0	1.0	0.0	1.32169407693471e-18	1.0	0.9969444189081902	0.0030555810962950357
1.0	0.0	1.0	0.0	1.32184808292512e-18	1.0	0.9969443591712138	0.0030556408338719035
1.0	0.0	1.0	0.0	0.0	1.0	0.9969442876299159	0.003055712375846312
1.0	0.0	1.0	0.0	0.0	1.0	0.996944202566925	0.003055797439599451
1.0	0.0	1.0	0.0	0.0	1.0	0.9969441021261498	0.0030558978812324465
1.0	0.0	1.0	0.0	0.0	1.0	0.9969439843183036	0.0030560156900441135
1.0	0.0	1.0	0.0	0.0	1.0	0.9969438470289977	0.0030561529804361766
1.0	0.0	1.0	0.0	1.32169407693471e-18	1.0	0.996943688029418	0.0030563119812382616
1.0	0.0	1.0	0.0	1.3215400709443002e-18	1.0	0.9969435049895213	0.0030564950225100925
1.0	2.9347503914472164e-34	1.0	0.0	2.64338815386942e-18	1.0	0.9969432954936345	0.003056704519944549
1.0	8.537455684210084e-34	1.0	0.0	2.64354215985983e-18	1.0	0.9969430570582613	0.003056942957059696
1.0	0.0	1.0	0.0	2.64354215985983e-18	1.0	0.9969427871518535	0.003057212865428861
1.0	0.0	1.0	0.0	2.6432341478790105e-18	1.0	0.9969424832162388	0.0030575168032526915
1.0	0.0	1.0	0.0	2.64338815386942e-18	1.0	0.9969421426893569	0.0030578573326241467
1.0	6.492532307749447e-19	1.0	0.0	2.64338815386942e-18	1.0	0.996941763028913	0.0030582369958747704
1.0	1.4527041038589402e-17	1.0	0.0	2.64338815386942e-18	1.0	0.9969413417365368	0.0030586582914170365
1.0	6.621428169741539e-17	1.0	0.0	3.9649282248137205e-18	1.0	0.9969408763820147	0.0030591236495123107
1.0	6.467230527432489e-17	1.0	0.0	3.9649282248137205e-18	1.0	0.9969403646271655	0.0030596354083964198
1.0	5.233649388960093e-17	1.0	0.0	3.96523623679454e-18	1.0	0.996939804248935	0.003060195791185261
1.0	9.16115404306706e-17	1.0	0.0	3.96508223080413e-18	1.0	0.9969391931613113	0.0030608068839616835
1.0	1.4613926397413698e-16	1.0	0.0	2.6432341478790105e-18	1.0	0.9969385294356865	0.0030614706154131997
1.0	5.744458916113911e-17	1.0	0.0	3.96508223080413e-18	1.0	0.9969378113193427	0.0030621887383491322
1.0	2.985610077401845e-17	1.0	0.0	1.3220020889155298e-18	1.0	0.996937037251775	0.003062962813377312
1.0	5.3878470312691426e-17	1.0	0.0	1.32169407693471e-18	1.0	0.9969362058786317	0.0030637941949664036
1.0	3.9275046541069674e-17	1.0	0.0	1.32169407693471e-18	1.0	0.9969353160631	0.0030646840200620647
1.0	5.096160469501869e-17	1.0	0.0	1.32169407693471e-18	1.0	0.9969343668946283	0.0030656331993657465
1.0	3.708381688720423e-17	1.0	0.0	0.0	1.0	0.9969333576949378	0.003066642411325894
1.0	2.612289469706251e-17	1.0	0.0	0.0	1.0	0.9969322880213287	0.0030677120988342028
1.0	1.3061447348531253e-17	1.0	0.0	0.0	1.0	0.9969311576673413	0.003068842468566408
1.0	7.256359638072921e-19	1.0	0.0	0.0	1.0	0.9969299666608836	0.003070033492858821
1.0	1.3787083312338547e-17	1.0	0.0	0.0	1.0	0.9969287152599718	0.003071284913969681
1.0	5.869500782894433e-34	1.0	0.0	1.32184808292512e-18	1.0	0.9969274039462758	0.0030725962505390916
1.0	1.4406956467104517e-33	1.0	0.0	3.080119808197456e-22	1.0	0.9969260334166771	0.003073966806033208
1.0	1.4406956467104517e-33	1.0	0.0	4.620179712296183e-22	1.0	0.9969246045730811	0.003075395678937584
1.0	7.256359638072941e-19	1.0	0.0	4.620179712296183e-22	1.0	0.9969231185107267	0.003076881774451442
1.0	1.4406956467104517e-33	1.0	0.0	1.540059904098728e-22	1.0	0.9969215765052484	0.0030784238174318542
1.0	8.804251174341649e-34	1.0	0.0	0.0	1.0	0.99691997999876	0.003080020366316433
1.0	1.4406956467104517e-33	1.0	0.0	0.0	1.0	0.9969183305851939	0.0030816698277908974
1.0	1.7341706858551735e-33	1.0	0.0	1.3215400709443002e-18	1.0	0.9969166299951391	0.0030833704719571407
1.0	1.4140160976972953e-33	1.0	0.0	1.32169407693471e-18	1.0	0.9969148800804092	0.003085120447774228
1.0	2.2677616661183035e-33	1.0	0.0	1.32184808292512e-18	1.0	0.9969130827985465	0.00308691779856341
1.0	1.3748891945822394e-18	1.0	0.0	0.0	1.0	0.9969112401974515	0.0030887604773878205
1.0	3.780945285101153e-17	1.0	0.0	1.32169407693471e-18	1.0	0.9969093544003077	0.003090646362138589
1.0	2.612289469706251e-17	1.0	0.0	1.3215400709443002e-18	1.0	0.996907427590948	0.003092573270181006
1.0	1.3061447348531256e-17	1.0	0.0	0.0	1.0	0.9969054619997852	0.003094538972436482
1.0	1.3061447348531255e-17	1.0	0.0	0.0	1.0	0.9969034598904115	0.0030965412067977464
1.0	5.602705292762868e-34	1.0	0.0	3.080119808197456e-22	1.0	0.9969014235469472	0.003098577690795682
1.0	5.602705292762868e-34	1.0	0.0	4.620179712296183e-22	1.0	0.9968993552622015	0.0031006461334558578
1.0	0.0	1.0	0.0	3.080119808197456e-22	1.0	0.9968972573266897	0.0031027442463012235
1.0	0.0	1.0	0.0	4.620179712296183e-22	1.0	0.9968951320185304	0.003104869753473973
1.0	0.0	1.0	0.0	1.540059904098728e-22	1.0	0.9968929815942412	0.0031070204009646285
1.0	5.602705292762868e-34	1.0	0.0	4.620179712296183e-22	1.0	0.9968908082804245	0.0031091939649493757
1.0	5.602705292762868e-34	1.0	0.0	4.620179712296183e-22	1.0	0.9968886142663383	0.0031113882592481252
1.0	5.602705292762868e-34	1.0	0.0	1.540059904098728e-22	1.0	0.996886401697324	0.003113601141925279
1.0	0.0	1.0	0.0	1.3220020889155298e-18	1.0	0.9968841726690664	0.0031158305210630785
1.0	2.6213599192538418e-17	1.0	0.0	1.32169407693471e-18	1.0	0.996881929222647	0.003118074359743772
1.0	1.3152151844007164e-17	1.0	0.0	1.3220020889155298e-18	1.0	0.9968796733403502	0.0031203306802817642
1.0	2.4671622769447925e-17	1.0	0.0	1.3220020889155298e-18	1.0	0.9968774069421797	0.0031225975677504534
1.0	3.782377461345509e-17	1.0	0.0	1.32184808292512e-18	1.0	0.9968751318830351	0.0031248731728509256
1.0	3.6358180923396943e-17	1.0	0.0	1.540059904098728e-22	1.0	0.9968728499505038	0.0031271557141711835
1.0	0.0	1.0	0.0	3.080119808197456e-22	1.0	0.9968705628632163	0.003129443479884978
1.0	0.0	1.0	0.0	0.0	1.0	0.9968682722697192	0.0031317348289392672
1.0	0.0	1.0	0.0	0.0	1.0	0.9968659797478145	0.0031340281917784547
1.0	0.0	1.0	0.0	1.540059904098728e-22	1.0	0.9968636868043248	0.0031363220706521746
1.0	0.0	1.0	0.0	0.0	1.0	0.9968613948752311	0.003138615039551841
1.0	0.0	1.0	0.0	0.0	1.0	0.9968591053261496	0.003140905743818979
1.0	0.0	1.0	0.0	0.0	1.0	0.9968568194531007	0.003143192899466204
1.0	0.0	1.0	0.0	0.0	1.0	0.9968545384835356	0.0031454752922493385
1.0	0.0	1.0	0.0	0.0	1.0	0.9968522635775836	0.003147751776526595
1.0	0.0	1.0	0.0	0.0	1.0	0.9968499958294892	0.003150021273938281
1.0	4.382459307730874e-18	1.0	0.0	0.0	1.0	0.9968477362692058	0.003152282771938004
1.0	0.0	1.0	0.0	0.0	1.0	0.996845485864121	0.0031545353222037814
1.0	0.0	1.0	0.0	0.0	1.0	0.9968432455208881	0.003156778038955176
1.0	2.1912296538654304e-18	1.0	0.0	0.0	1.0	0.9968410160873381	0.003159010097200202
1.0	2.191229653865429e-18	1.0	0.0	0.0	1.0	0.9968387983544558	0.0031612307309335894
1.0	2.191229653865427e-18	1.0	0.0	0.0	1.0	0.9968365930583977	0.0031634392313058886
1.0	2.1912296538654258e-18	1.0	0.0	1.3213860649538904e-18	1.0	0.996834400882538	0.0031656349447810425
1.0	0.0	1.0	0.0	0.0	1.0	0.9968322224595266	0.003167817271298148
1.0	0.0	1.0	0.0	0.0	1.0	0.9968300583733463	0.00316998566245155
1.0	0.0	1.0	0.0	1.3212320589634805e-18	1.0	0.9968279091613591	0.0031721396197018784
1.0	0.0	1.0	0.0	0.0	1.0	0.996825775316331	0.003174278692629221
1.0	0.0	1.0	0.0	1.3215400709443002e-18	1.0	0.9968236572884265	0.003176402477238422
1.0	1.3061447348531215e-17	1.0	0.0	1.32184808292512e-18	1.0	0.9968215554871667	0.0031785106143253318
1.0	1.525267700239665e-17	1.0	0.0	1.32184808292512e-18	1.0	0.9968194702833448	0.0031806027879118914
1.0	1.3877787807814403e-17	1.0	0.0	1.32169407693471e-18	1.0	0.996817402010893	0.0031826787237570187
1.0	1.5252677002396633e-17	1.0	0.0	2.64338815386942e-18	1.0	0.9968153509686976	0.003184738187949529
1.0	0.0	1.0	0.0	0.0	1.0	0.9968133174223591	0.003186780985588605
1.0	0.0	1.0	0.0	1.540059904098728e-22	1.0	0.9968113016058945	0.0031888069595569055
1.0	0.0	1.0	0.0	3.080119808197456e-22	1.0	0.9968093037233786	0.003190815989390785
1.0	0.0	1.0	0.0	4.620179712296183e-22	1.0	0.9968073239505263	0.003192807990251835
1.0	2.191229653865287e-18	1.0	0.0	3.080119808197456e-22	1.0	0.9968053624362102	0.0031947829120036247
1.0	1.606901746167972e-17	1.0	0.0	6.160239616394912e-22	1.0	0.9968034193039177	0.0031967407383973272
1.0	1.6069017461679682e-17	1.0	0.0	6.160239616394912e-22	1.0	0.9968014946531448	0.003198681486369742
1.0	1.6069017461679645e-17	1.0	0.0	3.080119808197456e-22	1.0	0.9967995885607267	0.003200605205457219
1.0	2.775557561562861e-17	1.0	0.0	1.540059904098728e-22	1.0	0.9967977010821076	0.003202511977328923
1.0	1.3877787807814098e-17	1.0	0.0	3.080119808197456e-22	1.0	0.9967958322525489	0.003204401915442968
1.0	0.0	1.0	0.0	4.620179712296183e-22	1.0	0.9967939820882762	0.003206275164829086
1.0	0.0	1.0	0.0	3.080119808197456e-22	1.0	0.9967921505875692	0.003208131902001587
1.0	0.0	1.0	0.0	3.080119808197456e-22	1.0	0.9967903377317906	0.003209972335006715
1.0	0.0	1.0	0.0	4.620179712296183e-22	1.0	0.9967885434863608	0.003211796703608655
1.0	0.0	1.0	0.0	1.3221560949059397e-18	1.0	0.9967867678016753	0.0032136052796188593
1.0	0.0	1.0	0.0	1.3220020889155298e-18	1.0	0.9967850106139694	0.0032153983673736957
1.0	0.0	1.0	0.0	1.3221560949059397e-18	1.0	0.9967832718461291	0.003217176304365863
1.0	7.256359638058466e-19	1.0	0.0	1.3221560949059397e-18	1.0	0.9967815514084511	0.003218939462035449
1.0	7.256359638055734e-19	1.0	0.0	1.32184808292512e-18	1.0	0.9967798491993539	0.0032206882467271077
1.0	7.256359638052482e-19	1.0	0.0	2.6438501718406498e-18	1.0	0.9967781651060387	0.003222423100820283
1.0	1.313783008156117e-17	1.0	0.0	3.96523623679454e-18	1.0	0.9967764990051053	0.0032241445040401494
1.0	7.25635963804402e-19	1.0	0.0	3.96539024278495e-18	1.0	0.9967748507631213	0.003225852974957476
1.0	7.25635963803856e-19	1.0	0.0	5.28693031372925e-18	1.0	0.996773220237147	0.0032275490726864672
1.0	1.3787083312334461e-17	1.0	0.0	5.28677630773884e-18	1.0	0.9967716072752175	0.003229233398790283
1.0	1.2412194117751453e-17	1.0	0.0	5.28677630773884e-18	1.0	0.9967700117167838	0.003230906599404861
1.0	1.1686558153943245e-17	1.0	0.0	6.608316378683141e-18	1.0	0.9967684333931117	0.003232569367592498
1.0	1.168655815394216e-17	1.0	0.0	6.6084703846735505e-18	1.0	0.9967668721276429	0.0032342224459376125
1.0	1.1686558153940868e-17	1.0	0.0	9.25185853854297e-18	1.0	0.9967653277363164	0.003235866629398097
1.0	1.1686558153939337e-17	1.0	0.0	7.930010455617851e-18	1.0	0.9967638000278537	0.0032375027684267833
1.0	1.1686558153937515e-17	1.0	0.0	9.25185853854297e-18	1.0	0.9967622888040057	0.0032391317723786534
1.0	2.474800550246661e-17	1.0	0.0	1.1895246692412391e-17	1.0	0.996760793859766	0.0032407546132206862
1.0	2.4748005502464045e-17	1.0	0.0	1.453894285826263e-17	1.0	0.996759314983548	0.0032423723295624996
1.0	3.780945285099226e-17	1.0	0.0	1.5860482929206932e-17	1.0	0.9967578519573277	0.003243986031027379
1.0	5.1687240658803114e-17	1.0	0.0	1.850371707708594e-17	1.0	0.9967564045567538	0.0032455969029847173
1.0	6.337379881274783e-17	1.0	0.0	2.2468953313880484e-17	1.0	0.9967549725512238	0.003247206211666523
1.0	8.812180431522304e-17	1.0	0.0	2.643418955067502e-17	1.0	0.996753555703928	0.003248815309692285
1.0	5.0312351464205484e-17	1.0	0.0	3.172127387039468e-17	1.0	0.9967521537718613	0.003250425642028293
1.0	7.433472100287133e-17	1.0	0.0	3.7007896172143113e-17	1.0	0.9967507665058037	0.0032520387524094365
1.0	6.264816284891385e-17	1.0	0.0	4.361621255082626e-17	1.0	0.9967493936502674	0.0032536562902535236
1.0	7.351838054356963e-17	1.0	0.0	5.022452892950939e-17	1.0	0.996748034943414	0.0032552800181003152
1.0	4.9419628271852414e-17	1.0	0.0	5.947654147404277e-17	1.0	0.9967466901169411	0.0032569118196098005
1.0	3.7083816887114364e-17	1.0	0.0	7.137178816645516e-17	1.0	0.9967453588959345	0.003258553708156708
1.0	6.110618642577066e-17	1.0	0.0	8.458872893580226e-17	1.0	0.996744040998693	0.0032602078360608553
1.0	6.110618642575088e-17	1.0	0.0	1.0044905785901878e-16	1.0	0.9967427361365176	0.0032618765044957194
1.0	6.110618642572749e-17	1.0	0.0	1.1895292894209513e-16	1.0	0.9967414440134726	0.0032635621741206587
1.0	2.5397258733077776e-17	1.0	0.0	1.400998801670601e-16	1.0	0.9967401643261122	0.003265267476485322
1.0	2.5397258733044973e-17	1.0	0.0	1.665337617057543e-16	1.0	0.9967388967631757	0.0032669952262582404
1.0	2.5397258733006147e-17	1.0	0.0	1.9825457355817773e-16	1.0	0.9967376410052495	0.0032687484343351483
1.0	1.2335811384428947e-17	1.0	0.0	2.3394031363541495e-16	1.0	0.9967363967243964	0.003270530321886524
1.0	2.4022369538323604e-17	1.0	0.0	2.775562181742604e-16	1.0	0.9967351635837498	0.0032723443354078525
1.0	2.40223695382593e-17	1.0	0.0	3.2778059309777933e-16	1.0	0.9967339412370749	0.0032741941628406284
1.0	2.4022369538183248e-17	1.0	0.0	3.8857867464276645e-16	1.0	0.9967327293282923	0.0032760837508366593
1.0	1.2335811384144302e-17	1.0	0.0	4.58628460720306e-16	1.0	0.996731527490967	0.0032780173232433707
1.0	2.4022369537986997e-17	1.0	0.0	5.418953415731831e-16	1.0	0.9967303353477603	0.0032799994008930154
1.0	3.635818092258528e-17	1.0	0.0	6.4234409142022115e-16	1.0	0.9967291525098424	0.0032820348227844747
1.0	1.2335811383763754e-17	1.0	0.0	7.61296558344345e-16	1.0	0.9967279785762657	0.003284128768752338
1.0	0.0	1.0	0.0	9.01395976493434e-16	1.0	0.9967268131332994	0.003286286783724466
1.0	0.0	1.0	0.0	1.0639641939504127e-15	1.0	0.9967256557537197	0.0032885148036761024
1.0	0.0	1.0	0.0	1.25693137517689e-15	1.0	0.9967245059960598	0.0032908191833960153
1.0	0.0	1.0	0.0	1.4855844504865948e-15	1.0	0.996723363403812	0.0032932067261879556
1.0	0.0	1.0	0.0	1.7552101961872662e-15	1.0	0.9967222275045863	0.0032956847156391336
1.0	0.0	1.0	0.0	2.075060008799476e-15	1.0	0.9967210978092201	0.0032982609495963793
1.0	0.0	1.0	0.0	2.4517426667198775e-15	1.0	0.9967199738108385	0.003300943776500111
1.0	0.0	1.0	0.0	2.89583172256395e-15	1.0	0.9967188549838623	0.003303742134236531
1.0	0.0	1.0	0.0	3.419222577030095e-15	1.0	0.9967177407829637	0.0033066655916792246
1.0	0.0	1.0	0.0	4.0364537109586045e-15	1.0	0.996716630641966	0.0033097243931029738
1.0	0.0	1.0	0.0	4.7647074553616104e-15	1.0	0.9967155239726854	0.0033129295056649696
1.0	0.0	1.0	0.0	5.618521675055443e-15	1.0	0.9967144201637124	0.0033162926727748703
1.0	0.0	1.0	0.0	6.626974255756627e-15	1.0	0.9967133185791315	0.00331982647449311
1.0	0.0	1.0	0.0	7.811211994684136e-15	1.0	0.996712218557175	0.003323544368069007
1.0	0.0	1.0	0.0	9.202955703690396e-15	1.0	0.9967111194088083	0.003327460758844754
1.0	0.0	1.0	0.0	1.0845821441320241e-14	1.0	0.9967100204162455	0.0033315910664860585
1.0	0.0	1.0	0.0	1.2775494639638928e-14	1.0	0.9967089208313903	0.003335951795754073
1.0	0.0	1.0	0.0	1.503823505335714e-14	1.0	0.9967078198742011	0.003340560612125188
1.0	0.0	1.0	0.0	1.7685588289457364e-14	1.0	0.9967067167309736	0.003345436422585765
1.0	0.0	1.0	0.0	2.0775709041330717e-14	1.0	0.9967056105525417	0.003350599461950643
1.0	0.0	1.0	0.0	2.4365430154285388e-14	1.0	0.9967045004523901	0.0033560713850775436
1.0	0.0	1.0	0.0	2.851158431962358e-14	1.0	0.9967033855046747	0.003361875365374205
1.0	0.0	1.0	0.0	3.3263074526203864e-14	1.0	0.9967022647421481	0.0033680362000214985
1.0	0.0	1.0	0.0	3.8645012653476016e-14	1.0	0.9967011371539856	0.003374580422363845
1.0	0.0	1.0	0.0	4.4641538834534785e-14	1.0	0.9967000016835064	0.0033815364219481744
1.0	1.168655808963833e-17	1.0	0.0	5.1162777410130645e-14	1.0	0.9966988572257857	0.003388934572724561
1.0	0.0	1.0	0.0	5.796950206035039e-14	1.0	0.9966977026251534	0.003396807369955641
1.0	0.0	1.0	0.0	6.453303484640816e-14	1.0	0.9966965366725739	0.0034051895764179566
1.0	0.0	1.0	0.0	6.977223016737736e-14	1.0	0.9966953581029001	0.003414118378516985
1.0	0.0	1.0	0.0	7.173626771970833e-14	1.0	0.9966941655919992	0.0034236335529784557
1.0	0.0	1.0	0.0	0.0	1.0	0.9966929577537403	0.0034337776448222393
1.0	0.0	1.0	0.0	0.0	1.0	0.9966917331368422	0.0034445961573714035
1.0	0.0	1.0	0.0	0.0	1.0	0.9966904902215702	0.0034561377550984007
1.0	0.0	1.0	0.0	0.0	1.0	0.9966892274162796	0.003468454480162878
1.0	0.0	1.0	0.0	0.0	1.0	0.9966879430537957	0.003481601983551262
1.0	0.0	1.0	0.0	0.0	1.0	0.9964870769764883	0.0033065933892785847
1.0	0.0	1.0	0.0	0.0	1.0	0.9964858466749748	0.0033225356394116965
1.0	0.0	1.0	0.0	0.0	1.0	0.9964845940398867	0.003339560159930779
1.0	0.0	1.0	0.0	0.0	1.0	0.9964833176143504	0.0033577432571364734
1.0	0.0	1.0	0.0	0.0	1.0	0.9964820159065987	0.003377166405765778
1.0	0.0	1.0	0.0	0.0	1.0	0.9964806873919421	0.003397916588662825
1.0	0.0	1.0	0.0	0.0	1.0	0.9964793305151382	0.0034200866580117915
1.0	0.0	1.0	0.0	0.0	1.0	0.9964779436931833	0.003443775719481739
1.0	0.0	1.0	0.0	0.0	1.0	0.9964765253185495	0.0034690895407262327
1.0	0.0	1.0	0.0	0.0	1.0	0.9964750737628885	0.0034961409857812873
1.0	0.0	1.0	0.0	0.0	1.0	0.9964735873812306	0.0035250504770151787
1.0	0.0	1.0	0.0	0.0	1.0	0.9964720645167038	0.0035559464864029326
1.0	0.0	1.0	0.0	0.0	1.0	0.9964705035058167	0.003588966058028176
1.0	0.0	1.0	0.0	0.0	1.0	0.9964689026843613	0.0036242553638547175
1.0	0.0	1.0	0.0	0.0	1.0	0.9964672603940312	0.003661970294960699
1.0	0.0	1.0	0.0	0.0	1.0	0.9964655749898976	0.003702277090587769
1.0	0.0	1.0	0.0	0.0	1.0	0.9964638448489738	0.0037453530075255204
1.0	0.0	1.0	0.0	0.0	1.0	0.9964620683802228	0.003791387032524059
1.0	0.0	1.0	0.0	0.0	1.0	0.9964602440365496	0.0038405806406008633
1.0	0.0	1.0	0.0	0.0	1.0	0.9964583703295954	0.00389314860227514
1.0	0.0	1.0	0.0	0.0	1.0	0.9964564458485375	0.003949319842913631
1.0	0.0	1.0	0.0	0.0	1.0	0.9964544692846634	0.0040093383574925975
1.0	0.0	1.0	0.0	0.0	1.0	0.9964524394642559	0.004073464184152177
1.0	0.0	1.0	0.0	0.0	1.0	0.996450355393414	0.0041419744399162186
1.0	0.0	1.0	0.0	0.0	1.0	0.9964482163199149	0.004215164421837531
1.0	0.0	1.0	0.0	0.0	1.0	0.9964460218192415	0.0042933487765610436
1.0	0.0	1.0	0.0	0.0	1.0	0.9964437719146326	0.004376862740817647
1.0	0.0	1.0	0.0	0.0	1.0	0.9964414672447534	0.004466063454657241
1.0	0.0	1.0	0.0	0.0	1.0	0.9964391092969679	0.004561331347726572
1.0	0.0	1.0	0.0	0.0	1.0	0.996436700731716	0.004663071598076272
1.0	0.0	1.0	0.0	0.0	1.0	0.9964342458305099	0.004771715659655543
1.0	0.0	1.0	0.0	0.0	1.0	0.9964317511119265	0.0048877228522724425
1.0	0.0	1.0	0.0	0.0	1.0	0.9964292261736283	0.0050115820033836385
1.0	0.0	1.0	0.0	0.0	1.0	0.996426684836399	0.005143813125709891
1.0	0.0	1.0	0.0	0.0	1.0	0.9964241466887978	0.005284969107710339
1.0	0.0	1.0	0.0	0.0	1.0	0.9964216391593433	0.00543563738512372
1.0	0.0	1.0	0.0	0.0	1.0	0.9964192002781804	0.005596441550768356
1.0	0.0	1.0	0.0	0.0	1.0	0.9964168823330243	0.005768042846254821
1.0	0.0	1.0	0.0	0.0	1.0	0.9964147566758581	0.005951141462902741
1.0	0.0	1.0	0.0	0.0	1.0	0.996412919997586	0.00614647755940656
1.0	0.0	1.0	0.0	0.0	1.0	0.9964115024618504	0.006354831882681214
1.0	0.0	1.0	0.0	0.0	1.0	0.99641067816657	0.006577025850438626
1.0	0.0	1.0	0.0	0.0	1.0	0.9964106784956162	0.006813920928216787
1.0	0.0	1.0	0.0	0.0	1.0	0.9964118090181691	0.007066417103511814
1.0	0.0	1.0	0.0	0.0	1.0	0.9964144706916505	0.007335450231150176
1.0	0.0	1.0	0.0	0.0	1.0	0.9964191862162656	0.007621987998823494
1.0	0.0	1.0	0.0	0.0	1.0	0.9964266324640805	0.007927024244148397
1.0	0.0	1.0	0.0	0.0	1.0	0.9964376799472225	0.00825157135061911
1.0	0.0	1.0	0.0	0.0	1.0	0.9964534402776412	0.008596650467827606
1.0	0.0	1.0	0.0	0.0	1.0	0.9964753224709315	0.008963279349430694
1.0	0.0	1.0	0.0	0.0	1.0	0.9965050987318551	0.009352457697618402
1.0	0.0	1.0	0.0	0.0	1.0	0.9965449799737159	0.009765150056301932
1.0	0.0	1.0	0.0	0.0	1.0	0.9965977007176821	0.01020226652712961
1.0	0.0	1.0	0.0	0.0	1.0	0.9966666124829542	0.010664641911224378
1.0	0.0	1.0	0.0	0.0	1.0	0.9967557828083119	0.011153014324281452
1.0	0.0	1.0	0.0	0.0	1.0	0.9968700962159865	0.011668004909939652
1.0	0.0	1.0	0.0	0.0	1.0	0.9970153511742876	0.01221010099566812
1.0	0.0	1.0	0.0	0.0	1.0	0.9971983445975581	0.012779645897575144
1.0	0.0	1.0	0.0	0.0	1.0	0.9974269325893581	0.013376839563591413
1.0	0.0	1.0	0.0	0.0	1.0	0.9977100528933656	0.014001755304439768
1.0	0.0	1.0	0.0	0.0	1.0	0.9980576911033189	0.014654378916589123
1.0	0.0	1.0	0.0	0.0	1.0	0.9984807693713764	0.015334677424077493
1.0	0.0	1.0	0.0	0.0	1.0	0.9989909335622961	0.016042705276004904
1.0	0.0	1.0	0.0	0.0	1.0	0.9996002131135368	0.016778755895492527
1.0	0.0	1.0	0.0	0.0	1.0	1.0	0.017543565688163842
1.0	0.0	1.0	0.0	0.0	1.0	1.0	0.01833857564950365
1.0	0.0	1.0	0.0	0.0	1.0	1.0	0.01916625221568013
1.0	0.0	1.0	0.0	0.0	1.0	1.0	0.020030463679900672
1.0	0.0	1.0	0.0	0.0	1.0	1.0	0.020936901170129692
1.0	0.0	1.0	0.0	0.0	1.0	1.0	0.021893523896674465
1.0	0.0	1.0	0.0	0.0	1.0	1.0	0.022910997507491097
1.0	0.0	1.0	0.0	0.0	1.0	1.0	0.02400240161577223
1.0	0.0	1.0	0.0	0.0	1.0	1.0	0.02518426341300341
1.0	0.0	1.0	0.0	0.0	1.0	1.0	0.026478800314111917
1.0	0.0	1.0	0.0	0.0	1.0	1.0	0.02791012831826049
1.0	0.0	1.0	0.0	0.0	1.0	1.0	0.029505323477477374
1.0	0.0	1.0	0.0	0.0	1.0	1.0	0.031293640698639325
1.0	0.0	1.0	0.0	0.0	1.0	1.0	0.033305357771786635
1.0	0.0	1.0	0.0	0.0	1.0	1.0	0.03557026929315195
1.0	0.0	1.0	0.0	0.0	1.0	1.0	0.038115909923096325
1.0	0.0	1.0	0.0	0.0	1.0	1.0	0.04096565086554746
1.0	0.0	1.0	0.0	0.9404763275083075	1.0	1.0	0.044136908117158306
1.0	0.0	1.0	0.0	0.9404764011132964	1.0	1.0	0.047639727913231913
1.0	0.0	1.0	0.0	0.9404765130721559	1.0	1.0	0.05147601202095473
1.0	0.0	1.0	0.0	0.9404766826863722	1.0	1.0	0.055639692440672295
1.0	0.0	1.0	0.0	0.9404769385839824	1.0	1.0	0.06011809580239072
1.0	0.0	1.0	0.0	0.9404773230124709	1.0	1.0	0.06489214621724096
1.0	0.0	1.0	0.0	0.9404778979926203	1.0	1.0	0.06993771688180292
1.0	0.0	1.0	0.0	0.9404787540797497	1.0	1.0	0.07522941392530354
1.0	0.0	1.0	0.0	0.9404800227474701	1.0	1.0	0.08074535665809249
1.0	0.0	1.0	0.0	0.9404818937591747	1.0	1.0	0.08653088044668626
1.0	0.0	1.0	0.0	0.9404846393410594	1.0	1.0	0.09252015545380454
1.0	0.0	1.0	0.0	0.9404886475342673	1.0	0.9992218407512371	0.0986896248099584
1.0	0.0	1.0	0.0	0.9404944677964567	1.0	0.9976379843080658	0.10495749588039568
1.0	0.0	1.0	0.0	0.9405028727511655	1.0	0.9437148492154964	0.056285150784503565
1.0	0.0	1.0	0.0	0.9405149409396867	1.0	0.00028376843786704004	0.999716231562133
1.0	0.0	1.0	0.0	0.9405321664854206	1.0	9.518199665210006e-5	0.9999048180033479
1.0	0.0	1.0	0.0	0.9405566026714932	1.0	1.9117331545969025e-6	0.9999980882668454
1.0	0.0	1.0	0.0	0.9405910474469554	1.0	0.0	1.0
1.0	0.0	1.0	0.0	0.940639279637591	1.0	0.0	1.0
1.0	0.0	1.0	0.0	0.9407063548828819	1.0	0.0	1.0
1.0	0.0	1.0	0.0	0.940798969689083	1.0	0.0	1.0
1.0	0.0	1.0	0.0	0.9409259000065605	1.0	0.0	1.0
1.0	0.0	1.0	0.0	0.9410985168254486	1.0	0.0	1.0
1.0	0.0	1.0	0.0	0.9413313747704087	1.0	0.0	1.0
1.0	0.0	1.0	0.0	0.9416428598690584	1.0	0.0	1.0
1.0	0.0	1.0	0.0	0.9420558689533245	1.0	0.0	1.0
1.0	0.0	1.0	0.0	0.9425984751531921	1.0	0.0	1.0
1.0	0.0	1.0	0.0	0.9433045117531857	1.0	0.0	1.0
1.0	0.0	1.0	0.0	0.9442139811622072	1.0	0.0	1.0
1.0	0.0	1.0	0.0	0.9453731688560596	1.0	0.0	1.0
1.0	0.0	1.0	0.0	0.9468343172809897	1.0	0.0	1.0
1.0	0.0	1.0	0.0	0.9486546969276995	1.0	0.0	1.0
1.0	0.0	1.0	0.0	0.9508949078907525	1.0	0.0	1.0
1.0	0.0	1.0	0.0	0.9536162634081802	1.0	0.0	1.0
1.0	0.0	1.0	0.0	0.9568771558592498	1.0	0.0	1.0
1.0	0.0	1.0	0.0	0.9607283932051452	1.0	0.0	1.0
1.0	0.0	1.0	0.0	0.9652076242980794	1.0	0.0	1.0
1.0	0.0	1.0	0.0	0.9703331430090175	1.0	0.0	1.0
1.0	0.0	1.0	0.0	0.9760975623993445	1.0	0.0	1.0
1.0	0.0	1.0	0.0	0.9824620576025663	1.0	0.0	1.0
1.0	0.9854551148649306	1.0	0.0	0.9893520526382267	1.0	0.0	1.0
1.0	0.9925608831591334	1.0	0.0	0.9966553232463617	1.0	0.0	1.0
1.0	1.0	1.0	0.0	1.0	1.0	0.0	1.0
1.0	1.0	1.0	0.0	1.0	1.0	0.0	1.0
1.0	1.0	1.0	0.0	1.0	1.0	0.0	1.0
1.0	1.0	1.0	0.0	1.0	1.0	0.0	1.0
1.0	1.0	1.0	0.0	1.0	1.0	0.0	1.0
1.0	1.0	1.0	0.0	1.0	1.0	0.0	1.0
1.0	1.0	1.0	0.0	1.0	1.0	0.0	1.0
1.0	1.0	1.0	0.0	1.0	1.0	0.0	1.0
1.0	1.0	1.0	0.0	1.0	1.0	0.0	1.0
1.0	1.0	1.0	0.0	1.0	1.0	0.0	1.0
1.0	1.0	1.0	0.0	1.0	1.0	0.0	1.0
1.0	1.0	1.0	0.0	1.0	1.0	0.0	1.0
1.0	1.0	1.0	0.0	1.0	1.0	0.0	1.0
1.0	1.0	1.0	0.0	1.0	1.0	0.0	1.0
1.0	1.0	1.0	0.0	1.0	1.0	0.0	1.0
1.0	1.0	1.0	0.0	1.0	1.0	0.0	1.0
1.0	1.0	1.0	0.0	1.0	1.0	0.0	1.0
1.0	1.0	1.0	0.0	1.0	1.0	0.0	1.0
1.0	1.0	1.0	0.0	1.0	1.0	0.0	1.0
1.0	1.0	1.0	0.0	1.0	1.0	0.0	1.0
1.0	1.0	1.0	0.0	1.0	1.0	0.0	1.0
1.0	1.0	1.0	0.0	1.0	1.0	0.0	1.0
1.0	1.0	1.0	0.0	1.0	1.0	0.0	1.0
1.0	1.0	1.0	0.0	1.0	1.0	0.0	1.0
1.0	1.0	1.0	0.0	1.0	1.0	0.0	1.0
1.0	1.0	1.0	0.0	1.0	1.0	0.0	1.0
1.0	1.0	1.0	0.0	1.0	1.0	0.0	1.0
1.0	1.0	1.0	0.0	1.0	1.0	0.0	1.0
1.0	1.0	1.0	0.0	1.0	1.0	0.0	1.0
1.0	1.0	1.0	0.0	1.0	1.0	0.0	1.0
1.0	1.0	1.0	0.0	1.0	1.0	0.0	1.0
1.0	1.0	1.0	0.0	1.0	1.0	0.0	1.0
1.0	1.0	1.0	0.0	1.0	1.0	0.0	1.0
1.0	1.0	1.0	0.0	1.0	1.0	0.0	1.0
1.0	1.0	1.0	0.0	1.0	1.0	0.0	1.0
1.0	1.0	1.0	0.0	1.0	1.0	0.0	1.0
1.0	1.0	1.0	0.0	1.0	1.0	0.0	1.0
1.0	1.0	1.0	0.0	1.0	1.0	0.0	1.0
1.0	1.0	1.0	0.0	1.0	1.0	0.77272636063147	0.6691185591546261
