0.0	0.0	0.0	1.0	0.0	0.006975035639612882	0.0	0.00610122230627954	0.0	0.0	0.0	0.0	1.0	0.0	1.0	0.0	1.0	0.0	1.0	0.0	1.0	0.0	1.0
0.0	0.01833787194786898	0.017464058614535646	1.0	0.0	0.0	0.013968805281202323	0.0	0.012221178614535646	0.0	0.0	0.009599738614535648	1.0	0.0	1.0	0.0	1.0	0.004352343494286787	1.0	0.0	1.0	0.0	1.0
0.0	0.0	0.0	1.0	0.0	0.01482159085909435	0.0	0.013073964192427708	0.0	0.0	0.0	0.0	1.0	0.0	1.0	0.0	1.0	0.0	1.0	0.0	1.0	0.0	1.0
0.0	0.01833787194754418	0.017464058614210846	1.0	0.0	0.0	0.013968805280877516	0.0	0.012221178614210857	0.0	0.0	0.00959973861421085	1.0	0.0	1.0	0.0	1.0	0.0043514455119317355	1.0	0.0	1.0	0.0	1.0
0.0	0.0	0.0	1.0	0.0	0.014821591238090142	0.0	0.013073964571423485	0.0	0.0	0.0	0.0	1.0	0.0	1.0	0.0	1.0	0.0	1.0	0.0	1.0	0.0	1.0
0.0	0.01833787194717281	0.017464058613839477	1.0	0.0	0.0	0.013968805280506163	0.0	0.012221178613839503	0.0	0.0	0.009599738613839478	1.0	0.0	1.0	0.0	1.0	0.004350419359808902	1.0	0.0	1.0	0.0	1.0
0.0	0.0	0.0	1.0	0.0	0.014821591670011066	0.0	0.013073965003344437	0.0	0.0	0.0	0.0	1.0	0.0	1.0	0.0	1.0	0.0	1.0	0.0	1.0	0.0	1.0
0.0	0.018337871946751766	0.01746405861341843	1.0	0.0	0.0	0.013968805280085083	0.0	0.012221178613418433	0.0	0.0	0.009599738613418436	1.0	0.0	1.0	0.0	1.0	0.004349256727891354	1.0	0.0	1.0	0.0	1.0
0.0	0.0	0.0	1.0	0.0	0.014821592157798116	0.0	0.013073965491131483	0.0	0.0	0.0	0.0	1.0	0.0	1.0	0.0	1.0	0.0	1.0	0.0	1.0	0.0	1.0
0.0	0.01833787194627904	0.017464058612945706	1.0	0.0	0.0	0.013968805279612365	0.0	0.012221178612945725	0.0	0.0	0.009599738612945708	1.0	0.0	1.0	0.0	1.0	0.0043479523574675724	1.0	0.0	1.0	0.0	1.0
0.0	0.0	0.0	1.0	0.0	0.014821592703012263	0.0	0.013073966036345601	0.0	0.0	0.0	0.0	1.0	0.0	1.0	0.0	1.0	0.0	1.0	0.0	1.0	0.0	1.0
0.0	0.018337871945754265	0.01746405861242093	1.0	0.0	0.0	0.013968805279087598	0.0	0.01222117861242094	0.0	0.0	0.009599738612420932	1.0	0.0	1.0	0.0	1.0	0.004346505620959956	1.0	0.0	1.0	0.0	1.0
0.0	0.0	0.0	1.0	0.0	0.01482159330491141	0.0	0.013073966638244748	0.0	0.0	0.0	0.0	1.0	0.0	1.0	0.0	1.0	0.0	1.0	0.0	1.0	0.0	1.0
0.0	0.018337871945179378	0.017464058611846044	1.0	0.0	0.0	0.013968805278512722	0.0	0.012221178611846054	0.0	0.0	0.009599738611846046	1.0	0.0	1.0	0.0	1.0	0.004344922331600215	1.0	0.0	1.0	0.0	1.0
0.0	0.0	0.0	1.0	0.0	0.014821593960215264	0.0	0.013073967293548603	0.0	0.0	0.0	0.0	1.0	0.0	1.0	0.0	1.0	0.0	1.0	0.0	1.0	0.0	1.0
0.0	0.01833787194455898	0.017464058611225644	1.0	0.0	0.0	0.013968805277892328	0.0	0.01222117861122564	0.0	0.0	0.009599738611225647	1.0	0.0	1.0	0.0	1.0	0.004343215716118491	1.0	0.0	1.0	0.0	1.0
0.0	0.0	0.0	1.0	0.0	0.014821594662400912	0.0	0.013073967995734265	0.0	0.0	0.0	0.0	1.0	0.0	1.0	0.0	1.0	0.0	1.0	0.0	1.0	0.0	1.0
0.0	0.01833787194390091	0.017464058610567577	1.0	0.0	0.0	0.013968805277234236	0.0	0.012221178610567571	0.0	0.0	0.00959973861056758	1.0	0.0	1.0	0.0	1.0	0.004341408074148104	1.0	0.0	1.0	0.0	1.0
0.0	0.0	0.0	1.0	0.0	0.014821595401166964	0.0	0.01307396873450031	0.0	0.0	0.0	0.0	1.0	0.0	1.0	0.0	1.0	0.0	1.0	0.0	1.0	0.0	1.0
0.0	0.01833787194321669	0.017464058609883357	1.0	0.0	0.0	0.01396880527655001	0.0	0.012221178609883365	0.0	0.0	0.009599738609883357	1.0	0.0	1.0	0.0	1.0	0.004339531914498177	1.0	0.0	1.0	0.0	1.0
0.0	0.0	0.0	1.0	0.0	0.01482232052345381	0.0	0.013074693856787133	0.0	0.0	0.0	0.0	1.0	0.0	1.0	0.0	1.0	0.0	1.0	0.0	1.0	0.0	1.0
0.0	0.018344857574735685	0.01747104424140235	1.0	0.0	0.0	0.01397579090806901	0.0	0.012228164241402356	0.0	0.0	0.009606724241402353	1.0	0.0	0.9976882459209068	0.0	1.0	0.004344615859687342	1.0	0.0	1.0	0.0	1.0
0.0	0.0	0.0	1.0	0.0	0.014826438413669154	0.0	0.0	0.0	0.0	0.0	0.0	1.0	0.0	0.9879602899652099	0.0	1.0	0.0	1.0	0.0	0.9977192645806477	0.0	1.0
0.0	0.018470011583847572	0.017596198250514238	1.0	0.0	0.0	0.014100944917180887	0.013227131583847581	0.0	0.0	0.0	0.00973187825051424	1.0	0.0	0.8598301148042815	0.0	1.0	0.004467895021460132	1.0	0.0	0.8386687304905182	0.0	1.0
0.0	0.0	0.0	1.0	0.0	0.015090417631962153	0.0	0.0	0.012468977631962148	0.0	0.0	0.0	1.0	0.0	0.6889844673229693	0.0	1.0	0.0	1.0	0.0	0.6933382144869147	0.0	1.0
0.0	0.01871720855612652	0.017843395222793185	1.0	0.0	0.0	0.014348141889459865	0.013474328556126517	0.0	0.0	0.0	0.009979075222793185	1.0	0.0	0.5494348049580265	0.0	1.0	0.0047133030248370416	1.0	0.0	0.5824296565171263	0.0	1.0
0.0	0.0	0.0	1.0	0.0	0.015280144235767651	0.0	0.0	0.012658704235767666	0.0	0.0	0.0	1.0	0.0	0.44051968776736045	0.0	1.0	0.0	1.0	0.0	0.506097808324628	0.0	1.0
0.0	0.01888904352329286	0.018015230189959527	1.0	0.0	0.0	0.014519976856626197	0.013646163523292853	0.0	0.0	0.0	0.01015091018995953	1.0	0.0	0.4198942493041413	0.0	1.0	0.004883499364390899	1.0	0.0	0.3181612674217609	0.0	1.0
0.0	0.0	0.0	1.0	0.0	0.015384289293454126	0.0	0.0	0.012762849293454151	0.0	0.0	0.0	1.0	0.0	0.3915537394640165	0.0	1.0	0.0	1.0	0.0	0.31588649917609385	0.0	1.0
0.0	0.01891468329800816	0.018040869964674827	1.0	0.0	0.0	0.014545616631341485	0.013671803298008142	0.00402028949630182	0.0	0.0	0.010176549964674826	1.0	0.0	0.37392028930604176	0.0	1.0	0.004907707202817902	1.0	0.0	0.3136157406344087	0.0	1.0
0.0	0.0	0.0	1.0	0.0	0.015389508242367081	0.0	0.0	0.0	0.0	0.0	0.0	1.0	0.0	0.3703614547313691	0.0	1.0	0.0	1.0	0.0	0.31203560956278303	0.0	1.0
0.0	0.018923644205414668	0.018049830872081334	1.0	0.0	0.0	0.014554577538747993	0.013680764205414659	0.012806950872081335	0.0	0.0	0.010185510872081338	1.0	0.0	0.3605436485160747	0.0	1.0	0.004915480155289835	1.0	0.0	0.31333497672300137	0.0	1.0
0.0	0.0	0.0	1.0	0.0	0.0069403291641100045	0.001592854575492453	0.0030181636226140184	0.0	0.0	0.0	0.0	1.0	0.0	0.3582272672615663	0.0	1.0	0.0	1.0	0.0	0.30928133011890524	0.0	1.0
0.0	0.01892211602230481	0.018048302688971476	1.0	0.0	0.015426862688971464	0.0	0.0	0.012805422688971481	0.0	0.0	0.010183982688971478	1.0	0.0	0.362883782553418	0.0	1.0	0.004913020607030111	1.0	0.0	0.30949597929237027	0.0	1.0
0.0	0.0	0.0	1.0	0.0	0.0	0.014528492159093007	0.013654678825759653	0.0	0.0	0.0	0.0	1.0	0.0	0.348688263939233	0.0	1.0	0.0	1.0	0.0	0.30665550969611133	0.0	1.0
0.0	0.01892460775773708	0.018050794424403747	1.0	0.0	0.01542935442440374	0.0	0.0	0.012807914424403755	0.0	0.0	0.01018647442440375	0.9990229447443636	0.0	0.34796340392448855	0.0	1.0	0.00491484665112742	1.0	0.0	0.3108476852217361	0.0	1.0
0.0	0.0	0.0	1.0	0.0	0.0	0.014534464394528102	0.013660651061194762	0.0	0.0	0.0	0.0	0.995222850751064	0.0	0.3472267034983205	0.0	1.0	0.0	1.0	0.0	0.3082297091584161	0.0	1.0
0.0	0.018929622514600352	0.018055809181267018	1.0	0.0	0.01543436918126702	0.0	0.0	0.012812929181267012	0.0	0.0	0.01019148918126702	0.9902067894376849	0.006597570664184768	0.34674009885510404	0.0	1.0	0.004919561129980144	0.9992974574348882	0.0	0.31187739607882325	0.0	1.0
0.0	0.0	0.0	1.0	0.0	0.0	0.014540301036786798	0.013666487703453469	0.0	0.0	0.0	0.0	0.9855251292633282	0.0	0.3388216694893349	0.0	1.0	0.0	1.0	0.0	0.31153829548598816	0.0	1.0
0.0	0.018934049178151526	0.018060235844818192	1.0	0.0	0.015438795844818195	0.0	0.0	0.004523976046736725	0.0	0.0	0.010195915844818194	0.9799967856859793	0.007641937536099458	0.3388106416268657	0.0	1.0	0.004924330657171969	0.9931532617189659	0.0	0.3143043162698005	0.0	1.0
0.0	0.0	0.0	1.0	0.0	0.0	0.014607310575389902	0.013733497242056582	0.012859683908723234	0.0	0.0	0.0	0.9165831035638043	0.0	0.3376230606723841	0.0	1.0	0.0	0.9185209957240726	0.0	0.31789054125725397	0.0	1.0
0.0	0.023890533695027187	0.018207681015944527	1.0	0.0	0.015586241015944528	0.0	0.0	0.0	0.0	0.0	0.01034336101594453	0.8093492501951348	0.008209081843230404	0.330642500621741	0.0	1.0	0.005073103622885302	0.7877070590930064	0.0	0.3520475682229485	0.0	1.0
0.0	0.013417676576937813	0.014637200556192997	1.0	0.0	0.0	0.01475931421288151	0.013885500879548186	0.013011687546214847	0.0	0.0	0.0	0.7418282831786379	0.0	0.32449480208524006	0.0	1.0	0.0	0.6932252757836853	0.0	0.35371559645014844	0.0	1.0
0.0	0.03846050556760437	0.03621527370178311	1.0	0.0	0.015689048136056188	0.0	0.0	0.0	0.0	0.0	0.016784734867532528	0.6942649235080156	0.00852831075758765	0.32690995174924803	0.0	1.0	0.005178253709622937	0.6374790044943185	0.0	0.3546454951346978	0.0	1.0
0.0	0.025000089418620388	0.021134705854009502	1.0	0.0	0.006146950609453122	0.015071316564918343	0.013955899131103473	0.013082085797770135	0.0	0.0	0.012567955009493786	0.6425113397278935	0.0	0.318068859830758	0.0	1.0	0.0	0.6068715499280738	0.0	0.3551915664526155	0.0	1.0
0.0	0.04754941640925846	0.042846188482212375	1.0	0.0	0.004245541170607277	0.006524985912074935	0.005633427461383799	0.0047070342166442795	0.0	0.0	0.025796161904279455	0.6190373360577721	0.008664177138798983	0.31021191937977255	0.0	1.0	0.00521688741988953	0.5760500190788639	0.0	0.35660681846305065	0.0	1.0
0.0	0.028798624670489485	0.0274179958559471	1.0	0.0	0.024160303266596343	0.02268144274034073	0.02121416088355567	0.019769792693685694	0.0	0.0	0.018180481523728562	0.5936524407292411	0.004834056521081988	0.31020370078706716	0.0	1.0	0.0	0.5585155040184309	0.0	0.35720447421373036	0.0	1.0
0.0	0.04802678952763076	0.045781031252271634	1.0	0.0	0.015693395455389343	0.013664099171121387	0.007090929839713125	0.011187135454188937	0.0	0.0	0.028666504186457362	0.5828830504335756	0.017047450822887625	0.30923197017251014	0.0	1.0	0.005223424555427955	0.5465235602274825	0.0	0.35983255999191527	0.0	1.0
0.0	0.028838299606445898	0.02756374006448769	1.0	0.0	0.0262200740835993	0.024482576736323605	0.02262792810872749	0.021025043520594627	0.0	0.0	0.018287625223024396	0.5711106416206359	0.01054389726492485	0.3013223374429476	0.0	1.0	0.0	0.5338281970635651	0.0	0.35728039000949097	0.0	1.0
0.0	0.04804342483689225	0.04594210422169298	1.0	0.0	0.01934227033511894	0.018082105763666534	0.011848157373052077	0.010044295332877685	0.0	0.0	0.028788759991429633	0.56734180207012	0.02081912535321613	0.3086880231464904	0.0	1.0	0.005225899078862514	0.5299022589146815	0.0	0.35989785790563134	0.0	1.0
0.0	0.02883866534958377	0.027657186603429813	1.0	0.0	0.02967011726341788	0.027878851946322968	0.026094103275080514	0.024282263994650208	0.0	0.0	0.01831033628183897	0.5602959750783254	0.013411646885256754	0.2997469955321573	0.0	1.0	0.0	0.5261853513171898	0.0	0.35727725169110713	0.0	1.0
0.0	0.04808774364239474	0.04600245671717802	1.0	0.0	0.022065005650179895	0.021573404082749013	0.013708609044590425	0.012951337294132552	0.0	0.0	0.028783033865371076	0.5346285356398774	0.022949288470482426	0.29949107707705597	0.0	1.0	0.005228457522340175	0.5251874708176855	0.0	0.35747889327458837	0.0	1.0
0.0	0.028881593549519448	0.027678159984656385	1.0	0.0	0.031584483831001084	0.0297668042426406	0.027832096961584445	0.026050204845998633	0.0	0.0	0.018333979007257386	0.529926920200455	0.014748321999099027	0.2950794552555488	0.0	1.0	0.0	0.5232731229429053	0.0	0.3548555750541284	0.0	1.0
0.0	0.048129966378570796	0.04602303176533168	1.0	0.0	0.02195231686526396	0.0210824411275583	0.006789678981039039	0.01340748099321758	0.0	0.0	0.028839274319060835	0.5291991940996943	0.023812584820562546	0.29255449480780016	0.0	1.0	0.005231370665856595	0.5222929090360103	0.0	0.35742345369791995	0.0	1.0
0.0	0.02892724841182686	0.027736428731224415	1.0	0.0	0.032063671729620005	0.03024379313513991	0.028423914540659588	0.026510226409279865	0.0	0.0	0.018390833741140835	0.5287935864917551	0.015292534550943883	0.2907773612567688	0.0	1.0	0.0	0.5219109044755076	0.0	0.3536643641806129	0.0	1.0
0.0	0.04814043788565485	0.04608255778159734	1.0	0.0	0.022261587539765905	0.017848997819322376	0.014461017143163925	0.013502022799892249	0.0	0.0	0.0288967462697818	0.5283645857121109	0.024159773233854036	0.2879730281874734	0.0	1.0	0.005234510195721146	0.5125420861469926	0.0	0.35626021741694586	0.0	1.0
0.0	0.028939246317616497	0.027797223105702325	1.0	0.0	0.03215537198317569	0.032598778447606294	0.028373650625471772	0.026591105691602904	0.0	0.0	0.01844892589659629	0.5281688389013591	0.01552046802421569	0.2856389013690582	0.0	1.0	0.0	0.5032859822606879	0.0	0.3532357189148446	0.0	1.0
0.0	0.04819587722086632	0.04618189281506524	1.0	0.0	0.022682962286141153	0.01981403814249708	0.019883199675249777	0.017275804855490698	0.0	0.0	0.028955461669628774	0.5280922339599226	0.02431591821260754	0.09299713179763454	0.0	1.0	0.005251605188527177	0.5018812073894171	0.0	0.031143632246960363	0.0	1.0
0.0	0.028998131201386994	0.027897416327714898	1.0	0.0	0.038597453298273444	0.03466965408968552	0.03390301969234145	0.030389020804356584	0.0	0.0	0.01850826763276991	0.5100833816457933	0.015633227610162274	0.07688725955675493	0.0	1.0	0.001339605835733857	0.4935370784217219	0.0	0.025091270690302335	0.0	1.0
0.0	0.04821740389440317	0.02793286940065267	1.0	0.0	0.023083487878196224	0.01984050738674968	0.019928777961858907	0.017310066656244873	0.0	0.0	0.029015432886872045	0.507007598113765	0.0244035484457052	0.07333983602186181	0.0	1.0	0.00817372084720587	0.49350592445806657	0.0	0.0248234496601425	0.0	1.0
0.0	0.029063632426670476	0.027875873010302133	1.0	0.0	0.03859745329827412	0.034670900907350005	0.022664267594164192	0.030403809080776296	0.0	0.0	0.018568871529175215	0.49231688788993483	0.015706413452863492	0.07259682016725914	0.0	1.0	0.004471211423822622	0.48648871197737537	0.0	0.02383272232545215	0.0	1.0
0.0	0.029102170699481737	0.046198718810869316	1.0	0.0	0.022682962286141795	0.019840425008590477	0.020004625809753752	0.017307849998930445	0.0	0.0	0.029076672714434638	0.4831484302573955	0.02446787984284155	0.07205260427178997	0.0	1.0	0.010847429743267885	0.4834600929928199	0.0	0.02356366389842756	0.0	1.0
0.0	0.02907660533799236	0.00950211385548752	1.0	0.0	0.03820209577837454	0.034675226860590054	0.03400395332418821	0.0318655327114854	0.0	0.0	0.018630750594358838	0.46657347509820896	0.01576578923613673	0.07149304374401949	0.0	1.0	0.006406921258995604	0.476248825567981	0.0	0.0228452141730667	0.0	1.0
0.0	0.029017715870246888	0.046144191136494844	1.0	0.0	0.02229267345239497	0.019843290389477623	0.02000235783559023	0.005661622908811895	0.0	0.0	0.02913919437874955	0.4574099134499996	0.024524459650097596	0.07094819525959174	0.0	1.0	0.012193574528311657	0.47261875596486314	0.0	0.02256026412820396	0.0	1.0
0.0	0.00979840688340423	0.02779649555991685	0.9984621963789028	0.0	0.02495273250096692	0.01981932633800653	0.03399646551268796	0.018757641193007962	0.0	0.0	0.018693918274952353	0.4157204415937149	0.01582090226899311	0.07030530866449158	0.0	1.0	0.0072000515460689815	0.46444705483939325	0.0	0.0223567055791546	0.0	1.0
0.0	0.048217261495349176	0.009447570116119311	1.0	0.0	0.037441124609243016	0.034673924308270695	0.019999861555153178	0.03184341484677808	0.0	0.0	0.029203011549009488	0.40655427902357977	0.024578948001619895	0.0698997462475024	0.0	1.0	0.012701844710889492	0.46081762741721977	0.0	0.02202367265323419	0.0	1.0
0.0	0.02899664241147528	0.027768482828383415	0.9749890417648782	0.0	0.02229267345239493	0.019837952154172667	0.03400515643936213	0.01875638118722809	0.0	0.0	0.01875838846512341	0.3850942794532086	0.015875278176221808	0.06873030556601276	0.0	1.0	0.0075164929815250275	0.4517378110217677	0.0	0.024558454315201306	0.0	1.0
0.0	0.028934783255462077	0.02773855906263257	0.982518315736872	0.0	0.0382020957783746	0.033106589770966324	0.019815709735461706	0.031853128031234856	0.0	0.0	0.02926813834682287	0.37592024874399954	0.024633433581400056	0.0683552577688472	0.0	1.0	0.01289512160911215	0.44810624079570927	0.0	0.021887370215123197	0.0	1.0
0.0	0.028906631229510576	0.027769290697923714	0.9795470412079225	0.0	0.02229267345239488	0.021422797714689093	0.0343088473762432	0.018741367875804413	0.0	0.0	0.018824175516439962	0.3753584314680608	0.015930066994545765	0.06786708464461967	0.0	1.0	0.007631576183233141	0.4479895670114243	0.0	0.02290056442820201	0.0	1.0
0.0	0.028880332905678294	0.027739298425288255	0.9446050902535876	0.0	0.027674834188034042	0.03645315033725854	0.020518655891730034	0.031200937174369194	0.0	0.0	0.02933458935628994	0.36617287878744936	0.024688624372276268	0.0676013396171368	0.0	1.0	0.012963147355042254	0.4443541921780802	0.0	0.02015416276815967	0.0	1.0
0.0	0.0288871625657756	0.027769097386488494	0.9409612747910182	0.0	0.038202095778374634	0.02142279771468907	0.03430884737624344	0.018415826855054628	0.0	0.0	0.0188912942481622	0.36583073154041823	0.015985729915871126	0.06734911864227086	0.0	1.0	0.007671532868114816	0.4442744634808174	0.0	0.022693244415929917	0.0	1.0
0.0	0.02889533388508131	0.027740567992533806	0.9229613294524573	0.0	0.022682962286141823	0.03252777391410927	0.020162633143237053	0.03154691109090978	0.0	0.0	0.029402379634514277	0.3566305748461959	0.02474480470024631	0.06710989602654306	0.0	1.0	0.012987094095665747	0.43031349671151564	0.0	0.02001388199905784	0.0	1.0
0.0	0.028834572363671537	0.04606347649725213	0.9123336605887772	0.0	0.038301263981846946	0.021466837229121613	0.02911805751168131	0.018483253464075734	0.0	0.0	0.018959759957977416	0.33069321507334154	0.016042453625022227	0.06688318189209981	0.0	1.0	0.007686084178956367	0.4299215850652958	0.0	0.02255434676778051	0.0	1.0
0.0	0.028809020267504756	0.00939868359449593	0.8641338794021444	0.0	0.022473735905617884	0.036201915424922064	0.020220815658069918	0.03157851433544287	0.0	0.0	0.02947152472256519	0.10146215277689102	0.024802086753274645	0.06666851944308916	0.0	1.0	0.012996036570365306	0.04523378230633297	0.0	0.019882293895274867	0.0	1.0
0.0	0.00959263292566253	0.02772423375913113	0.8189958485545873	0.0	0.03811047854276652	0.021460068120234876	0.0341872793255964	0.01847906469624203	0.0	0.0	0.019000924718799137	0.09775293194917249	0.016100313336778835	0.06627033201705909	0.0	1.0	0.007691499201320583	0.03911504939747292	0.0	0.022503704750392796	0.0	1.0
0.0	0.02886078559519742	0.046050546298134216	0.7918334276364657	0.0	0.022344112749503504	0.03633342815207224	0.020162633143236495	0.03161146682081514	0.0	0.0	0.029484712444563643	0.09642585907587377	0.024860534019670477	0.06602869307991173	0.0	1.0	0.012999293330864326	0.038629938967462474	0.0	0.01984641825818594	0.0	1.0
0.0	0.009713569678765775	0.027709068637646828	0.7755028269569626	0.0	0.03357197331951562	0.021490842299164675	0.03430884737624297	0.01854814891839059	0.0	0.0	0.019043465399334904	0.09555412456774297	0.016159345839458637	0.06588552499367052	0.0	1.0	0.007693415585217544	0.037680373383508464	0.0	0.022389329180539215	0.0	1.0
0.0	0.028907992643897373	0.009369197406182785	0.7373637351342354	0.0	0.022736287171837597	0.03645315033725881	0.02051865589172988	0.03164008255901732	0.0	0.0	0.029556609500113105	0.09152414087682112	0.024920157803520162	0.06574568698682105	0.0	1.0	0.013000411344032778	0.0368612599448067	0.0	0.01972899815328956	0.0	1.0
0.0	0.009687052604761697	0.027699903684781476	0.7318095229292471	0.0	0.03825123008855592	0.02180107188496356	0.03430884737624304	0.0224422874942739	0.0	0.0	0.019116059380606006	0.09037426348374566	0.016219566048625622	0.06324006619698272	0.0	1.0	0.0076940714947079086	0.03642631277806068	0.0	0.022278113545023875	0.0	1.0
0.0	0.028956735275402722	0.046031654510117544	0.7043277699295797	0.0	0.02233763865953341	0.03645315033725883	0.020518655891729937	0.01857722787699446	0.0	0.0	0.02962990473809003	0.08991848224203686	0.02498097897793808	0.0627975820288562	0.0	1.0	0.01300080716290197	0.036011891628342195	0.0	0.019590142273135675	0.0	1.0
0.0	0.00981106069988294	0.009375369753644686	0.6690502028728379	0.0	0.037918234575105694	0.02142279771468926	0.03430884737624315	0.031835079815310946	0.0	0.0	0.019190060272979436	0.08847339977506043	0.016280992368109617	0.06253853046803966	0.0	1.0	0.007694314891214532	0.03589595306227987	0.0	0.02216647844099003	0.0	1.0
0.0	0.02908152632449001	0.027769749235312474	0.6459598911496095	0.0	0.02191223388132338	0.028920705579481922	0.020162633143236547	0.018902468571781978	0.0	0.0	0.029704615750099524	0.08821141167401439	0.025043014474097153	0.06227036825174599	0.0	1.0	0.013000962426968167	0.035715915763348365	0.0	0.019505246974133316	0.0	1.0
0.0	0.009936642085842464	0.00949492879367668	0.6162035605026205	0.0	0.03787706307596975	0.036079757124020326	0.038881811797332924	0.031835079815308046	0.0	0.0	0.019265485938273378	0.0879491186716309	0.016343641004303664	0.062001559700497755	0.0	1.0	0.007694415931585047	0.035464295913590425	0.0	0.0194620207707542	0.0	1.0
0.0	0.029207905523168473	0.02789006513898112	0.5949276540835337	0.0	0.022148352678919476	0.02142279771468892	0.01981570973546148	0.018577227876990114	0.0	0.0	0.029780760671612668	0.08680389749407158	0.025106280196290204	0.06186230352137007	0.0	1.0	0.012865764840519565	0.034145286107419646	0.0	0.019274232755341444	0.0	1.0
0.0	0.010063826667495054	0.009616008723168014	0.5705099340232471	0.0	0.03787630722589926	0.036453150337258516	0.03395741846966604	0.03151398231407936	0.0	0.0	0.019342354789122575	0.08638370426219696	0.016407527777132065	0.06138894126972452	0.0	1.0	0.007560952877650794	0.03395483029196581	0.0	0.019271474884412984	0.0	1.0
0.0	0.029335903153954908	0.02801191634707288	0.5499708907720247	0.0	0.022152369207596976	0.023878179871210995	0.01995690423703763	0.018260194901091167	0.0	0.0	0.029831556389757406	0.08493722710646237	0.025170792020516797	0.06134455255575987	0.0	1.0	0.01273400975313058	0.03372025578721503	0.0	0.019163404316764172	0.0	1.0
0.0	0.01019264511100407	0.009738638554669037	0.5293010906791233	0.0	0.037879844456651	0.02142279771468923	0.03401702493706022	0.03120093717435154	0.0	0.0	0.01936685885386152	0.0847484087550106	0.016472668701088947	0.06130689211448985	0.0	1.0	0.007430877186234778	0.03267404134840876	0.0	0.019144371309754542	0.0	1.0
0.0	0.02946555027275802	0.028135332240289933	0.5090564525311574	0.0	0.022150994727624485	0.03623826797819386	0.020014939591295078	0.017951062825605175	0.0	0.0	0.029883598573082894	0.08456323574856277	0.025236566147263283	0.06114832360518603	0.0	1.0	0.012605584339567478	0.032489044275994305	0.0	0.016505978945323636	0.0	1.0
0.0	0.010323128868239186	0.009862848042902137	0.4908817049161961	0.0	0.022125128113809827	0.021487257072303596	0.0339428724405973	0.030895645248864602	0.0	0.0	0.019446666074100814	0.08427127945064754	0.016539080192502973	0.06100098025441266	0.0	1.0	0.007304072802054004	0.032165116800851344	0.0	0.019101434402679068	0.0	1.0
0.0	0.02959687873374371	0.02826034295335613	0.4707525704649161	0.0	0.03782741847161007	0.03628083812272287	0.02001944072895543	0.01764953993622509	0.0	0.0	0.02996415140975579	0.08399357111635794	0.025303619227058746	0.060682699973301626	0.0	1.0	0.012480371843319005	0.03175062751520393	0.0	0.016442726686873334	0.0	1.0
0.0	0.01045531020212006	0.00998866770868917	0.44934937913013423	0.0	0.02209960991262407	0.021492295065924177	0.03403021562181212	0.030597822026823786	0.0	0.0	0.019527969640581264	0.08372954470901432	0.016606779148104565	0.0606418820679099	0.0	1.0	0.0071804233828984	0.0316219217371266	0.0	0.019025337329143212	0.0	1.0
0.0	0.02972992121516781	0.028386979399406098	0.42926304248016306	0.0	0.03782817366037596	0.03629549096393876	0.013525240152579126	0.017355348704674308	0.0	0.0	0.030046210896172463	0.08361010646015062	0.025371968411144582	0.060548947494363896	0.0	1.0	0.012358257096502151	0.03136609291782318	0.0	0.016370517319443348	0.0	1.0
0.0	0.010589222212948907	0.01011612886381302	0.4035729910882344	0.0	0.022109296816811636	0.021497030826670784	0.033575712228051446	0.030307196749561654	0.0	0.0	0.01961079031487206	0.08348407190038165	0.016675782979861924	0.0604258256716985	0.0	1.0	0.009769341013873918	0.031305382390422035	0.0	0.018967030331155186	0.0	1.0
0.0	0.029864711246219984	0.028515273295329775	0.3834989706219912	0.0	0.03783785677934007	0.029759168734533367	0.019634647108358275	0.017068224936728688	0.0	0.0	0.03012979810516066	0.08335053304142434	0.025441631377383242	0.06030625030291765	0.0	1.0	0.007059815636463225	0.03125732052101432	0.0	0.016307309282705202	0.0	1.0
0.0	0.010724898865777599	0.028595343636855834	0.3529892553109822	0.0	0.02060870407752504	0.02142279771468924	0.0336255926033479	0.03002351158954344	0.0	0.0	0.01969514948536469	0.08308716967878481	0.016746109636024013	0.06020044866666199	0.0	1.0	0.012358257903291394	0.03120458708262662	0.0	0.016306804695382118	0.0	1.0
0.0	0.030001283234925763	0.02867589171232299	0.33310343493175565	0.0	0.0363395508871194	0.0364531503372587	0.01963365197864818	0.01678791698089318	0.0	0.0	0.030189101599246575	0.08283864045574123	0.02551262634859939	0.060096216792070625	0.0	1.0	0.007180425020229673	0.030802833593524006	0.0	0.016291214363168317	0.0	1.0
0.0	0.01086237501885677	0.028756921980869404	0.28260521718594134	0.0	0.02058538342667964	0.021054191593928403	0.03354750134118732	0.02974652088747016	0.0	0.0	0.019729402256763364	0.08260187917777861	0.016817777618153035	0.06000051990277174	0.0	1.0	0.012480374811140199	0.030633693543263334	0.0	0.018907870636586825	0.0	1.0
0.0	0.030139672497155538	0.0288384389587185	0.26186563500589094	0.0	0.03627631632415688	0.03197447000783375	0.019589684894358268	0.016514184992742237	0.0	0.0	0.0302499743402465	0.08247490883823527	0.025584972109100036	0.059883845841114176	0.0	1.0	0.007304077931439537	0.030481474145882655	0.0	0.01626703790740319	0.0	1.0
0.0	0.011001686453217675	0.02892044722010889	0.2385455498392976	0.0	0.020527538504019383	0.02147316010673543	0.022208965045792402	0.029475990442714407	0.0	0.0	0.019816900088900104	0.08246859923176719	0.016890805997200647	0.05983309941066172	0.0	1.0	0.012605592912532038	0.030294380939174016	0.0	0.016137567537710017	0.0	1.0
0.0	0.030279915286792355	0.029002951398245193	0.21843496079286703	0.0	0.036205180766915264	0.03612616175030265	0.020518655891730048	0.016246800250364436	0.0	0.0	0.030338269961289802	0.08237113067854158	0.02565868802065526	0.05942547464211178	0.0	1.0	0.007430891145386651	0.029771931032005584	0.0	0.016079815319561368	0.0	1.0
0.0	0.011142869903439444	0.010735876186264794	0.21483810444067425	0.0	0.01887625134916832	0.021183942034555935	0.0343088473762434	0.02921169685273855	0.0	0.0	0.01990599942930032	0.08213084702684453	0.01696521442997185	0.059369224975655	0.0	1.0	0.01262828296492862	0.029588515286851295	0.0	0.016020863265622885	0.0	1.0
0.0	0.03042204882711276	0.02913883181402023	0.19469890796535463	0.0	0.03824442114624686	0.03611973108256626	0.020518655891730055	0.01598554451676569	0.0	0.0	0.03042817903962237	0.08193421947702553	0.025733794039212186	0.05921835510090905	0.0	1.0	0.007435589800013133	0.029497911705027274	0.0	0.01598065466662599	0.0	1.0
0.0	0.011285963089658055	0.01087266968931036	0.19231176755645285	0.0	0.022531869496085686	0.02109011781197271	0.034308847376243234	0.028953426897513294	0.0	0.0	0.019996724353559477	0.08188395480068396	0.017041023175838096	0.0591819869103472	0.0	1.0	0.012740300264419305	0.029494094921999392	0.0	0.01589496007068866	0.0	1.0
0.0	0.030566111343438503	0.029276547584411387	0.19177273860340235	0.0	0.03820209577837443	0.036023698783658686	0.02051865589173002	0.01573020944536413	0.0	0.0	0.03051972600854178	0.08182219227234602	0.025810310731980184	0.058435851394505814	0.0	1.0	0.007453978929848638	0.02946201507811253	0.0	0.01585570948461183	0.0	1.0
0.0	0.011431004750875717	0.011011317030628388	0.1824687337306793	0.0	0.022682962286141767	0.021119761674977495	0.034308847376243366	0.02870097696517586	0.0	0.0	0.020089099657960238	0.08181019084831227	0.017118253114308476	0.05839890462276621	0.0	1.0	0.01274310208973917	0.029384183923327426	0.0	0.015800489382201643	0.0	1.0
0.0	0.030712142097119224	0.02941613592583279	0.17361644547644844	0.0	0.04893898884232835	0.03607975712402023	0.02016263314323673	0.015480596024907116	0.0	0.0	0.03061293603270854	0.08175725593481223	0.025888259295324775	0.05837835409115093	0.0	1.0	0.006715166792505316	0.028898557031818806	0.0	0.015717463462301254	0.0	1.0
0.0	0.011578034679632792	0.011151855929056799	0.17153869424969587	0.0	0.03994897781529397	0.021422797714689083	0.028221527422688714	0.028454152515238834	0.0	0.0	0.020183150881046153	0.0766590143176379	0.017196925763253407	0.05751503258274884	0.0	1.0	0.012865817766032211	0.028873769481181075	0.0	0.018304060055731427	0.0	1.0
0.0	0.030860181420910054	0.029557635068074482	0.169227516112201	0.0	0.05565585905569413	0.03645315033725856	0.019878876211048405	0.015236514059925658	0.0	0.0	0.03070783503016949	0.07481060077839939	0.02596766157337664	0.05749170070238667	0.0	1.0	0.007560987428672777	0.03316931027056452	0.0	0.015654577121917743	0.0	1.0
0.0	0.01172709375810822	0.01129432513404098	0.16374844755241585	0.0	0.03994864192617695	0.021801071884963164	0.03379765051315445	0.028212767574973326	0.0	0.0	0.020278904326104904	0.07444000917250973	0.017277063297932254	0.05747225804716679	0.0	1.0	0.012734031926094805	0.028740662429413363	0.0	0.0156284069454128	0.0	1.0
0.0	0.03101027075581201	0.029701084289119318	0.1625416035489927	0.0	0.0557163862500851	0.036453150337258475	0.019874279729943774	0.01499778168144543	0.0	0.0	0.030804449695310845	0.07438715537755392	0.02604854007746723	0.057456661028638695	0.0	1.0	0.007461024561705296	0.028682321598003373	0.0	0.01561212322515016	0.0	1.0
0.0	0.011878223995717273	0.011438764461166682	0.158593514614321	0.0	0.039987735885381584	0.021801071884963472	0.03392130941943221	0.02797664426224821	0.0	0.0	0.020376387084602033	0.07437781213888836	0.01735868857078548	0.057157707805110355	0.0	1.0	0.012653669947394926	0.028631789542695275	0.0	0.01820658741001622	0.0	1.0
0.0	0.0311624526894456	0.02984652395140924	0.15775620285989259	0.0	0.05575150833311483	0.036453150337258544	0.019929032252119935	0.01476422487899546	0.0	0.0	0.030902807522783942	0.07395962790694752	0.026130918006319157	0.04926706548434409	0.0	1.0	0.007434082186612918	0.02856320192500063	0.0	0.015580816498797605	0.0	1.0
0.0	0.0120314685682801	0.029935294829177696	0.1569917953533363	0.0	0.04011702616321866	0.02142279771468902	0.033957418469665726	0.027745612322360624	0.0	0.0	0.020475627060609725	0.07395787293890078	0.01744182513210575	0.042423743013496926	0.0	1.0	0.012738820398008117	0.028517764631690475	0.0	0.01506148891469666	0.0	1.0
0.0	0.031316770996033416	0.03002463006383951	0.1563345422297504	0.0	0.05590135919933771	0.03645315033725843	0.027203234966058646	0.01453567703719191	0.0	0.0	0.031002936832448532	0.07394346119982215	0.02621481926718445	0.042314087144228726	0.0	1.0	0.00756737564102978	0.02844837469639056	0.0	0.015047211553672678	0.0	1.0
0.0	0.01218687185883812	0.03011453527936098	0.15483633188669915	0.0	0.040195860536048976	0.021422797714689135	0.020162633143236613	0.02751950866798937	0.0	0.0	0.020576652996276642	0.07379890401025291	0.017526497251603452	0.04225265732473827	0.0	1.0	0.012239128810751218	0.02840727361430902	0.0	0.017655822575711726	0.0	1.0
0.0	0.03147327067807079	0.030205016176583395	0.15409718583792462	0.0	0.05592969241242651	0.036453150337258745	0.03395741846966582	0.014311978479964686	0.0	0.0	0.03110486679538128	0.07365683380664498	0.026300268497849857	0.04222478075000745	0.0	1.0	0.007560987428703903	0.028298918900695424	0.0	0.015024714346284981	0.0	1.0
0.0	0.01234447950019988	0.011945998534560711	0.15336547439993495	0.0	0.0402537359570589	0.02142279771468923	0.020162633143236366	0.02729817692059862	0.0	0.0	0.020679494498387876	0.07351721991308939	0.01761272994088485	0.04211708562992003	0.0	1.0	0.012865817766083365	0.02829715506657061	0.0	0.015007301911261041	0.0	1.0
0.0	0.03163199800976853	0.03035709368771901	0.1510463590554101	0.0	0.05596425165478193	0.03607975712402013	0.033957418469665365	0.014092976001503488	0.0	0.0	0.031208627461000425	0.07338003248503926	0.02638729108960577	0.04207370675888655	0.0	1.0	0.007560987428707997	0.028295461890601614	0.0	0.014998689933111473	0.0	1.0
0.0	0.012504338419302825	0.0120991541674774	0.14900318118438344	0.0	0.04044175225637836	0.021054191593928108	0.02016263314323627	0.027081466883939264	0.0	0.0	0.02078418206606705	0.07324524248631815	0.01770054897691324	0.04205145962877829	0.0	1.0	0.01286581776608704	0.028271020365809377	0.0	0.01760192723362843	0.0	1.0
0.0	0.03179300058235639	0.030511338889174473	0.14803180578757918	0.0	0.05635291548678642	0.038728083153928165	0.033957418469665566	0.01387852222976356	0.0	0.0	0.03131424978535882	0.07311284196304067	0.026475913211206896	0.04204557443564087	0.0	1.0	0.007560987428710279	0.02824443039385495	0.0	0.014967451048046695	0.0	1.0
0.0	0.031890390216815404	0.012254500547028833	0.14764425836949593	0.0	0.04083565795111778	0.036684605933866965	0.019815709735461172	0.026869233804137936	0.0	0.0	0.020890747119675087	0.07302760957121276	0.01778998092648615	0.04203562641887462	0.0	1.0	0.00933071037048356	0.03259722870241797	0.0	0.017566627489182897	0.0	1.0
0.0	0.031988420662415334	0.030667798222091983	0.14732511752762684	0.0	0.05675216005183405	0.051527958595414425	0.033614914468358736	0.013668474761846797	0.0	0.0	0.03142176566066279	0.0729206134203103	0.026566161833879512	0.04989290692682684	0.0	1.0	0.012865817766088732	0.028203563832361472	0.0	0.014932519422118451	0.0	1.0
0.0	0.032087098528638586	0.012412084777271765	0.14220003758177568	0.0	0.04106541259239578	0.036672888338810786	0.019477541227841993	0.026661337280937156	0.0	0.0	0.020999222030963518	0.07282052895044727	0.017881053171782235	0.04202803830064372	0.0	1.0	0.00756098742871133	0.030648301134555047	0.0	0.017545026563460756	0.0	1.0
0.0	0.03218643051831889	0.030826519465349866	0.14189238517855	0.0	0.05681886931995685	0.0515446968055544	0.0336149144683581	0.013462694727435163	0.0	0.0	0.03153120794607543	0.0727733273415009	0.026658064757421652	0.049890077923029116	0.0	1.0	0.012734031926122318	0.02610880045557948	0.0	0.014914055614598642	0.0	1.0
0.0	0.032286423429316424	0.012571955324071564	0.13976010186941992	0.0	0.045612360650140835	0.03670336147302705	0.01947754122784063	0.026457639390253303	0.0	0.0	0.02110964015454383	0.07268810108252502	0.01797379393703019	0.04200325578475009	0.0	1.0	0.009853905012685788	0.030312536302327026	0.0	0.017518553766443096	0.0	1.0
0.0	0.03238708415623112	0.030987551784231165	0.13933577036389305	0.0	0.07560109260337769	0.051574712466410086	0.033614914468356266	0.013261044689686335	0.0	0.0	0.03164261049986791	0.06556007245185992	0.026751650637443794	0.04198190520180097	0.0	1.0	0.007560987428711429	0.025915431854798943	0.0	0.014897710483830005	0.0	1.0
0.0	0.03248841969215167	0.0127341620648312	0.1388720927375295	0.0	0.06083383262922726	0.04764515791756649	0.019477541227837687	0.02625800323180886	0.0	0.0	0.021222035860737242	0.06554106479201222	0.018068232316336807	0.041944885472438485	0.0	1.0	0.012734031926122234	0.030246763744290847	0.0	0.01749765786265006	0.0	1.0
0.0	0.03259043713044465	0.031150945781239645	0.13848883947607368	0.0	0.07674906918760237	0.06708149612719848	0.0332809996526522	0.013063388850177935	0.0	0.0	0.03175600821298524	0.06343944548713877	0.026846949013853164	0.049806367243036935	0.0	1.0	0.0075609874287110345	0.02584253827625265	0.0	0.014871879092316352	0.0	1.0
0.0	0.03269314366658155	0.012898756340422268	0.13806565250047279	0.0	0.06123611826633457	0.05225785119705312	0.019147800347327153	0.0260622945949574	0.0	0.0	0.021336444569874016	0.06343280541779822	0.01816439830283828	0.041933941656777295	0.0	1.0	0.012734031926121693	0.030186368546508028	0.0	0.01606409139545629	0.0	1.0
0.0	0.03279654660000737	0.03131675354917492	0.13766193088161796	0.0	0.07715716163982715	0.06711227204477856	0.032955354932143376	0.012869594662167345	0.0	0.0	0.031871437044097006	0.06343011107249082	0.026943990340550415	0.04977790450316469	0.0	1.0	0.0074308911507949505	0.02578076916892883	0.0	0.013440471898844722	0.0	1.0
0.0	0.0329006533360499	0.013065791009433399	0.11982988300968674	0.0	0.06195411295040254	0.052316244592077885	0.01882617593200235	0.025870382218812125	0.0	0.0	0.02145290278811447	0.06337821135002082	0.018262322818953	0.04192138712946831	0.0	1.0	0.012605592925631414	0.030144298406528318	0.0	0.01605427099771228	0.0	1.0
0.0	0.03300547138787223	0.031485028726584666	0.13699716449031094	0.0	0.07769617155854543	0.06720614763131041	0.032637676828650646	0.012679531635953114	0.0	0.0	0.031930327834891026	0.06337089221575515	0.027042806016443027	0.04191482397733256	0.0	1.0	0.009063940164054048	0.025775100155468755	0.0	0.013435742081670829	0.0	1.0
0.0	0.03311100837846834	0.013235320504858157	0.11954776468256068	0.0	0.0620333003447521	0.052382835570624814	0.018512371951702515	0.025682135815668056	0.0	0.0	0.02147272336971381	0.06335472456818575	0.0183620377481926	0.04191097280459722	0.0	1.0	0.01273403192612139	0.03010023940578433	0.0	0.016052897631950745	0.0	1.0
0.0	0.033217272042703985	0.031655826555720135	0.13686346917057793	0.0	0.08400199940710912	0.0672458541652362	0.03232767653292782	0.012493069207870529	0.0	0.0	0.02146259351553262	0.06328093635880151	0.027143428417925296	0.049757303134196754	0.0	1.0	0.007560987428710624	0.025718306962418322	0.0	0.01343500425544166	0.0	1.0
0.0	0.03332427022940324	0.013407400893350997	0.11938230416535983	0.0	0.06840548554020928	0.05242092815399316	0.018206106599248623	0.02549742395502581	0.0	0.0	0.021451382063611475	0.06326706379485925	0.018463575968305414	0.041886371135895537	0.0	1.0	0.012734031926121912	0.030050168970679476	0.0	0.01343073611266074	0.0	1.0
0.0	0.03343201090348261	0.03182920394312731	0.11926216105603266	0.0	0.0842212351403485	0.06728380878849019	0.03202507902892349	0.012310074510751693	0.0	0.0	0.021439000375751048	0.05617390913541708	0.027245890932760974	0.049720317679940396	0.0	1.0	0.007560987428711331	0.025685713010697324	0.0	0.013428775943281407	0.0	1.0
0.0	0.03354050214813333	0.01358208993718927	0.13642537505373323	0.0	0.06851027953757415	0.05244593165062995	0.017907111446351265	0.02531611156682802	0.0	0.0	0.0214292933290733	0.052041614551302	0.01856697138594775	0.041844376876681945	0.0	1.0	0.012605592925632854	0.030037478089582518	0.0	0.016045017746314776	0.0	1.0
0.0	0.03364975216705374	0.032005219523015674	0.1187275845748475	0.0	0.08422376288597458	0.052479031745530653	0.03172962228000111	0.0121304095636442	0.0	0.0	0.02140076138871095	0.04246741446371977	0.027350227995564195	0.04181974052723971	0.0	1.0	0.00730407796043943	0.025657695341543618	0.0	0.013423696536820328	0.0	1.0
0.0	0.033759769286732494	0.013759447159086273	0.13591303932022109	0.0	0.06849800232764927	0.05248497677170455	0.017615130658868935	0.02513805686053583	0.0	0.0	0.03187708365017081	0.052126810664699784	0.018672258972910905	0.04180770279429356	0.0	1.0	0.01597544705644871	0.030010186419322776	0.0	0.013422151313067107	0.0	1.0
0.0	0.033870561958784545	0.0321839337235546	0.11818227545872656	0.0	0.08429840959610052	0.06733959299973648	0.03144105647201856	0.011953927925086823	0.0	0.0	0.021385892653846193	0.042559602037471535	0.027456475124785325	0.04966391558546046	0.0	1.0	0.0074308911507968735	0.025631684668541793	0.0	0.010828426988091597	0.0	1.0
0.0	0.01475824542900752	0.013939533910010467	0.13538952025914106	0.0	0.06870360871607964	0.05272881400618734	0.017329920266540982	0.02496310792007174	0.0	0.0	0.02138445473221908	0.05221645352830589	0.018779474804037636	0.03396984108959679	0.0	1.0	0.012865817766090054	0.02999155477220002	0.0	0.013453850508828592	0.0	1.0
0.0	0.03406241509541966	0.0323654088362563	0.11769777423526899	0.0	0.08455399198662816	0.06764193727857178	0.031159143308591444	0.011780472138377645	0.0	0.0	0.01091417521782383	0.04260657556392506	0.02756466896155633	0.04188722117416015	0.0	1.0	0.007560987428712491	0.02562244469749022	0.0	0.010833142620987338	0.0	1.0
0.0	0.014951585752902542	0.014122413440175015	0.11657505696787007	0.0	0.0689640331848847	0.05338632501032076	0.017051247482694747	0.024791100017252054	0.0	0.0	0.03186706463902199	0.05222012214817908	0.018888656096875265	0.034065450256430756	0.0	1.0	0.012734031926123377	0.02998607413156393	0.0	0.013463393542949332	0.0	1.0
0.0	0.03425725988533512	0.032549709088615444	0.13393262778504264	0.0	0.08481152910301677	0.056598816381408845	0.03088365535419266	0.011609868003659865	0.0	0.0	0.021397398322064932	0.04266449407750334	0.027674847310219314	0.0419567508941799	0.0	1.0	0.007560987428712578	0.025614863361722383	0.0	0.010847340109274099	0.0	1.0
0.0	0.015147952556647228	0.014308150973372215	0.11618465756109697	0.0	0.06912867693176983	0.05665887822257357	0.016778890069703022	0.024621849761218995	0.0	0.0	0.031881515583679285	0.05233315026824626	0.01899984125317263	0.034093838316720394	0.0	1.0	0.012734031926123539	0.02997330475546352	0.0	0.013471686220806751	0.0	1.0
0.0	0.03445516652503876	0.032736900720185494	0.11608923187887124	0.0	0.08498695016643042	0.05682396564531888	0.030614375420930318	0.011441923103038735	0.0	0.0	0.02143106086639134	0.04280197342060164	0.02778704918078764	0.04201908964614132	0.0	1.0	0.007560987428712621	0.02559404897187361	0.0	0.010849957039904557	0.0	1.0
0.0	0.015347417134157597	0.014496813784839378	0.1335325753413419	0.0	0.06941750550742776	0.056849186729665074	0.01651263574601848	0.02445515343732911	0.0	0.0	0.021399125953120324	0.052424505515419405	0.019113069902317616	0.03465996567973937	0.0	1.0	0.01273403192612359	0.029946974315943033	0.0	0.013478668001523857	0.0	1.0
0.0	0.034656207427447516	0.032927052062282886	0.1159992828687001	0.0	0.08516103516806174	0.0717431405026023	0.030351095994727406	0.011276422195110776	0.0	0.0	0.021404591217806697	0.04282975658078351	0.027901314833393403	0.042548631280481336	0.0	1.0	0.007304077960439919	0.025574107451285983	0.0	0.010858247096078778	0.0	1.0
0.0	0.015550053039457785	0.01468847128285302	0.1332096553756839	0.0	0.06944906770859233	0.05709408993593648	0.01625228163028382	0.02429062220969347	0.0	0.0	0.010978202720928587	0.0524337142795205	0.019228382946822557	0.03564890964299186	0.0	1.0	0.012480374869746583	0.029930451467467284	0.0	0.013484463744695814	0.0	1.0
0.0	0.03486045731032676	0.03312023362152414	0.11566846926295402	0.0	0.08517878250717918	0.05730257852783593	0.030093618696031277	0.011113001708189386	0.0	0.0	0.021523904663261526	0.042923153534846624	0.02801768582483655	0.04353024855175695	0.0	1.0	0.007180425130251496	0.02555455690488779	0.0	0.010876847387183294	0.0	1.0
0.0	0.034979829510564164	0.014883195094262662	0.11555977611514504	0.0	0.06952530137292914	0.05730431382942706	0.01599763371702432	0.02412842745027813	0.0	0.0	0.02160187042548103	0.052627766490401094	0.01934582260996339	0.03576058084373848	0.0	1.0	0.012358258099560468	0.029901332151098768	0.0	0.013502559073861341	0.0	1.0
0.0	0.03510008660008547	0.03331651816741231	0.13292298307558964	0.0	0.08537572035568226	0.07214277720807827	0.029841753768499953	0.010951802606246164	0.0	0.0	0.02168041940246422	0.043048859279193545	0.02813620505734733	0.04363847103747204	0.0	1.0	0.007059815974512079	0.025527147877732626	0.0	0.010889895643555678	0.0	1.0
0.0	0.03522123887766733	0.01508105915418808	0.1153179079953115	0.0	0.06966489398658905	0.057402719354576894	0.01574850637571047	0.02396814888412728	0.0	0.0	0.021759558278999627	0.052727417867926556	0.019465432485698653	0.03580368843797307	0.0	1.0	0.012239133826758519	0.029866733056527057	0.0	0.013515635064003082	0.0	1.0
0.0	0.0353432968061531	0.03351598082420497	0.11523078004579264	0.0	0.08554487994969948	0.05745067790571676	0.029595319586158512	0.010792381934516895	0.0	0.0	0.021839293843767094	0.04324028030313034	0.02825691682969002	0.04375395028440389	0.0	1.0	0.007061270418549839	0.02547775000056931	0.0	0.010904327954043537	0.0	1.0
0.0	0.016242377682438337	0.01528213980011938	0.13257842680078386	0.0	0.06987047830509112	0.05751706848880077	0.015504721869093237	0.023809494065842464	0.0	0.0	0.0219196329913858	0.052906010109592956	0.01958725759098741	0.03590918777784622	0.0	1.0	0.012361164967492969	0.029819291514179065	0.0	0.013536610558492906	0.0	1.0
0.0	0.03555807899646647	0.03371869916730988	0.11487970498202364	0.0	0.08572117599211214	0.07346047696280851	0.029354142194247132	0.010634418197197206	0.0	0.0	0.022000582724511088	0.04338727309402784	0.028379866890730323	0.043769224262788065	0.0	1.0	0.007184786369011282	0.025443677980302372	0.0	0.010915700272121406	0.0	1.0
0.0	0.016458917676853903	0.015486515870674532	0.13221918585767148	0.0	0.07004806905451959	0.05862416092669159	0.015266109926359931	0.023652115213509718	0.0	0.0	0.022082150155982035	0.053029921832536096	0.019711344420645788	0.03590900855575265	0.0	1.0	0.012377980526757662	0.029811626628458744	0.0	0.013553722856287177	0.0	1.0
0.0	0.035776398384036096	0.033924753324472465	0.11464326844253274	0.0	0.07011071774216926	0.07352410364596734	0.029118054908246257	0.0104775396402557	0.0	0.0	0.02216434251102053	0.04347623217172642	0.02850510249561548	0.043836177505621216	0.0	1.0	0.0070868704902450575	0.02544203074862779	0.0	0.010943873110128378	0.0	1.0
0.0	0.016679038402360617	0.01569426880928656	0.11462763849797347	0.0	0.07018058182968216	0.058716674661167	0.015032507349855636	0.023495608395842645	0.0	0.0	0.02224716712948422	0.05311328133966683	0.01983774100488151	0.03599027567319015	0.0	1.0	0.012379964765541271	0.02979932495339275	0.0	0.013560687460217026	0.0	1.0
0.0	0.03599834275537611	0.034134226082035146	0.1320860133899988	0.0	0.0702577679408252	0.05882449857874149	0.028886897916061638	0.010321306737642501	0.0	0.0	0.022330631468173795	0.04350189166923917	0.028632672464704186	0.04390964839871008	0.0	1.0	0.007200517854545272	0.025417770051326703	0.0	0.010959121655608839	0.0	1.0
0.0	0.016902829098111048	0.01590548277311018	0.11438374280619505	0.0	0.07034238981819484	0.05890432950097986	0.014803757613977505	0.023339494628181613	0.0	0.0	0.022414743103197382	0.0531493166966347	0.019966496969664814	0.03607417530745348	0.0	1.0	0.011581370762398686	0.02976974768482173	0.0	0.01358589842375011	0.0	1.0
0.0	0.036224002832552865	0.03434720299656907	0.11417633016325235	0.0	0.08613703783091141	0.058942482040669514	0.028660517879458197	0.010165197006114506	0.0	0.0	0.02249950973239243	0.04500312190879129	0.028762627245415538	0.04395801115023323	0.0	1.0	0.006547762212333725	0.025410417478618146	0.0	0.010970930976400319	0.0	1.0
0.0	0.017130382000123144	0.016120244747458705	0.13153451766310675	0.0	0.07050834935997914	0.05896135082602086	0.01457971046957899	0.023183202465625274	0.0	0.0	0.012099179177807926	0.054657789617617074	0.02009766360008396	0.03612781469609422	0.0	1.0	0.011790671213818427	0.029784853901095483	0.0	0.013590725454607695	0.0	1.0
0.0	0.03645347239735908	0.03456377251219844	0.11404600622315601	0.0	0.0863185923871407	0.05901388501182863	0.02843876754084028	0.010008592660921998	0.0	0.0	0.022653533945843726	0.045153007556748954	0.028895018977137917	0.04398375674500043	0.0	1.0	0.006555347707648753	0.02543138690915515	0.0	0.010980201546189719	0.0	1.0
0.0	0.017361792468596655	0.016338644666101416	0.1315095740052143	0.0	0.07070578076206432	0.059133150021015345	0.01436022155281287	0.023026057004915872	0.0	0.0	0.02274025445284359	0.05480154351484791	0.020231293906884006	0.03613930783990807	0.0	1.0	0.01179784484420653	0.02980947226209292	0.0	0.013671818879497153	0.0	1.0
0.0	0.03668684842186651	0.03478402608396003	0.11401101390191075	0.0	0.08653219967830562	0.0592816183189795	0.028221505329819645	0.00985075031160097	0.0	0.0	0.022827661719029085	0.04530828032386256	0.029029901559441233	0.044017180273218146	0.0	1.0	0.006563448570486055	0.025474290277616916	0.0	0.011079194174982994	0.0	1.0
0.0	0.017597159121797955	0.016560775537776594	0.13146547576989676	0.0	0.07093588099487697	0.05940436853957273	0.01414515198684042	0.022867243984178196	0.0	0.0	0.022915764087398722	0.054909138627775425	0.02036744269635789	0.0361665923496172	0.0	1.0	0.011806433207732179	0.02987240907152426	0.0	0.013705426309992792	0.0	1.0
0.0	0.03692423120574237	0.035008058307564024	0.11398475723318509	0.0	0.07107665955262922	0.05960118218954725	0.028008594958848037	0.0096907861042397	0.0	0.0	0.023004570038515783	0.04533948238304656	0.029167330723698984	0.044048082817243865	0.0	1.0	0.0065635367555523325	0.025542178271814136	0.0	0.011102989195680351	0.0	1.0
0.0	0.017836583976911853	0.03513681357929839	0.13141424980196925	0.0	0.07122607848435107	0.05992430440006041	0.013934367970141758	0.022705799757318533	0.0	0.0	0.023094088193388013	0.05506719494524358	0.020506166643782284	0.03618400047334988	0.0	1.0	0.01180268273911805	0.029945357489446954	0.0	0.01374045175722902	0.0	1.0
0.0	0.037165724520743904	0.03526660158015536	0.11392441628555626	0.0	0.0870868007797825	0.059991169735897285	0.0277999050030154	0.009527658066038867	0.0	0.0	0.02318432731642005	0.045500964716235014	0.02930736410838856	0.04407175723490898	0.0	1.0	0.006567800676254131	0.02562030428547607	0.0	0.011123050892012588	0.0	1.0
0.0	0.01808017259828936	0.03539743533647312	0.13135482191225678	0.0	0.07152553990826621	0.060074438031644854	0.027755512921400827	0.022540600775045598	0.0	0.0	0.023275296318442038	0.0551477647502264	0.020647524370624462	0.03621261427808367	0.0	1.0	0.006575756773649975	0.03002878735233001	0.0	0.01374535922369782	0.0	1.0
0.0	0.0374114357628335	0.035529328099523	0.11389964564965636	0.0	0.07170217444481479	0.06032904556272552	0.041717940395777045	0.009360334614381106	0.0	0.0	0.023367004259815135	0.05520387812548476	0.029450061338263105	0.04415505653628909	0.0	1.0	0.011819789485508068	0.025709174871765068	0.0	0.011174580315704757	0.0	1.0
0.0	0.018328034253548807	0.017312213350443653	0.13134052091679388	0.0	0.07188829353780783	0.06034106281517906	0.027744328792537708	0.0223706919632497	0.0	0.0	0.023459460353618206	0.055265347365927364	0.020791576525741248	0.03632350612754344	0.0	1.0	0.006575603717227308	0.030123248238070374	0.0	0.013871500609438956	0.0	1.0
0.0	0.037661476112388764	0.03576571028109858	0.11385762706153035	0.0	0.07208413942625388	0.06035785931464429	0.027754405741700506	0.009187967879273578	0.0	0.0	0.02355267396891619	0.05533226751468957	0.029595484107637682	0.0442484038645279	0.0	1.0	0.01181959423960197	0.025808976168082035	0.0	0.011390422238927136	0.0	1.0
0.0	0.01858028207802182	0.035900759439501745	0.1138199560539863	0.0	0.07228996817226316	0.060379474693718176	0.02776718811787539	0.022195207999250424	0.0	0.0	0.0236466546341145	0.05540474386157613	0.02093838587081335	0.036450309025416135	0.0	1.0	0.006586465535795201	0.030224640953762583	0.0	0.014042024688085904	0.0	1.0
0.0	0.037915960703015755	0.03603692244486632	0.11375478481203792	0.0	0.08820851966744757	0.06040595188645023	0.04174045787546435	0.009009649191582595	0.0	0.0	0.02374141204040021	0.0555465522023695	0.02974369626803622	0.04439410600490605	0.0	1.0	0.011793995176314511	0.025910314226464053	0.0	0.011527052438430184	0.0	1.0
0.0	0.018837033248070338	0.03617421374636749	0.13117785222736594	0.0	0.07270658855632796	0.06043733721791161	0.0277778119702365	0.02201357089583604	0.0	0.0	0.023836956045274717	0.055690436170718775	0.021088017370273292	0.03659964985320705	0.0	1.0	0.006501131264475153	0.030327708446982626	0.0	0.014399903902623922	0.0	1.0
0.0	0.03817500879951108	0.03631264804974012	0.11369788601801617	0.0	0.0729441391884072	0.06047368050051615	0.041756731604420505	0.015525784494223897	0.0	0.0	0.023933296676178724	0.05583642497286191	0.029894763920471187	0.04449946694881471	0.0	1.0	0.011685907253221895	0.026015130061662048	0.0	0.011826128952555855	0.0	1.0
0.0	0.019098409163839904	0.01810216032306395	0.13114242117706323	0.0	0.07319285143965047	0.060515035137405575	0.027799812438419776	0.008912474430522104	0.0	0.0	0.024030444134214325	0.05593290408514275	0.021240538286008658	0.03666733482004915	0.0	1.0	0.0063942705379887565	0.03043429203365454	0.0	0.01449149008489038	0.0	1.0
0.0	0.03843874398555783	0.036562371278500656	0.11363799646436629	0.0	0.08915553283208481	0.06056145823330844	0.027826788568898832	0.022031556968582347	0.0	0.0	0.024128408797965357	0.05617272864991054	0.03004875551264364	0.04453617250938309	0.0	1.0	0.011684678742697057	0.026123501323697083	0.0	0.011907005911775879	0.0	1.0
0.0	0.019364535642055043	0.018354143018626402	0.13109365573722787	0.0	0.07369904975859713	0.06061301071322497	0.027856688720294755	0.008957110816639344	0.0	0.0	0.02422720122742108	0.05677098207068466	0.021396018277136275	0.03668919043514064	0.0	1.0	0.006498720101239799	0.030544471421817546	0.0	0.014585682814413341	0.0	1.0
0.0	0.03870729436178366	0.03681664422820939	0.113617189764421	0.0	0.08968591198152003	0.06066975744944603	0.04184730559731384	0.022069518993642744	0.0	0.0	0.02432683216800442	0.056992735279029545	0.03020574194137083	0.04502225021276652	0.0	1.0	0.011790396177836431	0.026235509828574297	0.0	0.012013033850487576	0.0	1.0
0.0	0.019635543119509262	0.018610737574164142	0.11358544349867733	0.0	0.07425438888692366	0.06073176739724126	0.027902248794361477	0.0089882554454638	0.0	0.0	0.024427312554709965	0.05768817482710591	0.021554529505167362	0.037263365129464376	0.0	1.0	0.006605673997608644	0.030658330587242096	0.0	0.014678020862041634	0.0	1.0
0.0	0.03898079275485705	0.03707559231864789	0.13101546608273668	0.0	0.07456456681496247	0.060799113739872616	0.041899014328647705	0.022092846923553313	0.0	0.0	0.024528653516353832	0.0594163623063927	0.030365796660580847	0.04522673202636784	0.0	1.0	0.01189860835533878	0.02635124176555051	0.0	0.012103451833015227	0.0	1.0
0.0	0.019911566867948753	0.01887207171938015	0.11354073395234543	0.0	0.07488825547359951	0.0608718740435205	0.02796020387410731	0.009003663313180445	0.0	0.0	0.02463086637993977	0.05999824400142829	0.021716146744909473	0.03764830059744558	0.0	1.0	0.006715166792595988	0.030775957988388315	0.0	0.01502112668007899	0.0	1.0
0.0	0.03925937693834716	0.03733934564311593	0.13099605910013362	0.0	0.07522593148833069	0.06095013042282857	0.02800556686147317	0.022099203550233516	0.0	0.0	0.024733962675144917	0.0601221863013291	0.030528995795205013	0.04626458426228535	0.0	1.0	0.012009404635980638	0.026470787920079564	0.0	0.015079582662519141	0.0	1.0
0.0	0.020192747221104083	0.019138277966355442	0.11351622257162203	0.0	0.07557810026285804	0.06103396971761551	0.02810737526868553	0.009000869650474665	0.0	0.0	0.024837954138929336	0.0602539355293842	0.021880947501477233	0.03858657227447769	0.0	1.0	0.006827289974802597	0.030897446797647846	0.0	0.015129970686829601	0.0	1.0
0.0	0.03954318986612981	0.037608039189219525	0.1134996188159301	0.0	0.07594529800188027	0.06112348368005311	0.042113412911307026	0.02208592085130994	0.0	0.0	0.02494285272027301	0.06039370214240187	0.030695418261415905	0.04669081306119451	0.0	1.0	0.012122878699900731	0.026594243913674688	0.0	0.015239729016270825	0.0	1.0
0.0	0.020479229814680304	0.019409493836575385	0.13092200935390874	0.0	0.07638520520383382	0.06121876917658555	0.028234373682270022	0.008977053134238756	0.0	0.0	0.025048670585044674	0.060541709979663634	0.0220490121338169	0.039252003822151216	0.0	1.0	0.0069421394819217525	0.031022895150169177	0.0	0.016215525214841483	0.0	1.0
0.0	0.03983237991918025	0.0378818130723423	0.11350224643082751	0.0	0.09266056838653161	0.06131992840024441	0.04229496021709715	0.022050120861445664	0.0	0.0	0.025155420121007122	0.06069819709920082	0.03086514589353432	0.04724665741474572	0.0	1.0	0.0122391288107653	0.026721710462056403	0.0	0.016243391400207814	0.0	1.0
0.0	0.02077116584017929	0.019685862101061345	0.09610679523336026	0.0	0.07722946438124824	0.06142706910148846	0.028417735867643696	0.00892922202984174	0.0	0.0	0.02526311394296278	0.06086341545540025	0.022220423985138696	0.03947604780263505	0.0	1.0	0.007059815974514834	0.03115240641170326	0.0	0.016270739702450722	0.0	1.0
0.0	0.04012710116666006	0.03816081278266112	0.11385697387939517	0.0	0.0934876923052985	0.06154030482767049	0.028522398583818838	0.021988570504379454	0.0	0.0	0.02537176489804488	0.06101332918356372	0.03103826357811134	0.04736136175091922	0.0	1.0	0.012358258099563306	0.026853293653090225	0.0	0.01629122386705776	0.0	1.0
0.0	0.021068712313495545	0.019967531034502002	0.09670017954926444	0.0	0.078581247843886	0.06165975518842451	0.02862794980944695	0.00885400463205585	0.0	0.0	0.02548138607115863	0.06116572904987194	0.022395269520755233	0.03960134184724556	0.0	1.0	0.007180425130254476	0.03146482726227965	0.0	0.01631451126895928	0.0	1.0
0.0	0.04042751364227573	0.03844518944663364	0.11434301118785689	0.0	0.09462056617396518	0.06178554612452074	0.04269213508879223	0.021897827196378193	0.0	0.0	0.025591990790577918	0.06122093639058377	0.0312148593956457	0.047727506660496806	0.0	1.0	0.012480374869749799	0.027204935271286763	0.0	0.01633954883589683	0.0	1.0
0.0	0.02137203235930122	0.020254654684347416	0.09713051694013283	0.0	0.07923430343698369	0.06191781021438327	0.028818539951419482	0.008747814731885514	0.0	0.0	0.025703592633702112	0.061329613378596895	0.02257363847380934	0.03996391612427739	0.0	1.0	0.007304077960443439	0.03167758911810083	0.0	0.01634189773224195	0.0	1.0
0.0	0.04073378363696441	0.03873510010395946	0.11459863197967063	0.0	0.07971642734292678	0.06205668697492737	0.04288459640211342	0.02177406619219625	0.0	0.0	0.025816205432979078	0.06135947384163565	0.03139502477045083	0.04792924576721862	0.0	1.0	0.012605592925637576	0.02742111723200605	0.0	0.016346070789551307	0.0	1.0
0.0	0.02168129551231717	0.02054739315590754	0.09712701467546532	0.0	0.08007141107411643	0.062202323218574905	0.02901289096699406	0.008606790185667304	0.0	0.0	0.025929843281999532	0.06159209991211155	0.02275562399941814	0.04118676719982741	0.0	1.0	0.007316041643681928	0.031897255247698514	0.0	0.016388384843147946	0.0	1.0
0.0	0.041046084009045886	0.03903070800109662	0.09714737810828852	0.0	0.0969990384031276	0.062354873385092324	0.029123092457665853	0.021613438883128066	0.0	0.0	0.026044520541768916	0.0619367046760759	0.031578854629224405	0.04924254650169212	0.0	1.0	0.012009404635980825	0.027644333514207756	0.0	0.01641145389661354	0.0	1.0
0.0	0.021996678036653804	0.02084591291457879	0.09711863587764598	0.0	0.0817991567843218	0.06251449996460488	0.02923423304060182	0.00842686792285775	0.0	0.0	0.02616025184716282	0.06269722893543143	0.02294132283781788	0.04150196269545773	0.0	1.0	0.007313135395012912	0.03212018062251204	0.0	0.01645188376253816	0.0	1.0
0.0	0.041364594513072506	0.03933218290250198	0.11455172614244291	0.0	0.09796420851526624	0.06268137385807673	0.04330402077626362	0.021411701391897242	0.0	0.0	0.026277052113572338	0.06293209836491483	0.03176644756891837	0.0494351744426274	0.0	1.0	0.012502117306614019	0.028081610744355667	0.0	0.01649254942890883	0.0	1.0
0.0	0.022318363264502906	0.0211503871064146	0.09707552733343676	0.0	0.0826274095758375	0.06284252593554115	0.02943607470106446	0.008203721492257888	0.0	0.0	0.026394936543745667	0.06316863338426637	0.023130835487120048	0.04164588660099433	0.0	1.0	0.007315000628565289	0.03311988311226099	0.0	0.016534278955866188	0.0	1.0
0.0	0.04168950214870899	0.039639701420860984	0.0971050040570332	0.0	0.09872826933076535	0.06355737966169045	0.04350778819272065	0.021164289164067346	0.0	0.0	0.02651392063483337	0.06353545808294989	0.031957906034564325	0.04969642759455809	0.0	1.0	0.012610203987055101	0.028807605141811323	0.0	0.016576670694155717	0.0	1.0
0.0	0.022646541955565473	0.021460995898355893	0.0796686861267321	0.0	0.08340477963406014	0.0642378291207691	0.029641780199043708	0.007932408908259986	0.0	0.0	0.026634020185644015	0.06378802441887678	0.023324266386385517	0.04188705504256712	0.0	1.0	0.007307150800593565	0.0289674459009145	0.0	0.01661973323316077	0.0	1.0
0.0	0.04202100153108347	0.039953447367674394	0.11461193171478226	0.0	0.08381672983167271	0.06461802475993501	0.0297576763978616	0.02086601481421479	0.0	0.0	0.026755251304117596	0.06402300191564243	0.032153336507753795	0.04985144691532925	0.0	1.0	0.012529114458570904	0.03347245528861714	0.0	0.016663475401910773	0.0	1.0
0.0	0.042205306012049554	0.021777926839545235	0.09714497423584503	0.0	0.0842356117566637	0.06511771599785754	0.029874549451318476	0.007607800054688089	0.0	0.0	0.026877630415024986	0.06464425355894075	0.023521724109695944	0.042151926310182455	0.0	1.0	0.0073072383206184074	0.029252516544249662	0.0	0.016709165575435662	0.0	1.0
0.0	0.04239138859524527	0.040273612125686226	0.11464365462789286	0.0	0.08466156173474922	0.06540066619354737	0.04395005481849572	0.020511085844111147	0.0	0.0	0.027001174267900694	0.06500816787233175	0.03235284970651985	0.0501105012363752	0.0	1.0	0.012605592925644244	0.029407740772039694	0.0	0.016758036775417633	0.0	1.0
0.0	0.04257927619742605	0.02210137524526983	0.09720140435134872	0.0	0.08509472076243153	0.06568755789174828	0.030087862905035134	0.00722377174401595	0.0	0.0	0.027125899945218135	0.06567673661825787	0.023723321572044653	0.04225829986254869	0.0	1.0	0.0074308911508083305	0.029569279331330044	0.0	0.01681012802525097	0.0	1.0
0.0	0.04276899629140471	0.04060039504475982	0.11464845333047502	0.0	0.1012377039126252	0.06597846092707532	0.044165302200392526	0.020093915743655565	0.0	0.0	0.027251824870815504	0.06592527527329758	0.032556560797439946	0.05039340257048404	0.0	1.0	0.012614902637337434	0.03409916118316983	0.0	0.016819041281772515	0.0	1.0
0.0	0.042960576920613475	0.022431544605207084	0.09723326115389327	0.0	0.08595717060667327	0.0662734454848562	0.030305055579808827	0.006774597689492829	0.0	0.0	0.027378966818581738	0.0661919720697503	0.02392917624788688	0.05083655599471356	0.0	1.0	0.007318065528876712	0.029864321447115125	0.0	0.016851932670146733	0.0	1.0
0.0	0.04315404671413241	0.04093400386294763	0.11471130757144679	0.0	0.08641293885977187	0.06657258395872288	0.03042666959042534	0.019608323253596648	0.0	0.0	0.027507343921411916	0.06635871172935341	0.03276458962086709	0.05097796344367624	0.0	1.0	0.012611630368788918	0.030041869399165085	0.0	0.016917599551553166	0.0	1.0
0.0	0.04334943490219365	0.02276864701779175	0.09728196462771546	0.0	0.08687653033541937	0.0668759512856911	0.030549295701430577	0.00625389457227025	0.0	0.0	0.027636974680441937	0.06653672885338036	0.024139410403283983	0.051316303093583066	0.0	1.0	0.006827289974812771	0.030179710394590855	0.0	0.016973262997490347	0.0	1.0
0.0	0.04354677133218691	0.04127465515464915	0.11475592166804231	0.0	0.08734811241395292	0.06718362397056045	0.04463049358741286	0.019047448354569386	0.0	0.0	0.027767877974572974	0.06682104274763202	0.03297706093023588	0.05312451475369768	0.0	1.0	0.01273403192614038	0.034681887611392626	0.0	0.017236443752940825	0.0	1.0
0.0	0.04374608648517826	0.0231129036526797	0.09733181108028312	0.0	0.08782785843765621	0.06749568143720569	0.030774030350871198	0.005654498593213066	0.0	0.0	0.027900073070296016	0.06700251769161174	0.024354151342630883	0.05447978169963521	0.0	1.0	0.008542948058661745	0.030455820602723734	0.0	0.017353668908156452	0.0	1.0
0.0	0.04394741149296813	0.041622574807917354	0.09801857312186088	0.0	0.0883159479696836	0.06781220490626966	0.044857120417947934	0.01840172619675936	0.0	0.0	0.028033579631828565	0.06761900543159712	0.03319410464648378	0.05475451584768484	0.0	1.0	0.007490576374025474	0.030614657679839376	0.0	0.0174843357277891	0.0	1.0
0.0	0.044150778155702605	0.04181462524345707	0.11719753621343139	0.0	0.08881256706772028	0.06813327883896268	0.031002561942249963	0.004966289684494477	0.0	0.0	0.028168417731573733	0.06809798519320143	0.02457353167106152	0.05516510570820719	0.0	1.0	0.012730335681414406	0.030749840487697307	0.0	0.017582869197852753	0.0	1.0
0.0	0.04435621896006635	0.04200863305736206	0.10034775941890711	0.0	0.08931790857336945	0.06845898920610952	0.031129773001452244	0.017667175153074213	0.0	0.0	0.02830460786091602	0.06893479930572104	0.033415856128739194	0.056007114966946145	0.0	1.0	0.007488179932755021	0.032747682196676356	0.0	0.017907288110002046	0.0	1.0
0.0	0.044563767098071444	0.04220462959374302	0.10098677967732342	0.0	0.08983217241833613	0.06878942601906153	0.04523904508039551	0.0041856409601857235	0.0	0.0	0.028442170941363795	0.06937064261042693	0.02479768957372163	0.05707074830193367	0.0	1.0	0.012730026206934928	0.03284519113755378	0.0	0.018625224768323807	0.0	1.0
0.0	0.04477345648647474	0.042402646882117784	0.11908585791821301	0.0	0.09035556594856425	0.06912468045091605	0.0453680971540357	0.016834034254775046	0.0	0.0	0.02858112833605493	0.06982481612064152	0.033642456462500046	0.05723079397554369	0.0	1.0	0.007489520998215494	0.03308012857389178	0.0	0.01874245339381864	0.0	1.0
0.0	0.044985321786837805	0.0426027176564177	0.10227480226569743	0.0	0.0908883042675785	0.06946484846513157	0.04554536214046612	0.0033021296480428217	0.0	0.0	0.028721501861636023	0.07001322193451726	0.02502676911319636	0.05739377867278162	0.0	1.0	0.012728916051667555	0.0332255764874926	0.0	0.01916724602421706	0.0	1.0
0.0	0.04519939842626557	0.04280487537463626	0.12040079467982631	0.0	0.10713307981835166	0.069810026155531	0.0456762951369374	0.01589333050772007	0.0	0.0	0.02886331380053342	0.07038617503940049	0.025150458756679293	0.05755973839889907	0.0	1.0	0.007494855985991724	0.0333160175031852	0.0	0.02476766144765604	0.0	1.0
0.0	0.026191829285505938	0.04300915423913871	0.10385718663235265	0.0	0.0919566328434643	0.07016031046280194	0.04585609738456365	0.0023062594399350985	0.0	0.0	0.029006586913626974	0.07311895758883344	0.025275411566453545	0.05772871030978279	0.0	1.0	0.012727287397763448	0.03351176041424189	0.0	0.025683028759709774	0.0	1.0
0.0	0.04560223807670921	0.04321558921766576	0.1222755339714405	0.0	0.10822133504949868	0.07051580903946213	0.04598886598369288	0.014834750753957073	0.0	0.0	0.029151344453347054	0.07425202361807524	0.02540164746773037	0.057900732740273894	0.0	1.0	0.00748693475816581	0.033712091002271675	0.0	0.02591900807335877	0.0	1.0
0.0	0.026599168608485747	0.043424216065052396	0.10581077054205378	0.0	0.09306530495062246	0.07087663210240404	0.046171179410608575	0.0011868045346575627	0.0	0.0	0.029297610177206366	0.07469999982773767	0.02552918681558113	0.05810554136251631	0.0	1.0	0.0126607755981332	0.03408833409610789	0.0	0.02597181520081239	0.0	1.0
0.0	0.04601415309919027	0.043635071345697274	0.12431157943166093	0.0	0.10935093342191723	0.07124289079505834	0.04630574620181527	0.013645776973632248	0.0	0.0	0.029445408361788855	0.07515920554604963	0.025658050406769183	0.05816164172793896	0.0	1.0	0.007427022990722207	0.03436422532449678	0.0	0.026026261689075205	0.0	1.0
0.0	0.02701573708987797	0.04384819245680606	0.10779310640455068	0.0	0.09421635909940729	0.07161471627843566	0.04649054485131562	0.0	0.0	0.0	0.029594763817208776	0.0756300225828417	0.025788259491987413	0.058300638511156196	0.0	1.0	0.012656807824016264	0.034658118082952355	0.0	0.026088655787698447	0.0	1.0
0.0	0.04643545458122296	0.04406361765244781	0.10819138416682444	0.0	0.09482152477611076	0.07199253291216409	0.046626853875386357	0.013082996852670507	0.0	0.0	0.029745701902063805	0.07666722960530035	0.02591983578851997	0.05954159832920266	0.0	1.0	0.00741991677028065	0.035085559936795276	0.0	0.026110528026655845	0.0	1.0
0.0	0.027441852948213823	0.044281386068449655	0.09117356273089905	0.0	0.09543808279314461	0.07237581290175836	0.04681410053621026	0.0	0.0	0.0	0.029898248538897006	0.07746800032440009	0.026052801493322342	0.05991678022652062	0.0	1.0	0.01266170298753734	0.0364030562047283	0.0	0.026185905844714422	0.0	1.0
0.0	0.04686646807888199	0.04450153774817235	0.10969302081164754	0.0	0.11176880668720417	0.07276500395271442	0.04695209474983566	0.013079971161277768	0.0	0.0	0.030052430230193466	0.07799421220218547	0.026187179296567192	0.061361229800148374	0.0	1.0	0.007423494870466581	0.03739539264700815	0.0	0.026245308225978686	0.0	1.0
0.0	0.0278778492908826	0.04472411366919538	0.10337637083477147	0.0	0.09668052189727033	0.0731602355380643	0.04714174806610397	0.0	0.0	0.0	0.030208274074927717	0.07853476258719545	0.02632299239564356	0.062006468573999406	0.0	1.0	0.01248037486976921	0.0374978138195728	0.0	0.026306409958409556	0.0	1.0
0.0	0.047307534472186094	0.04494915577095712	0.12183129464218503	0.0	0.11306186047645723	0.07356164145066744	0.04728138396314	0.013076537420503746	0.0	0.0	0.030365807785690493	0.0790902159108988	0.026460264509645975	0.06731131933119752	0.0	1.0	0.007694495959414536	0.0378639767646878	0.0	0.026369225719036465	0.0	1.0
0.0	0.047547968333037705	0.0451767069833829	0.10511922363848848	0.0	0.11444221597003097	0.07396935998808837	0.047473405820124256	0.0	0.0	0.0	0.030525059706412727	0.08071718927520712	0.02659901989437197	0.06887517504913189	0.0	1.0	0.012865817766101937	0.03815283360499097	0.0	0.027315616689794125	0.0	1.0
0.0	0.04779110419318752	0.04540681125654914	0.1240261395862696	0.0	0.11512083600286746	0.07438353414746408	0.04761458472130805	0.013072654811949889	0.0	0.0	0.03068605883071735	0.08937336133595912	0.026739283357866586	0.07651967352479128	0.0	1.0	0.007694495959402494	0.04189631366290792	0.0	0.03314181997918477	0.0	1.0
0.0	0.04793480115992567	0.04555523317254093	0.10858492670309344	0.0	0.12590241807041733	0.07485196262984992	0.047861080543903964	0.0	0.0	0.0	0.030770791106830914	0.15858395178151985	0.02680299913705066	0.15367421804596304	0.0	1.0	0.011828555144358788	0.24987237072561308	0.0	0.3185402356126588	0.0	1.0
0.0	0.04888273516423611	0.04647067413315184	0.12981331745881652	0.0	0.1308109953134576	0.07588306412566259	0.04800362376914466	0.013068278530035666	0.0	0.0	0.03144320632644055	0.15924467389750072	0.027394735725537984	0.15997007610489175	0.0	1.0	0.007694495959380586	0.2500059940486386	0.0	0.31855781108503284	0.0	1.0
0.0	0.04890772875438425	0.04654011042460744	0.11739052876514891	0.0	0.4072221639966446	0.07659468025976379	0.05087795986644216	0.0	0.0	0.0	0.03162304149898386	0.1610792167566319	0.033866412404827996	0.1639781878604043	0.0	1.0	0.011266271774979915	0.25376858053377116	0.0	0.3185743282175661	0.0	1.0
0.0	0.05234906746274044	0.04974248481983112	0.13845818328039494	0.0	0.42977728489056516	0.08073752012862977	0.0522267050405956	0.013063359320313231	0.0	0.0	0.033683559140218304	0.16201381041404667	0.03561640622273676	0.16489000452954442	0.0	1.0	0.007694495959352574	0.253858434448748	0.0	0.3186107338883522	0.0	1.0
0.0	0.05249868201003141	0.049837548038716664	0.1213180050255137	0.0	0.46460689834245533	0.08797278751457921	0.07018264980748233	0.0	0.0	0.0	0.03391999435115131	0.16213785800322966	0.035676882925954154	0.1650304174808971	0.0	1.0	0.01063446050609448	0.2538660372885094	0.0	0.32057317708375554	0.0	1.0
0.0	0.056620227982827204	0.054931996037736325	0.14486946842902132	0.0	0.48840246560335343	0.09247885144780793	0.07297895172220963	0.013057842964967143	0.0	0.0	0.03720530644900646	0.166979785681942	0.038525861176603594	0.16764765640741058	0.0	1.0	0.00769449595932896	0.25391337245083057	0.0	0.32283401265341716	0.0	1.0
0.0	0.05685861334539516	0.05510503752880612	0.12785019000603842	0.0	0.5198316325495709	0.09277715839123139	0.08889516438255302	0.0	0.0	0.0	0.03783805527734589	0.16745636211341103	0.03869761159802885	0.1679618778034893	0.0	1.0	0.009666052611322171	0.25393106899019097	0.0	0.32284076845421866	0.0	1.0
0.0	0.06036701323024482	0.058694742018203586	0.15334350771374028	0.0	0.5429387878741162	0.10225335131166809	0.08939073532431452	0.013051669725802448	0.0	0.0	0.043648270736702174	0.17596560034091	0.04642137533651737	0.1734241902497624	0.0	1.0	0.004076757405349938	0.25985787313830266	0.0	0.3228316461272189	0.0	1.0
0.0	0.060412706970687166	0.07742179252613965	0.1510963143818911	0.0	0.5983402404266227	0.12420809647497282	0.08943238885114321	0.0	0.0	0.0	0.04367376482143899	0.1759795717807093	0.0464493319315245	0.17802178827624307	0.0	1.0	0.008709795658932627	0.2584614731047531	0.0	0.3203744400590632	0.0	1.0
0.0	0.06710114007253147	0.07744023580199445	0.17820647244912913	0.0	0.6004025512101681	0.12841669781899312	0.089460419370465	0.013044773725689254	0.0	0.0	0.043874823572014846	0.184839386707672	0.049020280886057276	0.17805021283317618	0.0	1.0	0.0032681357629609584	0.26578682718773794	0.0	0.32034665866709355	0.0	1.0
0.0	0.07167641346179399	0.07863741020264045	0.1607441109728649	0.0	0.6347620331328988	0.19482562037017986	0.08952145878356735	0.0	0.0	0.0	0.052193617161245626	0.18495022987577672	0.05227801447154268	0.18236236884022	0.0	1.0	0.008012358730880189	0.2586433008945994	0.0	0.32033043205533496	0.0	1.0
0.0	0.07179143641794626	0.07872081621648425	0.17867236859491803	0.0	0.6705988696187548	0.22266713677766956	0.0895866207504995	0.01303708223787273	0.0	0.0	0.0526426515867401	0.19458161126365014	0.05334600262831162	0.18716639105247312	0.0	1.0	0.0049176865159153964	0.25938739836337715	0.0	0.3190869612441975	0.0	1.0
0.0	0.07186485110101049	0.09750213248063191	0.1666262890675137	0.0	0.6986055264134644	0.22318840543806864	0.08968725571623024	0.0	0.0	0.0	0.05266408602414079	0.1916412630239435	0.053418571563156235	0.1871756474243015	0.0	1.0	0.013633127030632282	0.2535682317388577	0.0	0.31904061716236504	0.0	1.0
0.0	0.07853164483881525	0.09832092308589771	0.1921571122830428	0.0	0.7042202541317724	0.24395485825955768	0.09033504970703338	0.013028514854318916	0.0	0.0	0.05458601825080683	0.2074188497797114	0.059467435231751825	0.18717596997176442	0.0	1.0	0.008498055174385483	0.2579200977233006	0.0	0.3162195401000478	0.0	1.0
0.0	0.07944214856633253	0.0984846790458252	0.1747073904840378	0.0	0.7049056240137949	0.27048582863649945	0.0906064040111604	0.0	0.0	0.0	0.06265044323989975	0.1978183817010093	0.06022836236681881	0.18132034512992246	0.0	1.0	0.013747289809118289	0.25099897567234947	0.0	0.29649378853085506	0.0	1.0
0.0	0.08108200687270425	0.11292672594525568	0.19240730065351144	0.0	0.7254827803983583	0.31605588466711876	0.09345463034576201	0.013018982523881825	0.0	0.0	0.0630444922471544	0.21023919792590884	0.06621720233153101	0.18914004872154863	0.0	1.0	0.008651193662191442	0.2466493637467093	0.0	0.06130494457203177	0.0	1.0
0.0	0.09633816695716246	0.11305550579950994	0.17499046714582064	0.0	0.7466869418551791	0.3195855009064324	0.110372150739467	0.0	0.0	0.0	0.06343865648800108	0.20067137104785598	0.06636800560974873	0.1812304919497494	0.0	1.0	0.013894421024076738	0.2428188242163971	0.0	0.059323278604464735	0.0	1.0
0.0	0.0963586513826256	0.11309610104899032	0.1992480855884328	0.0	0.7490348007808685	0.33853055199706666	0.12469672387926715	0.013008386454262836	0.0	0.0	0.06391412172308884	0.21073915143120714	0.06642184173528842	0.1865391019830251	0.0	1.0	0.008661014460290793	0.24128196709473473	0.0	0.058079000364144914	0.0	1.0
0.0	0.10457227701624333	0.11316200178432094	0.1818391363011567	0.0	0.7779286303719797	0.351770158553799	0.13181148142755572	0.0	0.0	0.0	0.06395972537414293	0.19524206482903367	0.057814874730791804	0.17606336205128376	0.0	1.0	0.013904508441477474	0.24126679431090364	0.0	0.05805689988270037	0.0	1.0
0.0	0.13925509137457792	0.1132600958898892	0.20321862200474555	0.0	0.7798468023202848	0.3663936499028227	0.1319941000976868	0.012996616795236508	0.0	0.0	0.06438149932100251	0.20480955462529946	0.06656633403828169	0.18372348971735022	0.0	1.0	0.008665587167519983	0.24114246911685638	0.0	0.05542980031467092	0.0	1.0
0.0	0.1364142325495937	0.11327431642617508	0.19976700867799707	0.0	0.8055157144832039	0.3755551441585674	0.14966508784457683	0.0	0.0	0.0	0.06446852234060282	0.19519786159422867	0.05987241506728264	0.16799488830443032	0.0	1.0	0.009535416661046226	0.2406860905728949	0.0	0.05775581231082191	0.0	1.0
0.0	0.16095445633253488	0.11342283140793878	0.21547821513410043	0.0	0.8155046607810824	0.38842894103229514	0.1633319222440229	0.01298355112733499	0.0	0.0	0.07464506699163222	0.2000326242690961	0.0686113579413762	0.17582615493848974	0.0	1.0	0.011177480106876244	0.2400597456653512	0.0	0.053420590551013135	0.0	1.0
0.0	0.14180192521651144	0.09514859968095377	0.19539268453462807	0.0	0.8422868577989062	0.4042552532860188	0.17996411520012673	0.0	0.0	0.0	0.07466862941699536	0.18769676202425456	0.060080600331673756	0.17390471140178107	0.0	1.0	0.008464009812587266	0.2331567156212004	0.0	0.05392414722649993	0.0	1.0
0.0	0.1629425787347771	0.12982171806628912	0.21109192333094962	0.0	0.8430420075243756	0.4501866365735784	0.18588163679515235	0.01296905277342171	0.0	0.0	0.07601890038855272	0.19229106150065478	0.07721315930501932	0.17367161883686089	0.0	1.0	0.013810911267718183	0.21187765618693488	0.0	0.051301734825184894	0.0	1.0
0.0	0.16044713723299428	0.12774573980209417	0.19036294975836732	0.0	0.8572513405071925	0.48842844604929997	0.19445853022340362	0.0	0.0	0.0	0.0816325288020259	0.1736179942212293	0.06877248003218935	0.16609210166997235	0.0	1.0	0.008581357635947732	0.19711263726459186	0.0	0.05594355017705892	0.0	1.0
0.0	0.163615468102656	0.16178351450372278	0.19114726503130708	0.0	0.8826491855572653	0.5097297578147998	0.20860776169608775	0.012952969018661779	0.0	0.0	0.09029192363248274	0.18241762060929348	0.08428016671183977	0.15884496481753063	0.0	1.0	0.014195528193435808	0.17393229393236997	0.0	0.05413863319180643	0.0	1.0
0.0	0.1407907782925972	0.13774269012668647	0.16821597103647495	0.0	0.8877034093089875	0.5489365835492496	0.22157560586676528	0.0	0.0	0.0	0.09380686955810097	0.17521536039918953	0.08057770116875877	0.15178729688625928	0.0	1.0	0.009810904673546826	0.16127612026100277	0.0	0.05678033193550862	0.0	1.0
0.0	0.15179846483709739	0.14627573789470016	0.1765178097119602	0.0	0.8950298153568563	0.5575378122354697	0.22315571002196516	0.012935129947931709	0.0	0.0	0.09395725569630796	0.16760193574446075	0.08958176185701701	0.15025029423431221	0.0	1.0	0.019425543513423023	0.14490191593024918	0.0	0.05472100731431592	0.0	1.0
0.0	0.12179552040035663	0.11329993052356815	0.148490864770492	0.0	1.0	0.5769922359394927	0.2296330214747685	0.0	0.0	0.0	0.10284509593398737	0.16661112593181696	0.08446003812704439	0.1471712695422174	0.0	1.0	0.014529306932168471	0.1271469851672619	0.0	0.05851206370917607	0.0	1.0
0.0	0.12812219243392678	0.1316480011259168	0.1533595683192846	0.0	1.0	0.586574458223515	0.23074131592262379	0.017599431724744933	0.0	0.0	0.09979914694917959	0.166594779911151	0.094254654673008	0.14580476452091196	0.0	1.0	0.01981939223777933	0.12150164875812297	0.0	0.05706670801210837	0.0	1.0
0.0	0.10646361145594527	0.12902047800786448	0.1533145029865518	0.0	1.0	0.6224896092326108	0.24545724834731397	0.01196336405110509	0.0	0.0	0.11952320668185673	0.1661750761697265	0.09323360336006078	0.14310270790482346	0.0	1.0	0.017517866621844378	0.11814272212843716	0.0	0.06089262528780872	0.0	1.0
0.0	0.12474802014487238	0.14362703041392066	0.16848566834292325	0.0	1.0	0.6555117268925205	0.27470108501828566	0.030829406310493326	0.0	0.0	0.10193995365197595	0.16521409987124602	0.10881160614713367	0.13792152244229017	0.0	1.0	0.02663927030168315	0.1144469512733009	0.0	0.059479355982921034	0.0	1.0
0.0	0.10694333037755893	0.12159956767221283	0.1359922043938779	0.0	1.0	0.6903405492046623	0.2778677650088796	0.026461703288617744	0.0	0.0	0.10577272982004876	0.15487079184714073	0.0982193572591484	0.1351820874458346	0.0	1.0	0.023451950172962983	0.1065859690129726	0.0	0.06172475439541415	0.0	1.0
0.0	0.10595812383050712	0.1391459123532971	0.13849042490639604	0.0	1.0	0.6971011105512518	0.295146182176789	0.050376081250107924	0.0	0.0	0.09505137077680946	0.1449089088338462	0.10382118156717138	0.12506798952698225	0.0	1.0	0.029876870317402507	0.1048935856984366	0.0	0.06344907790826841	0.0	1.0
0.0	0.12353300180799004	0.11753935088774489	0.13275789077093064	0.0	1.0	0.7208865337188051	0.3102788452704868	0.04551748169149045	0.0	0.0	0.09925815815839778	0.1417764706333288	0.08909048661818046	0.11907993447564952	0.0	1.0	0.025158512832621657	0.0991972256254984	0.0	0.06122907724169466	0.0	1.0
0.0	0.10358657147097128	0.13540493946694426	0.1675781764797039	0.0	1.0	0.735711941778718	0.31586527850114254	0.06632809314662541	0.0	0.0	0.08812105797050698	0.14153562279016915	0.09717587782469086	0.11777728446173409	0.0	1.0	0.03355804122393235	0.09547488953570231	0.0	0.0656168501321879	0.0	1.0
0.0	0.11561881841838226	0.11192208099991906	0.1648152829112091	0.0	1.0	0.7393065989407777	0.32505847200123056	0.05595213950128075	0.0	0.0	0.08956149617242931	0.12927523280127806	0.08138566932201499	0.10975710993256928	0.0	1.0	0.029727508229270717	0.09373333992638144	0.0	0.06385402479034731	0.0	1.0
0.0	0.09456792268672409	0.1276239426103872	0.1898607375702962	0.0	1.0	0.751690991058081	0.3421223503536971	0.07458904823793906	0.0	0.0	0.0769791348200783	0.12750334502774982	0.08840342476338056	0.10218731803356088	0.0	1.0	0.03431269719681679	0.09036948921066369	0.0	0.06885876832851875	0.0	1.0
0.0	0.10591009160987702	0.09989124162814884	0.18981444830754451	0.0	1.0	0.7905256420750356	0.35377741368599097	0.07436023638900914	0.0	0.0	0.07935616939989533	0.12203445955965876	0.07820981401063754	0.09898560773691022	0.0	1.0	0.03179661406542341	0.08542556234476141	0.0	0.07134625767579686	0.0	1.0
0.0	0.08615266933416021	0.1175389171843656	0.2084926693504796	0.0	1.0	0.8060583821096123	0.36131208826013667	0.10041386053217033	0.0	0.0	0.06833073663568465	0.12126565625173082	0.08644738086471848	0.09646162581972258	0.0	1.0	0.03687072524344708	0.08463582630049886	0.0	0.07223767867347763	0.0	1.0
0.0	0.09942571658117293	0.08151123450047723	0.20003210314162334	0.0	1.0	1.0	0.37342393756970765	0.09684162076110923	0.0	0.0	0.07630865752088496	0.11341047447100143	0.07156046759372027	0.09099818158523265	0.0	1.0	0.028716051398354134	0.07775657861273548	0.0	0.07268485819661505	0.0	1.0
0.0	0.07009482209396997	0.09215676107470926	0.22562799162446756	0.0	1.0	1.0	0.3793397313384858	0.11092824523913208	0.0	0.0	0.06303197594434017	0.10877630756981005	0.07914627583283526	0.08872929574257016	0.0	1.0	0.03322994287371061	0.07453084120659996	0.0	0.07333257395664357	0.0	1.0
0.0	0.08923588181677519	0.07387325906879563	0.21929944669579357	0.0	1.0	1.0	0.39127040083706294	0.10329586779684842	0.0	0.0	0.0734360705653826	0.09921867649756416	0.06283169249659235	0.0885287993943836	0.0	1.0	0.03019255943673336	0.0726768110136142	0.0	0.0736418403635123	0.0	1.0
0.0	0.06647269037645923	0.08560972931925084	0.2468290704207654	0.0	1.0	1.0	0.4320255661542065	0.11638968262967694	0.0	0.0	0.0617651329528227	0.09746120125268927	0.06408841365495255	0.0877386204382685	0.0	1.0	0.03651385294825606	0.06831073846005484	0.0	0.07564446260971236	0.0	1.0
0.0	0.07944680672842902	0.07534632929514125	0.24497975525738708	0.0	1.0	1.0	0.48087853858380114	0.12250322232117412	0.0	0.0	0.06700006440822175	0.09883270938260134	0.048602989199485414	0.08558472595440007	0.0	1.0	0.027523997405148583	0.06734259164141095	0.0	0.07802350204089065	0.0	1.0
0.0	0.0455202517351195	0.07651667440981193	0.25752884529496506	0.0	1.0	1.0	0.6550903788389729	0.12366946116834864	0.0	0.0	0.05460365355098809	0.08657794506838401	0.05249230901229409	0.08268301896097997	0.0	1.0	0.03710727598215738	0.06177459575742801	0.0	0.15700887251638065	0.0	0.48050713114762605
0.0	0.061989038326322736	0.06582895213583179	0.26484809253314695	0.0	1.0	1.0	0.6817277992414283	0.13421531199420936	0.0	0.0	0.06313580409889638	0.09460312647256924	0.040178409521983566	0.07574725016807285	0.0	1.0	0.029412448638789186	0.06184833692417039	0.0	0.18461361357748368	0.0	0.11425014168262608
0.0	0.04273791596955372	0.08415256925010467	0.2656166543356742	0.0	1.0	1.0	0.6910968767516328	0.14395154771010032	0.0	0.0	0.05751156493489466	0.0809689319968925	0.048818127882571574	0.0757385177419848	0.0	1.0	0.03464864269786441	0.05875787181859938	0.0	0.1851208598225717	0.0	0.024566741590896873
0.0	0.06194278759578433	0.04990094332702671	0.2706181147698776	0.0	1.0	1.0	0.7083596702120816	0.14418864193115058	0.0	0.0	0.057378730728114044	0.08380538164957302	0.03925757061089982	0.06725257353244103	0.0	1.0	0.028331790203170094	0.05678982629142973	0.0	0.1895336049139851	0.0	0.006530668785983885
0.0	0.061376302013824366	0.07453859510578678	0.2806235210446478	0.0	1.0	1.0	0.7125526472663258	0.15369419516695318	0.0	0.0	0.05680220156444304	0.06967067512110584	0.04484163149864748	0.05882789256746811	0.0	1.0	0.029273295790981244	0.05296276978593927	0.0	0.5198734492739414	0.0	0.0013791771402740646
0.0	0.07666596027725792	0.04025940166169402	0.29060254181897427	0.0	1.0	1.0	0.7344896361833719	0.15803132326120084	0.0	0.0	0.0453402060186746	0.07478352319064276	0.03972519806559063	0.05308325041619111	0.0	1.0	0.021058239265516844	0.04883807617344682	0.0	0.7234900342026105	0.0	0.0008436408217753253
0.0	0.04932645884311862	0.042055470867482486	0.3067317244574992	0.0	1.0	1.0	1.0	0.15807845528895775	0.0	0.0	0.03857605079996733	0.05798697675543375	0.035056494857626366	0.05161590049141897	0.0	1.0	0.02584949962027256	0.042677776688457215	0.0	0.7247871545127207	0.0	0.000304529573093669
0.0	0.06698581825025875	0.023629055187347592	0.3152435896666112	0.0	1.0	1.0	1.0	0.18198047590294703	0.0	0.0	0.046527774467942096	0.05559371368047738	0.04370887383204488	0.04509140130452547	0.0	1.0	0.023587920259544586	0.041038689867511746	0.0	0.7241646600939524	0.0	0.0010143127643568227
0.0	0.036533543022015814	0.042133037937953685	0.31926484674549277	0.0	1.0	1.0	1.0	0.19004204635377858	0.0	0.0	0.028868867508828562	0.050767785611279426	0.029005284457254248	0.038750778555051046	0.0	1.0	0.01882386956851948	0.04050203160810274	0.0	0.7241024673342701	0.0	0.0
0.0	0.06165686585969276	0.02589918518504359	0.32458281571536357	0.0	1.0	1.0	1.0	0.22349056571767145	0.0	0.0	0.036737996987590386	0.04348260630851128	0.034391528067328564	0.036673696586293186	0.0	1.0	0.018282042338252265	0.03713608919329572	0.0	0.1650592311637555	0.0	0.0008813872836154504
0.0	0.04060688893244045	0.043332117467791406	0.3260385278361141	0.0	1.0	1.0	1.0	0.24440152808853158	0.0	0.0	0.020116801073867197	0.03828175889680077	0.02454763807572193	0.033280603362326126	0.0	1.0	0.022519512734679066	0.032503383817683106	0.0	0.15970057550598127	0.0	9.945837816759248e-7
0.0	0.05604749157241646	0.023474455483806715	0.3328458266613733	0.0	1.0	1.0	1.0	0.27588890619765327	0.0	0.0	0.029037763214934616	0.0351697420444763	0.02775078646215599	0.029806606990543032	0.0	1.0	0.0143516184314159	0.032340889770179015	0.0	0.1545632914544265	0.0	0.0008738133333333334
0.0	0.02034031533840358	0.034217168145256084	0.3343014311133878	0.0	1.0	1.0	1.0	0.5015597920329592	0.0	0.0	0.012528505451468759	0.027939316104694353	0.010589187742032213	0.02938541653336913	0.0	1.0	0.018346262980260656	0.0269975573488837	0.0	0.13140690637617874	0.0	0.0
0.0	0.023044183836144334	0.0	0.3425566722814023	0.0	1.0	1.0	1.0	0.9963119452905719	0.0	0.0	0.01681482995393989	0.023614388620557272	0.013702960780904355	0.025120561873868623	0.0	1.0	0.011109452428186097	0.02476196473140594	0.0	0.12634076179378526	0.0	0.0006141528978238212
0.0	0.0034267262143552815	0.0326728177072603	0.36266411988419905	0.0	1.0	1.0	1.0	1.0	0.0	0.0	0.005971061302290276	0.023176816927720535	0.0045506747110205855	0.01878795841265804	0.0	0.998453625966586	0.012619013039886795	0.022203767243698047	0.0	0.12324557652021659	0.0	0.0
0.0	0.032471414801937715	0.0030720741343277826	0.39399389807238683	0.0	1.0	1.0	1.0	1.0	0.0	0.0	0.017673366272311336	0.022258325482348053	0.01257376322140463	0.010809980890458275	0.0	0.2472403234393427	0.010419814757967705	0.021317854176571435	0.0	0.1223170903632525	0.0	0.0009828787997265415
0.0	0.013298122018344273	0.033057517904130654	0.4297953937736277	0.0	1.0	1.0	1.0	1.0	0.0	0.0	0.007220531470683168	0.02218766625506495	0.0037361021463747264	0.01865845062569237	0.0	0.23173230635674882	0.011116542863368786	0.01668464256096607	0.0	0.1222237857754341	0.0	0.00013770426841539212
0.0	0.041953668969102104	0.014643967121844632	0.43651519379231335	0.0	1.0	1.0	1.0	1.0	0.0	0.0	0.0241640928829715	0.018714488950275096	0.011706041168431415	0.00441459739800382	0.0	0.22669220218289363	0.004681606130144845	0.01662803296216739	0.0	0.12057997867643502	0.0	0.0010108314301375612
0.0	0.030341916502998036	0.03297819399677181	0.45467926421578475	0.0	1.0	1.0	1.0	1.0	0.0	0.0	0.006345508792910369	0.017555919586116887	0.00296272996124531	0.016212452034757362	0.0	0.21030655104253676	0.00919439314795626	0.01623288851349879	0.0	0.11961116689780522	0.0	0.00016825819178080707
0.0	0.034590828879508984	0.01459731768882843	0.4612173328887383	0.0	1.0	1.0	1.0	1.0	0.0	0.0	0.020575818489672833	0.01751989578075551	0.009160825366538802	0.008977445376410117	0.0	0.20240939992730808	0.0005402080437563739	0.012568855198839986	0.0	0.11705020754974158	0.0	0.0011383391258623092
0.0	0.006719069706858406	0.024854144407864383	0.513912155417811	0.0	1.0	1.0	1.0	1.0	0.0	0.0	0.003416704098494292	0.013048092724974784	0.0004212342826932121	0.002494086166266436	0.0	0.19984352686901774	0.005772400096586149	0.006722100601239317	0.0	0.11680741773815725	0.0	0.00024582420441761734
0.0	0.009611946666666666	0.0	0.6095928621314947	0.0	1.0	1.0	1.0	1.0	0.0	0.0	0.00524288	0.005067810193321616	0.004369066666666666	0.00393216	0.0	0.012152370860927153	0.0	0.0033084616219737272	0.0	0.005208158940397352	0.0	0.0004369066666666667
0.0	0.0	0.0	1.0	0.0	1.0	1.0	1.0	1.0	0.0	0.0	0.0	0.0	0.0	0.0	0.0	0.0	0.0	0.0	0.0	0.0	0.0	0.0
