2.6776333921642957e-7	0.0	1.2304506448172901e-11	0.0
3.1876587949523647e-7	0.0	1.2304506448172901e-11	0.0
3.7948316584858704e-7	0.0	1.2304506448172901e-11	0.0
4.5176561692402317e-7	0.0	1.2304506448172901e-11	0.0
5.37816108389311e-7	0.0	1.2304506448172901e-11	0.0
6.402571061340983e-7	0.0	1.2304506448172901e-11	0.0
7.622105861620376e-7	0.0	1.2304506448172901e-11	0.0
9.073931765001429e-7	0.0	1.2304506448172901e-11	0.0
1.0802294202312288e-6	0.0	1.2304506448172901e-11	0.0
1.2859866108365028e-6	0.0	1.2304506448172901e-11	0.0
1.5309353082237412e-6	0.0	1.2304506448172901e-11	0.0
1.822540426112065e-6	0.0	1.2304506448172901e-11	0.0
2.169688712649e-6	0.0	1.2304506448172904e-11	0.0
2.582959554573602e-6	0.0	1.2304506448172904e-11	0.0
3.0749473546150175e-6	0.0	1.2304506448172904e-11	0.0
3.6606453022313844e-6	0.0	1.2304506448172904e-11	0.0
4.357902226960724e-6	0.0	1.2304506448172904e-11	0.0
5.187966448330911e-6	0.0	1.2304506448172904e-11	0.0
6.176133183971077e-6	0.0	1.2304506448172904e-11	0.0
7.352515228571941e-6	0.0	1.2304506448172904e-11	0.0
8.75296036613015e-6	0.0	1.2304506448172904e-11	0.0
1.0420143439985404e-5	0.0	1.2304506448172904e-11	0.0
1.2404866314427985e-5	0.0	1.2304506448172904e-11	0.0
1.4767605278428994e-5	0.0	1.2304506448172904e-11	0.0
1.758035295675913e-5	0.0	1.2304506448172904e-11	0.0
2.0928810732553533e-5	0.0	1.2304506448172904e-11	0.0
2.491499831667303e-5	0.0	1.2304506448172906e-11	0.0
1.0	0.0	1.2304506448172909e-11	0.0
1.0	0.0	1.2304506448172909e-11	0.0
1.0	0.0	1.2304506448172909e-11	0.0
1.0	0.0	1.2304506448172906e-11	0.0
1.0	0.0	1.2304506448172906e-11	0.0
1.0	0.0	1.2304506448172906e-11	0.0
1.0	0.0	1.2304506448172906e-11	0.0
1.0	0.0	1.2304506448172906e-11	0.0
1.0	0.0	1.2304506448172906e-11	0.0
1.0	0.0	1.2304506448172906e-11	0.0
1.0	0.0	1.2304506448172906e-11	0.0
1.0	0.0	1.2304506448172906e-11	0.0
1.0	0.0	1.2304506448172906e-11	0.0
1.0	0.0	1.2304506448172906e-11	0.0
1.0	0.0	1.2304506448172906e-11	0.0
1.0	0.0	1.2304506448172906e-11	0.0
1.0	0.0	1.2304506448172906e-11	0.0
1.0	0.0	1.2304506448172906e-11	0.0
1.0	0.0	1.2304506448172906e-11	0.0
1.0	0.0	1.2304506448172906e-11	0.0
1.0	0.0	1.2304506448172906e-11	0.0
1.0	0.0	1.2304506448172906e-11	0.0
1.0	0.0	1.2304506448172906e-11	0.0
1.0	0.0	1.2304506448172906e-11	0.0
1.0	0.0	1.2304506448172904e-11	0.0
1.0	0.0	1.2304506448172904e-11	0.0
1.0	0.0	1.2304506448172906e-11	0.0
1.0	0.0	1.2304506448172904e-11	0.0
1.0	0.0	1.2304506448172906e-11	0.0
1.0	0.0	1.2304506448172906e-11	0.0
1.0	0.0	1.2304506448172906e-11	0.0
1.0	0.0	1.2304506448172909e-11	0.0
1.0	0.0	1.2304506448172909e-11	0.0
1.0	0.0	1.2304506448172909e-11	0.0
1.0	0.0	1.2304506448172909e-11	0.0
1.0	0.0	1.2304506448172909e-11	0.0
1.0	0.0	1.2304506448172909e-11	0.0
1.0	0.0	1.2304506448172909e-11	0.0
1.0	0.0	1.2304506448172906e-11	0.0
1.0	0.0	1.2304506448172906e-11	0.0
1.0	0.0	1.2304506448172904e-11	0.0
1.0	0.0	1.2304506448172906e-11	0.0
1.0	0.0	1.2304506448172909e-11	0.0
1.0	0.0	1.2304506448172909e-11	0.0
1.0	0.0	1.2304506448172909e-11	0.0
1.0	0.0	1.2304506448172909e-11	0.0
1.0	0.0	1.2304506448172909e-11	0.0
1.0	0.0	1.230450644817291e-11	0.0
1.0	0.0	1.2304506448172912e-11	0.0
1.0	0.0	1.2304506448172912e-11	0.0
1.0	0.0	1.2304506448172912e-11	0.0
1.0	0.0	1.2304506448172916e-11	0.0
1.0	0.0	1.2304506448172917e-11	0.0
1.0	0.0	1.2304506448172917e-11	0.0
1.0	0.0	1.2304506448172922e-11	0.0
1.0	0.0	1.230450644817293e-11	0.0
1.0	0.0	1.2304506448172937e-11	0.0
1.0	0.0	1.2304506448172948e-11	0.0
1.0	0.0	1.2304506448172962e-11	0.0
1.0	0.0	1.2304506448172982e-11	0.0
1.0	0.0	1.230450644817301e-11	0.0
1.0	0.0	1.2304506448173045e-11	0.0
1.0	0.0	1.2304506448173092e-11	0.0
1.0	0.0	1.230450644817316e-11	0.0
1.0	0.0	1.2304506448173252e-11	0.0
1.0	0.0	1.2304506448173374e-11	0.0
1.0	0.0	1.230450644817354e-11	0.0
1.0	0.0	1.2304506448173767e-11	0.0
1.0	0.0	1.2304506448174074e-11	0.0
1.0	0.0	1.2304506448174488e-11	0.0
1.0	0.0	1.2304506448175043e-11	0.0
1.0	0.0	1.2304506448175796e-11	0.0
1.0	0.0	1.2304506448176817e-11	0.0
1.0	0.0	1.2304506448178195e-11	0.0
1.0	0.0	1.2304506448180052e-11	0.0
1.0	0.0	1.2304506448182557e-11	0.0
1.0	0.0	1.230450644818593e-11	0.0
1.0	0.0	1.2304506448190479e-11	0.0
1.0	0.0	1.2304506448196587e-11	0.0
1.0	0.0	1.2304506448204809e-11	0.0
1.0	0.0	1.2304506448215861e-11	0.0
1.0	0.0	1.2304506448230718e-11	0.0
1.0	0.0	1.230450644825067e-11	0.0
1.0	0.0	1.2304506448277447e-11	0.0
1.0	0.0	1.2304506448313373e-11	0.0
1.0	0.0	1.2304506448361542e-11	0.0
1.0	0.0	1.2304506448426091e-11	0.0
1.0	0.0	1.230450644851255e-11	0.0
1.0	0.0	1.2304506448628285e-11	0.0
1.0	0.0	1.2304506448783133e-11	0.0
1.0	0.0	1.230450644899018e-11	0.0
1.0	0.0	1.2304506449266876e-11	0.0
1.0	0.0	1.2304506449636452e-11	0.0
1.0	0.0	1.23045064501298e-11	0.0
1.0	0.0	1.230450645078797e-11	0.0
1.0	0.0	1.2304506451665535e-11	0.0
1.0	0.0	1.2304506452834923e-11	0.0
1.0	0.0	1.2304506454392265e-11	0.0
1.0	0.0	1.2304506456464994e-11	0.0
1.0	0.0	1.2304506459222008e-11	0.0
1.0	0.0	1.2304506462886987e-11	0.0
1.0	0.0	1.2304506467755956e-11	0.0
1.0	0.0	1.2304506474220447e-11	0.0
1.0	0.0	1.230450648279801e-11	0.0
1.0	0.0	1.230450649417231e-11	0.0
1.0	0.0	1.2304506509245925e-11	0.0
1.0	0.0	1.2304506529209658e-11	0.0
1.0	0.0	1.2304506555633687e-11	0.0
1.0	0.0	1.2304506590587162e-11	0.0
1.0	0.0	1.2304506636795155e-11	0.0
1.0	0.0	1.2304506697844507e-11	0.0
1.0	0.0	1.2304506778453633e-11	0.0
1.0	0.0	1.2304506884825988e-11	0.0
1.0	0.0	1.2304507025112922e-11	0.0
1.0	0.0	1.2304507210019336e-11	0.0
1.0	0.0	1.2304507453596033e-11	0.0
1.0	0.0	1.2304507774275465e-11	0.0
1.0	0.0	1.2304508196225294e-11	0.0
1.0	0.0	1.2304508751116076e-11	0.0
1.0	0.0	1.2304509480428817e-11	0.0
1.0	0.0	1.2304510438465656e-11	0.0
1.0	0.0	1.2304511696275907e-11	0.0
1.0	0.0	1.2304513346773244e-11	0.0
1.0	0.0	1.2304515511401912e-11	0.0
1.0	0.0	1.230451834881641e-11	0.0
1.0	0.0	1.2304522066177024e-11	0.0
1.0	0.0	1.23045269338418e-11	0.0
1.0	0.0	1.2304533304466383e-11	0.0
1.0	0.0	1.230454163782083e-11	0.0
1.0	0.0	1.2304552533017756e-11	0.0
1.0	0.0	1.2304566770342497e-11	0.0
1.0	0.0	1.230458536551692e-11	0.0
1.0	0.0	1.2304609640054453e-11	0.0
1.0	0.0	1.230464131242779e-11	0.0
1.0	0.0	1.2304682616141072e-11	0.0
1.0	0.0	1.2304736452560996e-11	0.0
1.0	0.0	1.2304806588628315e-11	0.0
1.0	0.0	1.2304897912484725e-11	0.0
1.0	0.0	1.2305016763791257e-11	0.0
1.0	0.0	1.2305171360317014e-11	0.0
1.0	0.0	1.2305372348536407e-11	1.8530552494541677e-15
1.0	0.0	1.2305633513868488e-11	5.3408314208287435e-15
1.0	0.0	1.2305972696306242e-11	9.492893306398674e-15
1.0	0.0	1.2306412970130278e-11	1.4435751066591448e-14
1.0	0.0	1.2306984162964686e-11	2.032000435258852e-14
1.0	0.0	1.2307724810606917e-11	2.7324927992583297e-14
1.0	0.0	1.230868467111446e-11	3.5663930164782967e-14
1.0	0.0	1.2309927956166742e-11	4.559104891440358e-14
1.0	0.0	1.2311537481780418e-11	5.740868435580955e-14
1.0	0.0	1.2313619996628649e-11	7.147680134781337e-14
1.0	0.0	1.231631301777902e-11	8.822388196549088e-14
1.0	0.0	1.2319793594773898e-11	1.0815996005257913e-13
1.0	0.0	1.2324289538885666e-11	1.318921331123086e-13
1.0	0.0	1.233009380173276e-11	1.601430216666065e-13
1.0	0.0	1.2337582874634036e-11	1.9377273522205996e-13
1.0	0.0	1.2347240317705628e-11	2.338050097822709e-13
1.0	0.0	1.2359686829131574e-11	2.8145830759256647e-13
1.0	0.0	1.2375718647111226e-11	3.3818281923445485e-13
1.0	0.0	1.239635656091331e-11	4.057044857398598e-13
1.0	0.0	1.2422908419936539e-11	4.860773693298109e-13
1.0	0.0	1.2457048804237004e-11	5.817459519359395e-13
1.0	0.0	1.2500920498772443e-11	6.956192382285456e-13
1.0	0.0	1.255726364951311e-11	8.311588932123518e-13
1.0	0.0	1.2629580038882196e-11	9.924840639382687e-13
1.0	0.0	1.2722341883776974e-11	1.1844960328074617e-12
1.0	0.0	1.2841257035643747e-11	1.4130264408652475e-12
1.0	0.0	1.2993605578732633e-11	1.685013520622132e-12
1.0	0.0	1.3188666742149686e-11	2.0087116096803973e-12
1.0	0.0	1.3438259966362981e-11	2.3939402028990874e-12
1.0	0.0	1.3757430148179942e-11	2.8523799705124196e-12
1.0	0.0	1.4165314844796266e-11	3.397924556237229e-12
1.0	0.0	1.468624093924537e-11	4.0470986128042344e-12
1.0	0.0	1.5351110443751723e-11	4.819554479595928e-12
1.0	0.0	1.6199150349406913e-11	5.738662213763586e-12
1.0	0.0	1.7280120471343833e-11	6.832210417965473e-12
1.0	0.0	1.8657097019265968e-11	8.133238542189827e-12
1.0	0.0	2.0409979296796867e-11	9.681025165407552e-12
1.0	0.0	2.2639903925972364e-11	1.1522261292857353e-11
1.0	0.0	2.547479706786979e-11	1.3712443063724537e-11
1.0	0.0	2.9076352442582217e-11	1.631752460167477e-11
1.0	0.0	3.3648794224319275e-11	1.941587923370047e-11
1.0	0.0	3.944987240477839e-11	2.3100626158991373e-11
1.0	0.0	4.680464804558088e-11	2.748239011392168e-11
1.0	0.0	5.612276197466908e-11	3.269257393998368e-11
1.0	0.0	6.79200490548726e-11	3.8887238557743094e-11
1.0	0.0	8.284556868446457e-11	4.625170208058395e-11
1.0	0.0	1.0171537988723368e-10	5.500599013624371e-11
1.0	0.0	1.255547074754903e-10	6.541129345333499e-11
1.0	0.0	1.556505380812454e-10	7.777761706217094e-11
1.0	0.0	1.9361716813390813e-10	9.247283881541277e-11
1.0	0.0	2.4147782057041174e-10	1.099334342481928e-10
1.0	0.0	3.0176617808584893e-10	1.3067717111873346e-10
1.0	0.0	3.776525783192055e-10	1.553181315305122e-10
1.0	0.0	4.731007172336553e-10	1.8458448378038316e-10
1.0	0.0	5.930620555930744e-10	2.193395016981014e-10
1.0	0.0	7.437167737153479e-10	2.606064182279153e-10
1.0	0.0	9.327721366954026e-10	3.095978046806656e-10
1.0	0.0	1.169831594601287e-9	3.677502901833798e-10
1.0	0.0	1.466850944434717e-9	4.3676558056846146e-10
1.0	0.0	1.838701536841621e-9	5.186589060186341e-10
1.0	0.0	2.3038649575391597e-9	6.15816226597983e-10
1.0	0.0	2.8852890153929847e-9	7.310617594813284e-10
1.0	0.0	3.611441422688408e-9	8.67737667243146e-10
1.0	0.0	4.5176054935357046e-9	1.0297980700008553e-9
1.0	0.0	5.647471794228065e-9	1.2219199237316805e-9
1.0	0.0	7.0550912892289e-9	1.449633752290995e-9
1.0	0.0	8.807269536221747e-9	1.7194777427656072e-9
1.0	0.0	1.0986498365826717e-8	2.039179325898966e-9
1.0	0.0	1.3694541796242763e-8	2.4178690807309597e-9
1.0	0.0	1.705681734281611e-8	2.8663326431755544e-9
1.0	0.0	2.122774316975292e-8	3.3973072828824465e-9
1.0	0.0	2.639725661789676e-8	4.025830965751842e-9
1.0	0.0	3.2798751613010514e-8	4.769653069319263e-9
1.0	0.0	4.071873258589999e-8	5.649717498062773e-9
1.0	0.0	5.0508542309248194e-8	6.690730794189792e-9
1.0	0.0	6.259859221750543e-8	7.921830001742923e-9
1.0	0.0	7.75156083556046e-8	9.37736757051292e-9
1.0	0.0	9.590350646060278e-8	1.1097833542561057e-8
1.0	0.0	1.1854862855674676e-7	1.3130938719563745e-8
1.0	0.0	1.4641021400879687e-7	1.5532886546922786e-8
1.0	0.0	1.8065714388942715e-7	1.8369866167572335e-8
1.0	0.0	2.22712192985499e-7	2.1719804607546166e-8
1.0	0.0	2.7430525362872245e-7	2.5674422488079334e-8
1.0	0.0	3.3753726532029907e-7	3.034164516829838e-8
1.0	0.0	4.149569001372833e-7	3.5848429986451313e-8
1.0	0.0	5.096524233367065e-7	4.2344080493305375e-8
1.0	0.0	6.25361579544382e-7	5.0004130499783794e-8
1.0	0.0	7.66602856611756e-7	5.9034894672395755e-8
1.0	0.0	9.388320619762036e-7	6.967879863043448e-8
1.0	0.0	1.1486288217413234e-6	8.222062040714168e-8
1.0	0.0	1.4039183936151409e-6	9.699479717341821e-8
1.0	0.0	1.714235085643015e-6	1.1439397679891583e-7
1.0	0.0	2.0910346091908734e-6	1.3487902373598373e-7
1.0	0.0	2.548063884285498e-6	1.5899072354754835e-7
1.0	0.0	3.1017981772286736e-6	1.8736347096255203e-7
1.0	0.0	3.771957005029202e-6	2.2074127356326676e-7
1.0	0.0	4.582112010913002e-6	2.5999645816860325e-7
1.0	0.0	5.560402023798714e-6	3.061515309311032e-7
1.0	0.0	6.740372787418052e-6	3.6040471656848524e-7
1.0	0.0	8.161961408213632e-6	4.2415978869251157e-7
1.0	0.0	9.87264845273304e-6	4.990609038377702e-7
1.0	0.0	1.1928803853032229e-5	5.870332688029225e-7
1.0	0.0	1.4397256380800782e-5	6.903306069316269e-7
1.0	0.0	1.735712045522606e-5	8.115905470339837e-7
1.0	0.0	2.0901918482453114e-5	9.538992423220088e-7
1.0	0.0	2.5142041810087325e-5	1.1208667401067844e-6
1.0	0.0	3.0207598739381944e-5	1.3167148708338141e-6
1.0	0.0	3.625170388668974e-5	1.5463797128230566e-6
1.0	0.0	4.3454269534254746e-5	1.8156310232088561e-6
1.0	0.0	5.202636646012106e-5	2.131211413428023e-6
1.0	0.0	6.221522907918958e-5	2.5009984977330916e-6
1.0	0.0	7.430998754088321e-5	2.934193765511847e-6
1.0	0.0	8.86482176767067e-5	3.4415425341319804e-6
1.0	0.0	0.00010562340831799303	4.03559004186324e-6
1.0	0.0	0.00012569345443329852	4.730979555627878e-6
1.0	0.0	0.00014939029366428154	5.544799313467061e-6
1.0	0.0	0.00017733081303778075	6.496986216804914e-6
1.0	0.0	0.00021022916173574595	7.610795457046354e-6
1.0	0.0	0.0002489106146122968	8.913346732577147e-6
1.0	0.0	0.00029432713941469484	1.0436259418836683e-5
1.0	0.0	0.0003475748281095178	1.221639102963563e-5
1.0	0.0	0.00040991335899819345	1.4296695596367e-5
1.0	0.0	0.00048278766000776343	1.672722095434246e-5
1.0	0.0	0.0005678519531943133	1.9566268820842284e-5
1.0	0.0	0.0006669963409994953	2.2881740050088983e-5
1.0	0.0	0.0007823761234045759	2.675269940117467e-5
1.0	0.0	0.0009164439987364323	3.1271191568229425e-5
1.0	0.0	0.0010719853072719513	3.654434988478754e-5
1.0	0.0	0.0012521564555133342	4.269684419263936e-5
1.0	0.0	0.0014605266381651678	4.9873721919426584e-5
1.0	0.0	0.0017011229466677592	5.824370495189602e-5
1.0	0.0	0.0019784789232994535	6.800301159887574e-5
1.0	0.0	0.0022976865591394753	7.937979422961286e-5
1.0	0.0	0.0026644517013736813	9.263928452657139e-5
1.0	0.0	0.00308515276272559	0.00010808975987065631
1.0	0.0	0.003566902556688779	0.00012608945987670564
1.0	0.0	0.004117612995668758	0.00014705460423469394
1.0	0.0	0.004746062296755782	0.00017146868505111363
1.0	0.0	0.005461964232626519	0.00019989323459187165
1.0	0.0	0.006276038847354423	0.00023298030063426
1.0	0.0	0.0072000839280522986	0.0002714868977809257
1.0	0.0	0.008247046383721111	0.00031629174492802385
1.0	0.0	0.009431092533759781	0.0003684146472890757
1.0	0.0	0.01076767615166278	0.00042903893699742916
1.0	0.0	0.01227360294650213	0.0004995374504287798
1.0	0.0	0.013967089998374657	0.0005815025942541877
1.0	0.0	0.0158678184971792	0.0006767811372786286
1.0	0.0	0.017996977970566284	0.0007875144629432044
1.0	0.0	0.020377300030981368	0.0009161851297717859
1.0	0.0	0.023033079528325572	0.001065670716030247
1.0	0.0	0.025990180869399786	0.0012393060726510823
1.0	0.0	0.029276027164042786	0.00144095527746967
1.0	0.0	0.032919569787261405	0.0016750947766069532
1.0	0.0	0.036951235913598786	0.0019469094181298913
1.0	0.0	0.04140285159165669	0.0022624033316840115
1.0	0.0	0.046307537990321675	0.0026285278882979103
1.0	0.0	0.05169957857096629	0.003053329289410875
1.0	0.0	0.0576142551284728	0.0035461186852291608
1.0	0.0	0.06408765090451245	0.004117668110705746
1.0	0.0	0.07115641931434269	0.004780435952258709
1.0	0.0	0.07885751724746215	0.005548826117191323
1.0	0.0	0.08722790240519153	0.006439485523798032
1.0	0.0	0.09630419472324145	0.007471217728791542
1.0	0.0	0.10612230260243638	0.008665887499479144
1.0	0.0	0.11671701541229612	0.010048784120330312
1.0	0.0	0.12812156455039717	0.011649035592996812
1.0	0.0	0.14036715621950085	0.01350017420572824
1.0	0.0	0.15348248000502415	0.015640782280242845
1.0	0.0	0.16749311110611648	0.0
1.0	0.0	0.1824213006388427	0.0
1.0	0.0	0.19828502586351712	0.0
1.0	0.0	0.2150977092316948	0.0
1.0	0.0	0.2328676463693755	0.0
1.0	0.0	0.2515975071641574	0.0
1.0	0.0	1.0	0.0
1.0	0.0	1.0	0.0
1.0	0.0	1.0	0.0
1.0	0.0	1.0	0.0
1.0	0.0	1.0	0.0
1.0	0.0	1.0	0.0
1.0	0.0	1.0	0.0
1.0	0.0	1.0	0.0
1.0	0.0	1.0	0.0
1.0	0.0	1.0	0.0
1.0	0.0	1.0	0.0
1.0	0.0	1.0	0.0
1.0	0.0	1.0	0.0
1.0	0.0	1.0	0.0
1.0	0.0	1.0	0.0
1.0	0.0	1.0	0.0
1.0	0.0	1.0	0.0
1.0	0.0	1.0	0.0
1.0	0.0	1.0	0.0
1.0	0.0	1.0	0.0
1.0	0.0	1.0	0.0
1.0	0.0	1.0	0.0
1.0	0.0	1.0	0.0
1.0	0.0	1.0	0.0
1.0	0.0	1.0	0.0
1.0	0.0	1.0	0.0
1.0	0.0	1.0	0.0
1.0	0.0	1.0	0.0
1.0	0.0	1.0	0.0
1.0	0.0	1.0	0.0
1.0	0.0	1.0	0.0
1.0	0.0	1.0	0.0
1.0	0.0	1.0	0.0
1.0	0.0	1.0	0.0
1.0	0.0	1.0	0.0
1.0	0.0	1.0	0.0
1.0	0.0	1.0	0.0
1.0	0.0	1.0	0.0
1.0	0.0	1.0	0.0
1.0	0.0	1.0	0.0
1.0	0.0	1.0	0.0
1.0	0.0	1.0	0.0
1.0	0.0	1.0	0.0
1.0	0.0	1.0	0.0
1.0	0.0	1.0	0.0
1.0	0.0	1.0	0.0
1.0	0.0	1.0	0.0
1.0	0.0	1.0	0.0
1.0	0.0	1.0	0.0
1.0	0.0	1.0	0.0
1.0	0.0	1.0	0.0
1.0	0.0	1.0	0.0
1.0	0.0	1.0	0.0
1.0	0.0	1.0	0.0
1.0	0.0	1.0	0.0
1.0	0.0	1.0	0.0
1.0	0.0	1.0	0.0
1.0	0.0	1.0	0.0
1.0	0.0	1.0	0.0
1.0	0.0	1.0	0.0
1.0	0.0	1.0	0.0
1.0	0.0	1.0	0.0
1.0	0.0	1.0	0.0
1.0	0.0	1.0	0.0
1.0	0.0	1.0	0.0
1.0	0.0	1.0	0.0
1.0	0.0	1.0	0.0
1.0	0.0	1.0	0.0
1.0	0.0	1.0	0.0
1.0	0.0	1.0	0.0
1.0	0.0	1.0	0.0
1.0	0.0	1.0	0.0
1.0	0.0	1.0	0.0
1.0	0.0	1.0	0.0
1.0	0.0	1.0	0.0
1.0	0.0	1.0	0.0
1.0	0.0	1.0	0.0
1.0	0.0	1.0	0.0
1.0	0.0	1.0	0.0
1.0	0.0	1.0	0.0
1.0	0.0	1.0	0.0
1.0	0.0	1.0	0.0
1.0	0.0	1.0	0.0
1.0	0.0	1.0	0.0
1.0	0.0	1.0	0.0
1.0	0.0	1.0	0.0
1.0	0.0	1.0	0.0
1.0	0.0	1.0	0.0
1.0	0.0	1.0	0.0
1.0	0.0	1.0	0.0
1.0	0.0	1.0	0.0
1.0	0.0	1.0	0.0
1.0	0.0	1.0	0.0
1.0	0.0	1.0	0.0
1.0	0.0	1.0	0.0
1.0	0.0	1.0	0.0
1.0	0.0	1.0	0.0
1.0	0.0	1.0	0.0
1.0	0.0	1.0	0.0
1.0	0.0	1.0	0.0
1.0	0.0	1.0	0.0
1.0	0.0	1.0	0.0
1.0	0.0	1.0	0.0
1.0	0.0	1.0	0.0
1.0	0.0	1.0	0.0
1.0	0.0	1.0	0.0
1.0	0.0	1.0	0.0
1.0	0.0	1.0	0.0
1.0	0.0	1.0	0.0
1.0	0.0	1.0	0.0
1.0	0.0	1.0	0.0
1.0	0.0	1.0	0.0
1.0	0.0	1.0	0.0
1.0	0.0	1.0	0.0
1.0	0.0	1.0	0.0
1.0	0.0	1.0	0.0
1.0	0.0	1.0	0.0
1.0	0.0	1.0	0.0
1.0	0.0	1.0	0.0
1.0	0.0	1.0	0.0
1.0	0.0	1.0	0.0
1.0	0.0	1.0	0.0
1.0	0.0	1.0	0.0
1.0	0.0	1.0	0.0
1.0	0.0	1.0	0.0
1.0	0.0	1.0	0.0
1.0	0.0	1.0	0.0
1.0	0.0	1.0	0.0
1.0	0.0	1.0	0.0
1.0	0.0	1.0	0.0
1.0	0.0	1.0	0.0
1.0	0.0	1.0	0.0
1.0	0.0	1.0	0.0
1.0	0.0	1.0	0.0
1.0	0.0	1.0	0.0
1.0	0.0	1.0	0.0
1.0	0.0	1.0	0.0
1.0	0.0	1.0	0.0
1.0	0.0	1.0	0.0
1.0	0.0	1.0	0.0
1.0	0.0	1.0	0.0
1.0	0.0	1.0	0.0
1.0	0.0	1.0	0.0
1.0	0.0	1.0	0.0
1.0	0.0	1.0	0.0
1.0	0.0	1.0	0.0
1.0	0.0	1.0	0.0
1.0	0.0	1.0	0.0
1.0	0.0	1.0	0.0
1.0	0.0	1.0	0.0
1.0	0.0	1.0	0.0
1.0	0.0	1.0	0.0
1.0	0.0	1.0	0.0
1.0	0.0	1.0	0.0
1.0	0.0	1.0	0.0
1.0	0.0	1.0	0.0
1.0	0.0	1.0	0.0
1.0	0.0	1.0	0.0
1.0	0.0	1.0	0.0
