1.0	9.310454789964927e-17	0.9999999999999999
1.0	9.31045478979747e-17	0.9999999999999999
1.0	9.310454789652047e-17	0.9999999999999999
1.0	9.310454789524668e-17	0.9999999999999999
1.0	9.31045478941195e-17	0.9999999999999999
1.0	9.31045478931098e-17	0.9999999999999999
1.0	9.310454789219271e-17	0.9999999999999999
1.0	9.310454789134673e-17	0.9999999999999999
1.0	9.310454789055306e-17	0.9999999999999999
1.0	9.310454788979538e-17	0.9999999999999999
1.0	9.310454788905907e-17	0.9999999999999999
1.0	9.310454788833099e-17	0.9999999999999999
1.0	9.310454788759921e-17	0.9999999999999999
1.0	9.310454788685261e-17	0.9999999999999999
1.0	9.310454788608083e-17	0.9999999999999999
1.0	9.310454788527387e-17	0.9999999999999999
1.0	9.310454788442196e-17	0.9999999999999999
1.0	9.310454788351542e-17	0.9999999999999999
1.0	9.31045478825445e-17	0.9999999999999999
1.0	9.310454788149913e-17	0.9999999999999999
1.0	9.310454788036904e-17	0.9999999999999999
1.0	9.310454787914336e-17	0.9999999999999999
1.0	9.310454787781058e-17	0.9999999999999999
1.0	9.310454787635854e-17	0.9999999999999999
1.0	9.310454787477415e-17	0.9999999999999999
1.0	9.310454787304324e-17	0.9999999999999999
1.0	9.310454787115056e-17	0.9999999999999999
1.0	9.310454786907954e-17	0.9999999999999999
1.0	9.310454786681214e-17	0.9999999999999999
1.0	9.310454786432892e-17	0.9999999999999999
1.0	9.310454786160824e-17	0.9999999999999999
1.0	9.310454785862686e-17	0.9999999999999999
1.0	9.310454785535924e-17	0.9999999999999999
1.0	9.310454785177735e-17	0.9999999999999999
1.0	9.310454784785065e-17	0.9999999999999999
1.0	9.31045478435457e-17	0.9999999999999999
1.0	9.31045478388257e-17	0.9999999999999999
1.0	9.310454783365058e-17	0.9999999999999999
1.0	9.310454782797627e-17	0.9999999999999999
1.0	9.310454782175453e-17	0.9999999999999999
1.0	9.310454781493263e-17	0.9999999999999999
1.0	9.310454780745258e-17	0.9999999999999999
1.0	9.310454779925083e-17	0.9999999999999999
1.0	9.310454779025793e-17	0.9999999999999999
1.0	9.310454778039763e-17	0.9999999999999999
1.0	9.310454776958647e-17	0.9999999999999999
1.0	9.310454775773272e-17	0.9999999999999999
1.0	9.310454774473621e-17	0.9999999999999999
1.0	9.310454773048687e-17	0.9999999999999999
1.0	9.310454771486422e-17	0.9999999999999999
1.0	9.310454769773616e-17	0.9999999999999999
1.0	9.310454767895801e-17	0.9999999999999999
1.0	9.310454765837101e-17	0.9999999999999999
1.0	9.310454763580147e-17	0.9999999999999999
1.0	9.310454761105875e-17	0.9999999999999999
1.0	9.310454758393419e-17	0.9999999999999999
1.0	9.310454755419905e-17	0.9999999999999999
1.0	9.310454752160264e-17	0.9999999999999999
1.0	9.310454748587035e-17	0.9999999999999999
1.0	9.310454744670119e-17	0.9999999999999999
1.0	9.310454740376546e-17	0.9999999999999999
1.0	9.310454735670176e-17	0.9999999999999999
1.0	9.310454730511438e-17	0.9999999999999999
1.0	9.31045472485696e-17	0.9999999999999999
1.0	9.31045471865922e-17	0.9999999999999999
1.0	9.310454711866169e-17	0.9999999999999999
1.0	9.310454704420776e-17	0.9999999999999999
1.0	9.310454696260568e-17	0.9999999999999999
1.0	9.310454687317116e-17	0.9999999999999999
1.0	9.310454677515433e-17	0.9999999999999999
1.0	9.310454666773403e-17	0.9999999999999999
1.0	9.310454655001066e-17	0.9999999999999999
1.0	9.310454642099877e-17	0.9999999999999999
1.0	9.310454627961885e-17	0.9999999999999999
1.0	9.310454612468853e-17	0.9999999999999999
1.0	9.310454595491234e-17	0.9999999999999999
1.0	9.310454576887107e-17	0.9999999999999999
1.0	9.310454556500965e-17	0.9999999999999999
1.0	9.31045453416236e-17	0.9999999999999999
1.0	9.31045450968442e-17	0.9999999999999999
1.0	9.310454482862118e-17	0.9999999999999999
1.0	9.31045445347034e-17	0.9999999999999999
1.0	9.310454421261592e-17	0.9999999999999999
1.0	9.310454385963243e-17	0.9999999999999999
1.0	9.310454347274116e-17	0.9999999999999999
1.0	9.310454304860121e-17	0.9999999999999999
1.0	9.310454258348454e-17	0.9999999999999999
1.0	9.310454207319523e-17	0.9999999999999999
1.0	9.310454151295446e-17	0.9999999999999999
1.0	9.310454089723052e-17	0.9999999999999999
1.0	9.310454021948262e-17	0.9999999999999999
1.0	9.31045394717663e-17	0.9999999999999999
1.0	9.310453864411936e-17	0.9999999999999999
1.0	9.310453772359529e-17	0.9999999999999999
1.0	9.310453669273415e-17	0.9999999999999999
1.0	9.310453552713214e-17	0.9999999999999999
1.0	9.310453419156904e-17	0.9999999999999999
1.0	9.310453263382893e-17	0.9999999999999999
1.0	9.310453077483507e-17	0.9999999999999999
1.0	9.310452849289615e-17	0.9999999999999999
1.0	9.310452559855694e-17	0.9999999999999999
1.0	9.310452179447124e-17	0.9999999999999999
1.0	9.310451661141973e-17	0.9999999999999999
1.0	9.310450930637523e-17	0.9999999999999999
1.0	9.31044987002533e-17	0.9999999999999999
1.0	9.310448291990704e-17	0.9999999999999999
1.0	9.310445898827664e-17	0.9999999999999999
1.0	9.310442217401271e-17	0.9999999999999999
1.0	9.310436496053846e-17	0.9999999999999999
1.0	9.310427541368119e-17	0.9999999999999999
1.0	9.310413459992284e-17	0.9999999999999999
1.0	9.310391250778672e-17	0.9999999999999999
1.0	9.310356161197659e-17	0.9999999999999999
1.0	9.310300672982059e-17	0.9999999999999999
1.0	9.310212905302763e-17	0.9999999999999999
1.0	9.310074104030481e-17	0.9999999999999999
1.0	9.309854698821956e-17	0.9999999999999999
1.0	9.309508118702204e-17	0.9999999999999999
1.0	9.30896110392928e-17	0.9999999999999999
1.0	9.308098548217248e-17	0.9999999999999999
1.0	9.306739813440268e-17	0.9999999999999999
1.0	9.304601766900692e-17	0.9999999999999999
1.0	9.301241173018982e-17	0.9999999999999999
1.0	9.295965025677754e-17	0.9999999999999999
1.0	9.28769116522655e-17	0.9999999999999999
1.0	9.274731906689533e-17	0.9999999999999999
1.0	9.25445860981659e-17	0.9999999999999999
1.0	9.222782392946129e-17	0.9999999999999999
1.0	9.173351330794632e-17	0.9999999999999999
1.0	9.096311085982493e-17	0.9999999999999999
1.0	8.976394284385495e-17	0.9999999999999999
1.0	8.789979303897126e-17	0.9999999999999999
1.0	8.500569157941798e-17	0.9999999999999999
1.0	8.051852023741191e-17	0.9999999999999999
1.0	7.35706567124223e-17	0.9999999999999999
1.0	6.282721705392275e-17	0.9999999999999999
1.0	4.623736482613474e-17	1.0
1.0	2.065490133088871e-17	1.0
1.0	0.0	1.0
1.0	0.0	1.0
1.0	0.0	1.0
1.0	0.0	1.0
1.0	0.0	1.0
1.0	0.0	1.0
1.0	0.0	1.0
1.0	0.0	1.0
1.0	0.0	1.0
1.0	0.0	1.0
1.0	0.0	1.0
1.0	0.0	1.0
1.0	0.0	1.0
1.0	0.0	1.0
1.0	0.0	1.0
1.0	0.0	1.0
1.0	0.0	1.0
1.0	0.0	1.0
1.0	0.0	1.0
1.0	0.0	1.0
1.0	0.0	1.0
1.0	0.0	1.0
1.0	0.0	1.0
1.0	0.0	1.0
1.0	0.0	1.0
1.0	0.0	1.0
1.0	0.0	1.0
1.0	0.0	1.0
1.0	0.0	1.0
1.0	0.0	1.0
1.0	0.0	1.0
1.0	0.0	1.0
1.0	0.0	1.0
1.0	0.0	1.0
1.0	0.0	1.0
1.0	0.0	1.0
1.0	0.0	1.0
1.0	0.0	1.0
1.0	0.0	1.0
1.0	0.0	1.0
1.0	0.0	1.0
1.0	0.0	1.0
1.0	0.0	1.0
1.0	0.0	1.0
1.0	0.0	1.0
1.0	0.0	1.0
1.0	0.0	1.0
1.0	0.0	1.0
1.0	0.0	1.0
1.0	0.0	1.0
1.0	0.0	1.0
1.0	0.0	1.0
1.0	0.0	1.0
1.0	0.0	1.0
1.0	0.0	1.0
1.0	0.0	1.0
1.0	0.0	1.0
1.0	0.0	1.0
1.0	0.0	1.0
1.0	0.0	1.0
1.0	0.0	1.0
1.0	0.0	1.0
1.0	0.0	1.0
1.0	0.0	1.0
1.0	0.0	1.0
1.0	0.0	1.0
1.0	0.0	1.0
1.0	0.0	1.0
1.0	0.0	1.0
1.0	0.0	1.0
1.0	0.0	1.0
1.0	0.0	1.0
1.0	0.0	1.0
1.0	0.0	1.0
1.0	0.0	1.0
1.0	0.0	1.0
1.0	0.0	1.0
1.0	0.0	1.0
1.0	0.0	1.0
1.0	0.0	1.0
1.0	0.0	1.0
1.0	0.0	1.0
1.0	0.0	1.0
1.0	0.0	1.0
1.0	0.0	1.0
1.0	0.0	1.0
1.0	0.0	1.0
1.0	0.0	1.0
1.0	0.0	1.0
1.0	0.0	1.0
1.0	0.0	1.0
1.0	0.0	1.0
1.0	0.0	1.0
1.0	0.0	1.0
1.0	0.0	1.0
1.0	0.0	1.0
1.0	0.0	1.0
1.0	0.0	1.0
1.0	0.0	1.0
1.0	0.0	1.0
1.0	0.0	1.0
1.0	0.0	1.0
1.0	0.0	1.0
1.0	0.0	1.0
1.0	0.0	1.0
1.0	0.0	1.0
1.0	0.0	1.0
1.0	0.0	1.0
1.0	0.0	1.0
1.0	0.0	1.0
1.0	0.0	1.0
1.0	0.0	1.0
1.0	0.0	1.0
1.0	0.0	1.0
1.0	0.0	1.0
1.0	0.0	1.0
1.0	0.0	1.0
1.0	0.0	1.0
1.0	0.0	1.0
1.0	0.0	1.0
1.0	0.0	1.0
1.0	0.0	1.0
1.0	0.0	1.0
1.0	0.0	1.0
1.0	0.0	1.0
1.0	0.0	1.0
1.0	0.0	1.0
1.0	0.0	1.0
1.0	0.0	1.0
1.0	0.0	1.0
1.0	0.0	1.0
1.0	0.0	1.0
1.0	0.0	1.0
1.0	0.0	1.0
1.0	0.0	1.0
1.0	0.0	1.0
1.0	0.0	1.0
1.0	0.0	1.0
1.0	0.0	1.0
1.0	0.0	1.0
1.0	0.0	1.0
1.0	0.0	1.0
1.0	0.0	1.0
1.0	0.0	1.0
1.0	0.0	1.0
1.0	0.0	1.0
1.0	0.0	1.0
1.0	0.0	1.0
1.0	0.0	1.0
1.0	0.0	1.0
1.0	0.0	1.0
1.0	0.0	1.0
1.0	0.0	1.0
1.0	0.0	1.0
1.0	0.0	1.0
1.0	0.0	1.0
1.0	0.0	1.0
1.0	0.0	1.0
1.0	0.0	1.0
1.0	0.0	1.0
1.0	0.0	1.0
1.0	0.0	1.0
1.0	0.0	1.0
1.0	0.0	1.0
1.0	0.0	1.0
1.0	0.0	1.0
1.0	0.0	1.0
1.0	0.0	1.0
1.0	0.0	1.0
1.0	0.0	1.0
1.0	0.0	1.0
1.0	0.0	1.0
1.0	0.0	1.0
1.0	0.0	1.0
1.0	0.0	1.0
1.0	0.0	1.0
1.0	0.0	1.0
1.0	0.0	1.0
1.0	0.0	1.0
1.0	0.0	1.0
1.0	0.0	1.0
1.0	0.0	1.0
1.0	0.0	1.0
1.0	0.0	1.0
1.0	0.0	1.0
1.0	0.0	1.0
1.0	0.0	1.0
1.0	0.0	1.0
1.0	0.0	1.0
1.0	0.0	1.0
1.0	0.0	1.0
1.0	0.0	1.0
1.0	0.0	1.0
1.0	0.0	1.0
1.0	0.0	1.0
1.0	0.0	1.0
1.0	0.0	1.0
1.0	0.0	1.0
1.0	0.0	1.0
1.0	0.0	1.0
1.0	0.0	1.0
1.0	0.0	1.0
1.0	0.0	1.0
1.0	0.0	1.0
1.0	0.0	1.0
1.0	0.0	1.0
1.0	0.0	1.0
1.0	0.0	1.0
1.0	0.0	1.0
1.0	0.0	1.0
1.0	0.0	1.0
1.0	0.0	1.0
