0.5411137962547764	0.8603755695834138	0.988404840685852	0.004539272654856811	0.0002391826728572575	0.0	0.44057425254966337	0.007180009335889069
0.6396201441503834	0.8455157477208148	0.9981450416011404	0.001853870361338346	0.00028474047740468015	0.0	0.7082142054849185	0.14515052507002743
0.7362269379505992	0.8437197280640594	0.6857437850784214	0.007334124690820496	0.00033895666626286266	0.0	0.721542663414217	0.1415503459865182
0.8277269588132725	0.8437133583455376	0.6855307727309924	0.007334136240176633	0.0004034733655606184	0.0	0.7219183433708816	0.13043157592743962
0.9130358774816207	0.8437133968612767	0.9737463007589439	0.001891686530195902	0.00048024280177187646	0.0	0.7228630025591527	0.12021352267073684
0.9893793782326832	0.8437135344952167	0.9749659490495406	0.0018804090219141818	0.0005715836953276789	0.0	0.7242828370582418	0.11085717040016184
1.0	0.8437138682836309	0.9761781117087847	0.0018692818570668068	0.0006799733291374755	0.0	0.7260639049273726	0.10219601636545844
1.0	0.8437146392598277	0.9773676796131788	0.0018581243584179683	0.0008079839323717578	0.0	0.7281076363806751	0.09400435125727781
1.0	0.8437164538333357	0.9785223236013727	0.001846739248196093	0.0009584238266928828	0.0	0.7906244489602428	0.14404897025747695
1.0	0.8274355609407252	0.9796379487464402	0.0018348995537908585	0.0011342912217964577	0.0	0.7913866755093782	0.13810235198358117
1.0	0.4945340586842633	0.9806996904822217	0.0018223299377292017	0.001338806239298321	0.0	0.8171525811956399	0.15609942072293342
1.0	0.16375397951904358	0.9816926675195928	0.0018086958021173967	0.0015754568399360077	0.0	0.8153959853069823	0.14896178093947288
1.0	0.14494704027419386	0.9825937773029677	0.0017936024330683896	0.0018480536150716662	0.0	0.8137943862048206	0.14107670373277906
1.0	0.13652412987257456	0.9981342473169316	0.0017769607030257903	0.002160789374916654	0.0	0.8123790504442562	0.1324342568983943
1.0	0.13228640277892537	0.9981336223496611	0.0017637890508477563	0.002518300914999051	0.0	0.8111810171643687	0.12300808964433066
1.0	0.13083364517046822	0.9981324940734709	0.0017492402483840286	0.002925731714398695	0.0	0.8102300990005622	0.11275231842795694
1.0	0.13062543311430921	0.9981309242375564	0.0017330114230887286	0.0033887953192940717	0.0	0.8095538240391769	0.10159760024700938
1.0	0.130677300309047	0.998128976557395	0.0017147629631536533	0.003913839716413953	0.0	0.8091763831479439	0.08944634864276334
1.0	0.1307334746469974	0.9981267134807654	0.001694117064015551	0.0045079131522528055	0.0	0.8091176410284808	0.07616709927068215
1.0	0.13079272357035054	0.9981242757249299	0.0016707660897479482	0.005178831698760678	0.0	0.8093922573109643	0.061588072068219916
1.0	0.1308536542835222	0.9981217610624906	0.0016443411683307511	0.005935248491179801	0.0	0.8100089589099582	0.04548999301586738
1.0	0.13091473180232943	0.9981192581530995	0.0016144443843461186	0.006786724026539728	0.0	0.8109699953276547	0.027598241078759567
1.0	0.13097451379476066	0.9981168545011692	0.00158065660755517	0.007743796238107044	0.0	0.8122448992673432	0.013067676022599926
1.0	0.13103197929238664	0.998114636292334	0.0015425361798671012	0.008818048252402526	0.0	0.813768408953008	0.007840504960209193
1.0	0.13108682012666287	0.9981126893795604	0.0014996181871307882	0.010022170775427093	0.0	0.8155042888249577	0.007841160018158691
1.0	0.1311394720455044	0.9981111005842459	0.0014514136968904402	0.011370014920235393	0.0	0.817419272678825	0.007841937764917095
1.0	0.1311911272762177	0.9981099592464111	0.0013974090857152772	0.012876629956615137	0.0	0.8194766643864531	0.007842861569135615
1.0	0.13124374064071503	0.9981093589907082	0.0013370655866317897	0.01455827892223002	0.0	0.2421389589415055	0.01487203762841242
1.0	0.13130003538885107	0.9981093996899038	0.0012698191792186433	0.016432423287235657	0.0	0.2421376240477392	0.014873366112532335
1.0	0.1313635119162614	0.9981101896151305	0.0011950809294984767	0.018517665947809694	0.0	0.24213490941350405	0.014876064179437088
1.0	0.13143846057622674	0.9930287471375249	0.0025245020658134056	0.020833639812216833	0.0	0.24212720228159948	0.014883729375608758
1.0	0.13152997828511218	0.9857181201619323	0.009345061253256716	0.02340082727701443	0.0	0.2421140534681271	0.014896803128550337
1.0	0.1316439875938079	0.9783579762242783	0.016171416548987242	0.026240294186485946	0.0	0.24209243129266964	0.014918297302565752
1.0	0.13178725525434837	0.971234768759148	0.02271565959051751	0.029373320744329887	0.0	0.24205727973137406	0.014952923666434043
1.0	0.1319674075633881	0.9645664846072578	0.028758528923712386	0.03282091174030545	0.0	0.24200027301058966	0.01500887382800211
1.0	0.13219293905801943	0.9584969380685745	0.03415507678544555	0.036603169933504605	0.0	0.24190776748816015	0.015099403549345674
1.0	0.1324732124356267	0.9531012662025752	0.0388291366462611	0.04073531591137424	0.0	0.24175948464539146	0.01524412269834987
1.0	0.13281865649605218	0.9483981322814788	0.04276108082302945	0.04522440412376962	0.0	0.24154147436633003	0.015455784400366821
1.0	0.13324066920290162	0.9443645038170869	0.04597299535929139	0.05007348678635125	0.0	0.24122593966672018	0.01576002177585876
1.0	0.1337516126206879	0.9409499925563357	0.0485179470229229	0.05528109378008087	0.0	0.24077458614463076	0.016193677480158347
1.0	0.1343648377859741	0.938089005778958	0.050461102600374355	0.060841069056527745	0.0	0.2401327389860236	0.01680835778853548
1.0	0.1350948187413424	0.9357081207802742	0.051869858849327856	0.06674222687196979	0.0	0.23922730151608287	0.017672528336663253
1.0	0.13595697755309016	0.9337295589305996	0.05280450876955518	0.07296829012239903	0.0	0.23796260106501915	0.018875019034658488
1.0	0.13696767224482376	0.9320960137335631	0.053337235848446	0.07949678776087112	0.0	0.23621222182054447	0.02053447360710963
1.0	0.1381441404881478	0.930746920335704	0.05352260624456185	0.08630293373588001	0.0	0.23379807880928077	0.02281732032659373
1.0	0.1395044697080936	0.9296327918768974	0.05341038435518359	0.09335963102987607	0.0	0.9740476101298785	0.025952389870121568
1.0	0.14106755755294437	0.9287093987303293	0.05303934788546423	0.10063535187568137	0.0	0.969747809011695	0.030252190988304905
1.0	0.14285310881805766	0.927942223429669	0.05244285204506894	0.10809456486166297	0.0	0.9657083520877577	0.034291647912242276
1.0	0.14488165685255067	0.9291222302713888	0.05342942916337131	0.11569832581166661	0.0	0.9614102808660248	0.038589719133975534
1.0	0.1471745966217167	0.9285504761470253	0.052582108202584486	0.12340501804401155	0.0	0.9568895681561335	0.04311043184386664
1.0	0.14975428854192582	0.9280584165474923	0.05155352798809215	0.13117127679986398	0.0	0.9521664565894029	0.04783354341059708
1.0	0.15264428165823918	0.9276322703295438	0.050350904843330366	0.1389625942686616	0.0	0.9472750088364744	0.05272499116352538
1.0	0.15586971692015733	0.9272626136519954	0.04897670476103039	0.14682614076928077	0.0	0.9422391844860972	0.05776081551390315
1.0	0.15945798796857416	0.9269444830547561	0.047428518233003605	0.15483662689228708	0.0	0.9370718726270153	0.06292812737298475
1.0	0.16343975155956858	0.9266779736723971	0.045698438807244446	0.16307997867526317	0.0	0.9317737575373612	0.0682262424626392
1.0	0.16785039153752354	0.9264695884737547	0.0437716894309938	0.17164971296816373	0.0	0.9263585909329599	0.07364140906703998
1.0	0.17273205933920732	0.9263346820901153	0.04162415296564942	0.18064705761253688	0.0	0.9208453705199415	0.07915462948005862
1.0	0.17813080968015574	0.9263015388786904	0.039218267173588776	0.19018413485998312	0.0	0.9152510190348017	0.08474898096519852
1.0	0.1840998465124885	0.9264178873806065	0.03649648196270234	0.2003842245178934	0.0	0.909590722097948	0.09040927790205193
1.0	0.19070191614149293	0.9267609836323636	0.03337114637295008	0.21139610736807207	0.0	0.9038784050960017	0.09612159490399831
1.0	0.19801160175625265	0.927452829217118	0.02970925936007395	0.22332543114906225	0.0	0.8981272107547542	0.10187278924524584
1.0	0.20611778540496703	0.9286828345060503	0.025309773865851162	0.23624253933014455	0.0	0.8923500320873199	0.10764996791267975
1.0	0.21512625430522583	0.9307409011406406	0.01987048006187893	0.25022724438956	0.0	0.8865610106702233	0.11343898932977665
1.0	0.22516233522692938	0.9340647627109293	0.012940628747709404	0.26536465688597355	0.0	0.8807763773462336	0.11922362265376663
1.0	0.23637341420345623	0.9393063942336943	0.0038544842334077797	0.28174775976490957	0.0	0.8750148783107558	0.12498512168924457
1.0	0.2489311913687634	0.9474233742289792	0.0	0.29947791464704787	0.0	0.8692983531288833	0.1307016468711169
1.0	0.263033560226581	0.9598026474828555	0.0	0.33727305067992225	0.0	0.8636396662182929	0.13636033378170676
1.0	0.27890748488232847	0.9784180950370507	0.0	0.49683987668451524	0.0	0.8580491599363826	0.14195084006361738
1.0	0.2968121977424844	1.0	0.0	0.6230944670888862	0.0	0.8525423063848712	0.1474576936151287
1.0	0.31704233838255547	1.0	0.0	0.6953004441835261	0.0	0.8471400134790723	0.15285998652092797
1.0	0.33993331216300504	1.0	0.0	0.7221139335175154	0.0	0.8418687280772132	0.15813127192278695
1.0	0.36587409418747774	1.0	0.0	0.7244331269257183	0.0	0.8367623810892875	0.16323761891071248
1.0	0.3953219163837326	1.0	0.0	0.7283822618049948	0.0	0.17422223152957228	0.16813528696676264
1.0	0.42885220931512236	1.0	0.0	0.7348094513974796	0.0	0.11756606308443455	0.1727683217812211
1.0	0.4677314722034427	1.0	0.0	0.7448955302447179	0.0	0.8205929554946042	0.17940704450539607
1.0	0.5133315220751978	1.0	0.0	0.7604993297065624	0.0	0.7380276049212736	0.18866105085530477
1.0	0.5747159413137368	1.0	0.0	0.7836878627344475	0.0	0.1876116642299468	0.19704618804203933
1.0	0.638553101250056	1.0	0.0	0.8179393680876215	0.0	0.0	1.0
1.0	0.7027848843120353	1.0	0.0	0.8677991770478999	0.0	0.0	1.0
1.0	0.7781400704676215	1.0	0.0	0.9397416120900631	0.0	0.0	1.0
1.0	0.8868590402620312	1.0	0.0	0.9758947311920122	0.0	0.0	1.0
1.0	1.0	1.0	0.0	0.9989164586253505	0.0	0.0	1.0
1.0	0.8839235828159975	1.0	0.0	1.0	0.0	0.0	1.0
1.0	0.928686156768826	1.0	0.0	0.998194749922925	0.0	0.0	1.0
1.0	1.0	1.0	0.0	1.0	0.0	0.0	1.0
1.0	1.0	1.0	0.0	1.0	0.0	0.0	1.0
1.0	0.9820410435386211	1.0	0.0	1.0	0.0	0.0	1.0
1.0	1.0	1.0	0.0	1.0	0.0	0.0	1.0
1.0	1.0	1.0	0.0	1.0	0.0	0.0	1.0
1.0	1.0	1.0	0.0	1.0	0.0	0.0	1.0
1.0	1.0	1.0	0.0	1.0	0.0	0.0	1.0
1.0	1.0	1.0	0.0	1.0	0.0	0.0	1.0
1.0	1.0	1.0	0.0	1.0	0.0	0.0	1.0
1.0	1.0	1.0	0.0	1.0	0.0	0.0	1.0
1.0	1.0	1.0	0.0	1.0	0.0	0.0	1.0
1.0	1.0	1.0	0.0	1.0	0.0	0.0	1.0
1.0	1.0	1.0	0.0	1.0	0.0	0.0	1.0
1.0	1.0	1.0	0.0	1.0	0.0	0.0	1.0
1.0	1.0	1.0	0.0	1.0	0.0	0.0	1.0
1.0	1.0	1.0	0.0	1.0	0.0	0.0	1.0
