0.0	0.08768857938088719	0.0	1.0	0.0	0.0034240284126239254	0.08399180840044336	0.1511568560099427	0.002768668412623916	0.0025502150792901758	0.002329017281695996	0.0021133084126239163	1.0	0.0	1.0	0.0	1.0	0.0007971585481210018	1.0	0.0	1.0	0.0	1.0
0.0	0.09107913298287433	0.008662762998708775	1.0	0.0	0.0	0.07491185203388119	0.14160285103222348	0.0	0.0	0.0	0.0	1.0	0.0	1.0	0.0	1.0	0.0	1.0	0.0	1.0	0.0	1.0
0.0	0.09038604659826735	0.0	1.0	0.0	0.001908948851276951	0.07996206318084159	0.14192484881443113	0.006046770542494707	0.005609863875827449	0.005169068281402178	0.004736050542494708	1.0	0.0	1.0	0.0	1.0	0.0021080626675332144	1.0	0.0	1.0	0.0	1.0
0.0	0.09250110320509666	0.008667181648915384	1.0	0.0	0.007356461648915386	0.06720071695418631	0.13504476992581174	0.0	0.0	0.0	0.0	1.0	0.0	1.0	0.0	1.0	0.0	1.0	0.0	1.0	0.0	1.0
0.0	0.08289819270337029	0.0	1.0	0.0	0.0	0.061202632557954606	0.14215267030868728	0.0060497516867303956	0.0056128450200628975	0.005170481437342158	0.004739031686730379	1.0	0.0	1.0	0.0	1.0	0.002109746352012159	1.0	0.0	1.0	0.0	1.0
0.0	0.0925052097683478	0.008668646784026506	1.0	0.0	0.0073579267840265155	0.05811882793947354	0.1352184896107856	0.0	0.0	0.0	0.0	1.0	0.0	1.0	0.0	1.0	0.0	1.0	0.0	1.0	0.0	1.0
0.0	0.09251748492709663	0.0	1.0	0.0	0.0	0.058114277466909586	0.13801503332201054	0.006053429394708676	0.005616522728040808	0.005171993737392342	0.00474270939470864	1.0	0.0	1.0	0.0	1.0	0.0021119300300457967	1.0	0.0	1.0	0.0	1.0
0.0	0.08107856763989985	0.008671526837671056	1.0	0.0	0.007360806837671062	0.051920764377787886	0.1300457769448397	0.0	0.0	0.0	0.0	1.0	0.0	1.0	0.0	1.0	0.0	1.0	0.0	1.0	0.0	1.0
0.0	0.0873078919290251	0.0	1.0	0.0	0.0	0.05033060913278473	0.13706797491900122	0.006056475365737274	0.0056195686990689435	0.0051719600158889	0.004745755365737238	1.0	0.0	1.0	0.0	1.0	0.0021132705858736877	1.0	0.0	1.0	0.0	1.0
0.0	0.07770086722661848	0.008673836678216867	1.0	0.0	0.007363116678216876	0.05027615094851462	0.12450583764495778	0.0	0.0	0.0	0.0	1.0	0.0	1.0	0.0	1.0	0.0	1.0	0.0	1.0	0.0	1.0
0.0	0.0873044218296592	0.0	1.0	0.0	0.0	0.05027114740874206	0.12529625343423298	0.0060569591862218415	0.005620052519552992	0.005168179787013906	0.004746239186221824	1.0	0.0	1.0	0.0	1.0	0.0021118265079341078	1.0	0.0	1.0	0.0	1.0
0.0	0.0873042137026565	0.008679498701850575	1.0	0.0	0.007368778701850589	0.04563360996198907	0.1128562821143679	0.0	0.0	0.0	0.0	1.0	0.0	1.0	0.0	1.0	0.0	1.0	0.0	1.0	0.0	1.0
0.0	0.07761771509848116	0.0	1.0	0.0	0.0	0.04508638985224765	0.11277741426041706	0.0060593172621947015	0.005622410595525111	0.005165020679710343	0.0047485972621946655	1.0	0.0	1.0	0.0	1.0	0.0021120291707872364	1.0	0.0	1.0	0.0	1.0
0.0	0.08525043675863611	0.008680146421875666	1.0	0.0	0.007369426421875703	0.04238385722961837	0.1125776143032589	0.0	0.0	0.0	0.0	1.0	0.0	1.0	0.0	1.0	0.0	1.0	0.0	1.0	0.0	1.0
0.0	0.08522938907544358	0.00015107058586996507	1.0	0.0	0.0	0.041640574738782285	0.11446770172986398	0.006061419304167187	0.005624512637496802	0.005160205893257607	0.004750699304167152	1.0	0.0	1.0	0.0	1.0	0.0021117507322003376	1.0	0.0	1.0	0.0	1.0
0.0	0.0848694730012964	0.009650971078020258	1.0	0.0	0.007372862366477146	0.027531427792574975	0.10411068113775587	0.0	0.0	0.0	0.0	1.0	0.0	1.0	0.0	1.0	0.0	1.0	0.0	1.0	0.0	1.0
0.0	0.08486983748100432	0.005372494174563883	1.0	0.0	0.0	0.023405124218484508	0.10717380933970025	0.0060680390749674375	0.005631132408296072	0.005158356439157789	0.0047573190749674015	1.0	0.0	1.0	0.0	1.0	0.002115776949427578	1.0	0.0	1.0	0.0	1.0
0.0	0.07019476060087669	0.02284174994763613	1.0	0.0	0.007373992295192985	0.02314484091565703	0.09519954362190212	0.0	0.0	0.0	0.0	1.0	0.0	1.0	0.0	1.0	0.0	1.0	0.0	1.0	0.0	1.0
0.0	0.07957173527277997	0.020708597903012826	1.0	0.0	0.0	0.019543815563666134	0.1019436690525881	0.006068746878341251	0.008876593948410918	0.0051488682493678285	0.004758026878341242	1.0	0.0	1.0	0.0	1.0	0.002113701489401018	1.0	0.0	1.0	0.0	1.0
0.0	0.06551616553773812	0.03532984888007206	1.0	0.0	0.007372515921674781	0.010529380176740578	0.0946820136809434	0.0	0.0037020683648769925	0.0	0.0	1.0	0.0	1.0	0.0	1.0	0.0	1.0	0.0	1.0	0.0	1.0
0.0	0.07369882216875112	0.028833747582486906	1.0	0.0	0.010002615295006916	0.014235535895224315	0.09627085827154037	0.011075476402706654	0.013581963096025077	0.005135846740078002	0.0021356928196117645	1.0	0.0	1.0	0.0	1.0	0.0007991500225161984	1.0	0.0	1.0	0.0	1.0
0.0	0.06092228299809097	0.04166455525212956	1.0	0.0	0.010957762764251682	0.0027778255468807796	0.08692962828240744	0.007848318629267291	0.00823876108488886	0.0	0.001910144208535975	1.0	0.0	1.0	1.0	1.0	0.0005720930335844923	1.0	0.0	1.0	0.0	1.0
0.0	0.06650173854497123	0.04107470814789241	1.0	0.0	0.015199224572744268	0.012772893724751173	0.09244910902664674	0.016625254211787812	0.019278302250031486	0.005116502272655415	0.0	1.0	0.0	1.0	0.0	1.0	0.0	1.0	0.0	1.0	0.0	1.0
0.0	0.055593401050542474	0.05090657859928199	1.0	0.0	0.015213114070733664	0.007337604659385544	0.08336527311073129	0.010740527680807315	0.0146585606333623	0.0	0.0047489037917139735	1.0	0.0	1.0	0.0	1.0	0.0020970353936068877	1.0	0.0	1.0	0.0	1.0
0.0	0.07071263469853672	0.048672100305309704	1.0	0.0	0.017168059018389765	0.017889360990765685	0.085745085919944	0.013566063575013346	0.021170467043295	0.005108561788217737	0.0	1.0	0.0	0.9990051388265474	0.0	1.0	0.0	1.0	0.0	0.9366019406917507	0.0	1.0
0.0	0.059600332654905185	0.06140275964236065	1.0	0.0	0.017650661951838283	0.013160312271389996	0.07545387605719539	0.014561741708610283	0.024395153226420604	0.0	0.004797707493236346	1.0	0.0	0.9095677686685822	0.00018606851565134645	1.0	0.0021427158104931968	1.0	0.0	0.8470623949990627	0.0	1.0
0.0	0.060744400802730046	0.054667057871775816	1.0	0.0	0.024485118056495857	0.020431471537551673	0.07850514097095082	0.015498755742447407	0.03241479627560255	0.005167631188879417	0.0	1.0	0.0	0.7602030307107966	0.0	1.0	0.0	1.0	0.0	0.7856813263426662	0.0	1.0
0.0	0.06980699464285793	0.05810453312797594	1.0	0.0	0.028130951307854785	0.024095815086031012	0.07331644698100222	0.027702751903888042	0.03605321052990148	0.0	0.004865755911348584	1.0	0.0	0.6593292143324966	0.0026308317583830336	1.0	0.002207668980903721	1.0	0.0	0.7445342042744598	0.0	1.0
0.0	0.05651683618885767	0.06058800848608928	1.0	0.0	0.03049713491913545	0.028700156062340897	0.0763836438495036	0.04696802866420338	0.038815543311450616	0.005281722260660476	0.0	1.0	0.0	0.6235527646996984	0.0	1.0	0.0	1.0	0.0	0.25340501108217434	0.0	1.0
0.0	0.05710437962716154	0.05754668093377842	1.0	0.0	0.03113518693522542	0.035780085071314915	0.07626212948450858	0.05036574906019793	0.041588441628417086	0.0	0.008251483178177806	1.0	0.0	0.5493888759350117	0.00040680381691919447	1.0	0.0023283573422169905	1.0	0.0	0.24297233389681244	0.0	1.0
0.0	0.04110282993888453	0.07276010299953325	1.0	0.0	0.03381049747555359	0.03826205209231564	0.07653678673879241	0.052256275601137846	0.04327943048938332	0.005291935732192128	0.005741521803189537	1.0	0.0	0.45202893816619777	0.0031404265419586646	1.0	0.0	1.0	0.0	0.23541164951903498	0.0	1.0
0.0	0.05068666669126197	0.08124867347453166	1.0	0.0	0.034384476108829005	0.05374932910553778	0.07147233957711077	0.05910067827416875	0.046129122714657605	0.0	0.013988991422869697	1.0	0.0	0.44660235913862956	0.0	1.0	0.002371681252274922	1.0	0.0	0.07249950749230862	0.0005567697328536815	1.0
0.0	0.04804433643691706	0.08745258908900799	1.0	0.0	0.037335895734808985	0.05652975762380587	0.0780406227430714	0.0603979839522892	0.05616153967630627	0.005287502305069839	0.013042404781994697	1.0	0.0	0.43694580201643385	0.003247878769165509	1.0	0.0	1.0	0.0	0.07201295698056903	0.0	1.0
0.0	0.04659273557719	0.09624569056805818	1.0	0.0	0.045238461609239174	0.05995548543413776	0.06490727635720679	0.06567292822723143	0.05003616502837295	0.0	0.013041157645680708	1.0	0.0	0.43155399878400597	0.0	1.0	0.0023629592768267525	1.0	0.0	0.07255694664451735	0.0006228037181489501	1.0
0.0	0.04628722041784942	0.09982849748608776	1.0	0.0	0.04867675993044193	0.06516531416090435	0.06742061155144906	0.07615409718763895	0.05624540776992957	0.005218357756388144	0.021874136924265007	1.0	0.0	0.41378477843374556	0.003241398237220965	1.0	0.0	1.0	0.0	0.2116162910563117	0.0	1.0
0.0	0.04331888833836373	0.1011143734148086	1.0	0.0	0.049511312091997106	0.0680203900181579	0.057214526102822585	0.07142348429595621	0.05014173552098721	0.0	0.017825748774474147	1.0	0.0	0.41322521178918503	0.0	1.0	0.00232795309723702	1.0	0.0	0.2103193846530715	0.0006173786292114322	1.0
0.0	0.0402253030845608	0.10277799857780955	1.0	0.0	0.05739651404908484	0.07449404442498705	0.0666879420539349	0.07876139011890598	0.05837707083397682	0.005179201077022384	0.019527053764239462	1.0	0.0	0.4043427127289516	0.0032517178727254925	1.0	0.0	1.0	0.0	0.2104074424598611	0.0	1.0
0.0	0.0404783047783075	0.11187645993738358	1.0	0.0	0.05087024454358026	0.0757854800642723	0.06462570523304804	0.0827829931559425	0.05755014374702937	0.0	0.02107442962391945	1.0	0.0	0.4009770714898602	0.0	1.0	0.002335150696919957	1.0	0.0	0.15785560397952467	0.0006342636288541927	1.0
0.0	0.03059830304596659	0.11338184723639436	1.0	0.0	0.051434424539867775	0.07583611796646593	0.07713767782009451	0.08279050813910024	0.06365239301307107	0.005136066332297556	0.026508160869890784	1.0	0.0	0.3997676863285696	0.003257623394524782	1.0	0.0	1.0	0.0	0.1567724054097562	0.0	1.0
0.0	0.03714268262998514	0.12315953974597993	1.0	0.0	0.05381828793170117	0.07938096105436696	0.07384188137505289	0.08433542739351887	0.06127155544957141	0.0	0.027306428503065115	0.38368668503976744	0.0	0.3937132259183657	0.0	1.0	0.002437890184474692	1.0	0.0	0.2623943688476375	0.000741750531576808	1.0
0.0	0.02460493816189308	0.13051115597849505	1.0	0.0	0.058338712509333805	0.08955873877583201	0.08160981767430917	0.09494044311861294	0.07186487877500765	0.005091932302577087	0.03199874360034357	0.8529067938958195	0.0008262531404994852	0.3550079942725744	0.001289907080556304	1.0	0.0	1.0	0.0	0.26332564305811934	0.0	1.0
0.0	0.04336944707902524	0.13815927859674618	1.0	0.0	0.0615988998000234	0.09583882968640525	0.08155659488871617	0.09495211595568427	0.07164170515646671	0.0	0.03407688477491209	0.849915964867732	0.0	0.35235290013544207	0.0032917601222207386	1.0	0.0023657617772034484	0.8256722974628395	0.0	0.26276903368615084	0.0006702596246016443	1.0
0.0	0.0416424693164484	0.14004495823368088	1.0	0.0	0.06811910377495202	0.10319370462013418	0.08930961447895741	0.10022778862226071	0.08258861437028935	0.00508353170183636	0.03788891242317867	0.8497804507274503	0.003724511784640466	0.35041465385725473	0.0	1.0	0.0	0.7545591010196938	0.0	0.1868726415483629	0.0	1.0
0.0	0.0514953502818382	0.1404294238589445	1.0	0.0	0.0748230558998188	0.10431126605698318	0.08331587022219675	0.10042090422750301	0.08245978327091731	0.0	0.03909680926148402	0.8368899192404575	0.002260674991594773	0.34830217086748005	0.00332801611376822	1.0	0.0046738513789846056	0.6975381093230024	0.0	0.18787687754489624	0.0007065395970129043	1.0
0.0	0.041953155195180475	0.141985838021144	1.0	0.0	0.07507931637582599	0.11114271659488333	0.08765746249168817	0.10337644891326217	0.08952699406636017	0.005040168564171424	0.042840564410858754	0.7798151714983307	0.009874420487748926	0.34769023591458964	0.0	1.0	0.003396397290172097	0.658172844412933	0.0	0.20953822553685944	0.0	1.0
0.0	0.04292279759267912	0.1520779007450882	1.0	0.0	0.078168315468588	0.1149680612956797	0.08482875161868929	0.11318596463170894	0.08630252875640398	0.0	0.05433952535910988	0.5451119150115218	0.012290492893496282	0.34597281827166954	0.0033823998855928164	1.0	0.005438238068678086	0.6541245010996223	0.0	0.21358700484617513	0.0007609481519447339	1.0
0.0	0.04734391387915176	0.15318867317348434	1.0	0.0	0.08440432296509087	0.1192469372446718	0.09633792944709266	0.10752980453485862	0.09848215133884473	0.005046647294655288	0.06200085366598427	0.5348931441269845	0.03852314636341524	0.3446860688505335	0.0003185325313092457	1.0	0.007251243214592701	0.4016815739899324	0.0	0.2161137292222174	0.0	1.0
0.0	0.04954441625148949	0.1594796309819867	1.0	0.0	0.09850645070726889	0.1256970664193965	0.09424409784335043	0.11927846627724692	0.0937072290708479	0.0	0.06301429645056753	0.45021947931775913	0.04648241164879177	0.34402603875220683	0.0	1.0	0.007629476693468372	0.39269509207011927	0.0	0.25318711789045917	0.000806715717760218	1.0
0.0	0.05427542791142346	0.16686069447816995	1.0	0.0	0.09359375154717985	0.13321614620394612	0.10516607227371247	0.11876650298905338	0.10176845164841529	0.004979689061993528	0.07372575464734936	0.4406630480672785	0.06274577692129459	0.3460467238962249	0.0034468431178947094	1.0	0.010092735546007363	0.3888508814128817	0.0	0.13609949959592646	0.0	1.0
0.0	0.05734729996521019	0.17038697083888923	1.0	0.0	0.10036137235743543	0.12609881306346613	0.09984921561951932	0.12700770796746033	0.09814279039665111	0.0	0.07631962077417984	0.3116931918730504	0.06311850912973341	0.34119116695158214	0.0	1.0	0.010665490989043406	0.3879099875293223	0.0	0.13450366234162145	0.0008421443950509768	1.0
0.0	0.05757003870801784	0.16146326257784885	1.0	0.0	0.10035350729889182	0.14095626235605754	0.1100732105801683	0.1251923931987229	0.10418902913690983	0.00490402983213724	0.08403837408471866	0.2964942696739906	0.06873983001409058	0.3427449390097844	0.0034702193367695273	1.0	0.012088133419079248	0.38569011423092636	0.0	0.13644691837632222	0.0	1.0
0.0	0.07292466384138094	0.17260716240694404	1.0	0.0	0.10761573169545076	0.1396843891161778	0.10434784662890531	0.13661619638220024	0.09847095430553736	0.0	0.08676394754358291	0.27837981945694296	0.06996984005475504	0.340456188008351	0.0	1.0	0.012226991264436765	0.3812966519682791	0.0	0.21317008814329652	0.0008248838430349247	1.0
0.0	0.06659015514387423	0.16408002030715937	1.0	0.0	0.10038379539616436	0.15039338201316044	0.11192461765750013	0.13437646139612902	0.10987396897616657	0.004776497306992801	0.08750716710889232	0.2709081660260974	0.07293782179653831	0.34822257455774563	0.003454748097600063	1.0	0.02869468322643102	0.38006713329703357	0.0	0.14928508023106374	0.0	1.0
0.0	0.0854849594204965	0.18237373729629866	1.0	0.0	0.10823861596242598	0.14668497797917526	0.10922914571373098	0.13687478773888195	0.10317530761272956	0.0	0.09046642826398574	0.2675910805510235	0.0729384595569302	0.3482205530440097	0.0	1.0	0.0316278424788205	0.37859693451327237	0.0	0.1501295270294765	0.000826119777654808	1.0
0.0	0.08138494887384777	0.1762994546015108	1.0	0.0	0.11603139923974182	0.14797720887284233	0.11626580914835326	0.12622429476011668	0.10828293146737925	0.004639201543493858	0.09774013896962162	0.25458421834124284	0.07411439136163164	0.35483384161320675	0.0034440506877582494	1.0	0.06334998895686798	0.37373867573420677	0.0	0.1489788379674073	0.0	1.0
0.0	0.09573168852011094	0.1928809552361914	1.0	0.0	0.11028486169582902	0.1350325013485961	0.11000343794415479	0.1276504395712726	0.0986592783384237	0.0	0.10283430393003326	0.2357377489339018	0.07700864662309848	0.35224172213923577	0.0	1.0	0.06560131899188101	0.29600718246094715	0.0	0.3731523397722866	0.0007878764445543003	1.0
0.0	0.09038628331903448	0.1909277495244401	1.0	0.0	0.12482466613073769	0.13664736837331723	0.12353101626220835	0.11585380929072586	0.0992966979502455	0.004459340461754881	0.10776038043886749	0.23077502323899796	0.08417469012007033	0.35997108385065	0.0034069895552827764	1.0	0.07980004574047711	0.2953787854851777	0.0	0.37270928842057366	0.0	1.0
0.0	0.10957635906000865	0.20246893005436167	1.0	0.0	0.12304144426248327	0.1323026883658144	0.12353859350844254	0.12660900989722057	0.0891702036682566	0.0	0.10863300522164253	0.20779202606165584	0.08282559646720228	0.3596200101675425	0.000380350591626588	1.0	0.08078089198019578	0.29524037301568806	0.0	0.37527687114184766	0.0007826396796203669	1.0
0.0	0.10679508576258351	0.19982361604792093	1.0	0.0	0.13671350114369457	0.13052098153702124	0.13476912431952237	0.12050766656597386	0.0982178022171329	0.004302285225725393	0.11598755800657795	0.09268218873655211	0.0858196751298804	0.36228319646244883	0.0	1.0	0.12711870635424963	0.2927139745070764	0.0	0.3739727248709109	0.0	1.0
0.0	0.1068646835178516	0.2161654040056742	1.0	0.0	0.132750727805178	0.1355523799540883	0.127781111994856	0.12665911079325046	0.09688571982645702	0.0	0.11898329556805805	0.09061665539959408	0.08935756801074428	0.3629579854112716	0.0034081384453693428	1.0	0.13226323023461553	0.2914066626348153	0.0	0.3742548518323542	0.0007866984433760879	1.0
0.0	0.10806772540784175	0.21500258592967958	1.0	0.0	0.14451777819202313	0.12445222686022087	0.13111196940275152	0.11541529226307069	0.09807144228290042	0.0041306388783835845	0.13013176877486174	0.08618151782323602	0.09071069030613944	0.36133679047802414	0.0	1.0	0.16154004920948697	0.290091053675559	0.0	0.2602148935195814	0.0	1.0
0.0	0.12305422731421671	0.2299386667917106	1.0	0.0	0.1385687300165887	0.13126217712605662	0.12922714921372744	0.12026418526417251	0.10107030406960664	0.0	0.16947539914584966	0.08404166739952018	0.08762920366575477	0.3691784023837381	0.0034116196586183563	1.0	0.16214255837196767	0.2899093739079341	0.0	0.25934763805298433	0.0007901796575693412	1.0
0.0	0.11811088959583882	0.2168826560677769	1.0	0.0	0.14778174700369745	0.1296851991159674	0.1395699375302514	0.11928467871303006	0.10356511033400129	0.003911884506343031	0.16984077033855496	0.08339718302779342	0.09225917296183453	0.36797803998801093	0.0	1.0	0.16428369259197317	0.2888020713679635	0.0	0.2565705309298346	0.0	1.0
0.0	0.1361475213216789	0.21981272754837045	1.0	0.0	0.14454046078425134	0.14400945328416848	0.1312274690400786	0.12824361781063148	0.10037743792360215	0.0	0.1742396567401854	0.08256614551286097	0.08828734519325293	0.3704953489475078	0.003402735412960911	1.0	0.16677157810975168	0.28863347765031877	0.0	0.2517914872209922	0.0007812954126400335	1.0
0.0	0.13432303954178637	0.20961159732560325	1.0	0.0	0.1525722834391642	0.13722010625148032	0.13684778514517337	0.12586610150065877	0.11260470521659949	0.003677099961048038	0.1783964561277133	0.08122628097152307	0.08890908027858964	0.37398481633533887	0.0	1.0	0.1694998811892012	0.2902944539487832	0.0	0.2507270316790918	0.0	1.0
0.0	0.13718342014463403	0.2121565240966358	1.0	0.0	0.1445867049050618	0.14612977983319525	0.14264476855486866	0.1318830402961461	0.11030050519083906	0.0	0.18521420040539668	0.07922670702187594	0.08882549865246679	0.3760964013402935	0.003375926802112933	1.0	0.17127054768685374	0.28791849733869496	0.0	0.33370340132497395	0.0007544868020471723	1.0
0.0	0.1471389172150298	0.19805246135969895	1.0	0.0	0.15473186117517354	0.14122939354785066	0.12889842234266824	0.12545607151579552	0.11035100262922388	0.003402403097699614	0.1853902543593781	0.07755339511861278	0.08885477921080671	0.3771332269740991	0.0	1.0	0.17183973243451067	0.28985216744411724	0.0	0.333765930231735	0.0	1.0
0.0	0.1446882573890138	0.2051230484899182	0.999835384047898	0.0	0.1468954546096541	0.14865464977859885	0.130790119319336	0.13198321680907202	0.11037238456843962	0.0	0.18540862318307486	0.07493047694500239	0.08084480224947203	0.3811365778555891	0.0033771540736999162	1.0	0.1748209879044375	0.2859309893040684	0.0	0.3341109165317492	0.0007557140736792472	1.0
0.0	0.15782496513169703	0.19125820921778366	0.9966544199633737	0.0	0.15058545839579981	0.14141161710675884	0.12360448664778723	0.1290285906074856	0.11518085844301373	0.0031156133044534925	0.1874953271772803	0.07351448405215301	0.08352879562298687	0.3836431585116518	0.0	1.0	0.18454170930514172	0.2862451063962313	0.0	0.33356938183922186	0.0	1.0
0.0	0.1539093979253275	0.1945956138907871	0.9907570497468702	0.006215091309159497	0.15559720011882022	0.14174392330036756	0.12817733491184163	0.13750778693206062	0.11883747088685502	0.0	0.19159646482734924	0.06792149851737622	0.07781961877858795	0.38727427910800344	0.003365013831956318	1.0	0.2462571424740878	0.2837498931205235	0.0	0.33551103179970904	0.0007435738319492274	1.0
0.0	0.16700003202602862	0.2033746091992679	0.9622502512310583	0.0	0.1508744224879374	0.13627555658954704	0.11735094680846382	0.1360973350035765	0.11634386959936013	0.0	0.19411049785829865	0.06921029539212205	0.08203909769222296	0.4581712715931773	0.0	1.0	0.25145713392778674	0.2838395830668861	0.0	0.33330895828335894	0.0	1.0
0.0	0.15954615231564018	0.1880351583772069	0.8793211560301963	0.009197236374835636	0.1664772594404785	0.1464673135139931	0.12031382773161688	0.14486937145758166	0.12774504530202724	0.0	0.19442571243336335	0.06224405922091027	0.07469785997006254	0.45881296414073636	0.0033650751434382517	1.0	0.2532332663912331	0.28159006879039117	0.0	0.33289059650956465	0.0007436351434353275	1.0
0.0	0.17672844810834626	0.19998763018560664	0.8203268736555911	0.012747995603104446	0.15926025298341343	0.14520264233820118	0.12205934367132348	0.14274102012621526	0.11572590579558156	0.0	0.19653033685296808	0.06594055621218955	0.07478803268094225	0.46166513042632723	0.0	1.0	0.25479120668270316	0.2825545293241918	0.0	0.3327684476860841	0.0	1.0
0.0	0.16913067799497292	0.19640895600074257	0.7249783534887585	0.019344436307225564	0.16852593360946805	0.15759192033958258	0.12032134001909012	0.15038735108611992	0.1211636695682174	0.0	0.19930622916550883	0.06368894145411774	0.07120702723933212	0.4639624107489344	0.0033841252160042848	1.0	0.2569594584153111	0.278323832487537	0.0	0.33249184782383356	0.0007626852160028325	1.0
0.0	0.18655773340309303	0.2103429836993422	0.6639215536122549	0.020059895100410313	0.16372624591236823	0.15054734454906127	0.13287055472016523	0.14525088675566747	0.11506369383438632	0.0	0.20059997531780535	0.07037407324291418	0.0712957650397624	0.46459165770048877	0.0	1.0	0.25931865807640037	0.27617331965520164	0.0	0.33216926251932877	0.0	1.0
0.0	0.180962700768833	0.20714367266852937	0.6063914214784774	0.024307640004277493	0.17187581067651722	0.16427446462778836	0.13120308817564522	0.15232043696594877	0.1089565342485986	0.0	0.2039631093964068	0.06819992181250559	0.06924760783503878	0.4615946066783711	0.0033992147784603272	1.0	0.26137274153394263	0.2751080665677811	0.0	0.3319410614918398	0.0007777747784593215	1.0
0.0	0.19115089617297965	0.22224528590405096	0.5724682264293484	0.025509181873205618	0.16793079118622498	0.16168237214264422	0.13951185105168756	0.14976242883761445	0.10988553270948545	0.0	0.20447178995792167	0.07700811164808007	0.0736383617752913	0.4615974643555021	0.0	1.0	0.2671111330674318	0.27500968393004244	0.0	0.3317140535486918	0.0	1.0
0.0	0.18999486983041058	0.21588595705080585	0.5613623959262997	0.027746790091249602	0.18214270957363848	0.17453774206205033	0.13404491744993946	0.1605799093736701	0.1082552123701893	0.0	0.20605340904420816	0.07858061257783694	0.06962463002429561	0.4557553336553867	0.0034085482075366384	1.0	0.2716241884164855	0.22627625341768257	0.0	0.330865536411045	0.0007871082075358038	1.0
0.0	0.20388431128030823	0.22358875691789987	0.5429255972860115	0.03155909435333098	0.17115116670661115	0.1720573380474731	0.14407021255729802	0.157001875865516	0.09649054295196804	0.0	0.20875168578376901	0.08046681701774133	0.07427096550417903	0.4379586685539286	0.0	1.0	0.2782466080571049	0.22463698641635882	0.0	0.2109158183279096	0.0	1.0
0.0	0.2026606676273859	0.20817175841914765	0.5308032765608779	0.04043892226129828	0.17202991971566278	0.1827134194833226	0.14350620162552705	0.16872607291508135	0.10223324775227596	0.0	0.21377363567708615	0.0812552951294574	0.07290650923620082	0.43206914979664507	0.0034355583832475956	1.0	0.2835286220107755	0.22459474127874332	0.0	0.21202042526502438	0.0008141183832465256	1.0
0.0	0.22083338504005137	0.20953149269366683	0.5093512367180596	0.0409256268425308	0.16275601526343622	0.1770853014127349	0.15162330148252323	0.16777596157277375	0.09356222823841819	0.0	0.2172137311275224	0.08543802472553812	0.07997130687560118	0.42899291598020495	0.00036192658203169074	1.0	0.2857818726852838	0.2230320954614627	0.0	0.22329325869423647	0.0	1.0
0.0	0.20964934489460693	0.199788681769884	0.4890966916445402	0.04976832427777127	0.16801401517121398	0.1852313753903318	0.14517351047301166	0.17475459147673664	0.08702783468567019	0.0	0.2201534451172914	0.08692138060063487	0.0788938588624437	0.42818244648970255	0.0	1.0	0.2893208821632898	0.21923499706704783	0.0	0.22428038001148137	0.0008157084571466194	1.0
0.0	0.2192447653402711	0.2026998610358856	0.4855851971713624	0.047704863320238794	0.16017748918131097	0.17890658594693873	0.1526025164829795	0.1686756461328701	0.07562750081432713	0.0	0.21798405842446936	0.0893046418085746	0.08148678514516443	0.42814148364028937	0.0034391181305645975	1.0	0.29084680722107775	0.2223549656960497	0.0	0.22648067268496905	0.0	1.0
0.0	0.20601847545692004	0.1905424613127373	0.460115524940132	0.058409849948904954	0.16221576758919015	0.19220039781496895	0.14448517843923855	0.17610454906146958	0.0713653156915321	0.0	0.22391708971933036	0.09214411615959875	0.08480490897915317	0.42769288479120454	0.0	1.0	0.29138171447235456	0.2219174276765782	0.0	0.3575123214103031	0.0007955909499642244	1.0
0.0	0.21026571848402117	0.19176778433623382	0.457265247508853	0.058354176448191644	0.14690820917622072	0.18649987570692705	0.15589833617371018	0.17577859511896068	0.07069985926839112	0.0	0.22253700011075875	0.09603657623134139	0.08706184380875243	0.4252732961634247	0.0034161642396410463	1.0	0.29142064654614713	0.22560997191243748	0.0	0.3564195702845469	0.0	1.0
0.0	0.20058093385672865	0.18247541123713365	0.4561266068802444	0.06934904391087257	0.16179490896271723	0.19908736496063495	0.15272824278271918	0.1723514677197701	0.070653363232928	0.0	0.2329273062494382	0.09636195692860916	0.08708052483131892	0.42177046780367744	0.0	1.0	0.291508649910729	0.2262102884469898	0.0	0.3588576263550355	0.0007883542248610723	1.0
0.0	0.20992492217493425	0.18962314618247098	0.45549774773386903	0.06922851201218783	0.1515535477890295	0.1925042647986668	0.16270641829686922	0.18357946052651808	0.06340674239580697	0.0	0.22701278614701514	0.0977642530579369	0.09536200705397407	0.4194744667562029	0.003400997555374009	1.0	0.2928195991197875	0.2575096406293208	0.0	0.35815408542011085	0.0	1.0
0.0	0.19368825154991934	0.17240248899550395	0.45431380940979826	0.08406955096138391	0.1593216824358061	0.2019550444487821	0.16017713334236786	0.1833208211905749	0.06131759181190325	0.0	0.23004195090614835	0.1021763824866542	0.09120715538536524	0.4156019539711039	0.0010771279352093216	1.0	0.2940092818161925	0.25845889348930146	0.0	0.3593466142755358	0.0007810800753147045	1.0
0.0	0.19309326932260637	0.1809748693715406	0.4534858395001525	0.07576866303874455	0.15027812226565976	0.19813842257164369	0.17051472643389415	0.19640161382191315	0.055091293682327874	0.0	0.22921091386921977	0.10501850191856549	0.09764752982395856	0.4139209707322885	0.0033188593138379994	1.0	0.2966473788286951	0.25836542105027793	0.0	0.3576398070725383	0.0	1.0
0.0	0.1994596020098304	0.17915002760035806	0.4513389314085664	0.09219455449820771	0.15624120202439584	0.20707761626768253	0.16694693603014837	0.19398546905622366	0.05030203108213846	0.0	0.23491653740624563	0.10503455138260852	0.09903066131319625	0.4106541577957949	0.003319687036349589	1.0	0.2967248244010857	0.2596930760992628	0.0	0.35875824039395315	0.0007792681220534284	1.0
0.0	0.18386219439252655	0.17020099882494572	0.43797083392892594	0.08576839087664866	0.14928469948935708	0.20214989883834436	0.1761571167546358	0.2064132671848233	0.049200901534958014	0.0	0.2307779694632852	0.12814468373591759	0.09660237287169489	0.4076541667849766	0.00441489113736576	1.0	0.3023669028748906	0.25798847761062843	0.0	0.23110286404908523	0.0	1.0
0.0	0.17716771040727314	0.18440029512932768	0.4412121321418104	0.09789994491577354	0.15128022272119665	0.21541234977120394	0.17069755364692463	0.1937985540474851	0.04299516360911333	0.0	0.23470471142789012	0.1316349995939387	0.10534942617868598	0.4048185194841056	0.0056692654454062645	1.0	0.3030978975153312	0.25479984623797247	0.0	0.2315281352503727	0.0008052209353780599	1.0
0.0	0.17655556197905894	0.16886875689305922	0.4279781389172087	0.09631822254958594	0.13600418835913422	0.21121053042762353	0.17693791652342544	0.19629240152564673	0.042849147781218164	0.0	0.2396658713290854	0.1333082064127102	0.1053782638104542	0.4010506831572587	0.007577841061925703	1.0	0.3043651931067097	0.2569078110945175	0.0	0.2523618459760238	0.0	1.0
0.0	0.17283632737248272	0.17607530526711732	0.43226850317253707	0.11180822657389244	0.1379399315925145	0.21278647964482317	0.1747804056725766	0.19008210918114435	0.03791394693379941	0.0	0.2346845480657876	0.13636216681171368	0.11746230511539912	0.39767268879423995	0.007663960293723728	1.0	0.3073350882450675	0.2534588247823975	0.0	0.12554491181122665	0.0008259308451392705	1.0
0.0	0.16843141091001732	0.15807832056858356	0.4181227563318912	0.0975760859739442	0.12272969124757335	0.2074946097818496	0.18243589710335736	0.19169219897394432	0.036477863005756214	0.0	0.24451391308032283	0.14549811652067304	0.151008707126283	0.3976179959988579	0.010725413748855304	1.0	0.30824494204530456	0.25539618576347906	0.0	0.12580496516803863	0.0	1.0
0.0	0.1684355092708919	0.15820840384447202	0.4226114921064748	0.09757571797781676	0.13081242869433235	0.21087746512045763	0.1798485823527321	0.1916956207164224	0.030615149578701276	0.0	0.24402797770247708	0.1435809578676034	0.15194289965297486	0.3960390631628297	0.010870685876560397	1.0	0.30873249677799225	0.2544757257179195	0.0	0.12491042139901005	0.0008299773059253489	1.0
0.0	0.16120408640304296	0.14143450638770863	0.4135472407242179	0.08245360896594257	0.12080583382553174	0.1985691102514865	0.18372581654176606	0.1843879325404934	0.025571306506931464	0.0	0.251083662621009	0.14916766984564817	0.15698996547156538	0.3934289135158332	0.016546440008325187	1.0	0.31081730591462164	0.2569055095099444	0.0	0.23431013395457026	0.0	1.0
0.0	0.15918669703159855	0.1527872820286331	0.41633395037647314	0.08446190627947643	0.13369803760086932	0.20323379643285186	0.1753559042822924	0.18726584699096932	0.022684130473516067	0.0	0.24712628670111028	0.14292002778238908	0.16328417358072572	0.37887654561357326	0.011061329719862179	1.0	0.3109889019808112	0.2662169055855284	0.0	0.2366523987590971	0.0008157930878603155	1.0
0.0	0.15263209482822993	0.14294315814547834	0.4007189557093071	0.07628704009497579	0.13120251489944806	0.1958272470857938	0.1759989156717511	0.17572380592995035	0.019176568574067097	0.0	0.25580844954332893	0.1455747340936421	0.1658344015553581	0.38005257207224535	0.013026881457841536	1.0	0.31241068156034263	0.2641216397747829	0.0	0.23732041037776364	0.0	1.0
0.0	0.1515382859984837	0.1557958971187943	0.40618769642722435	0.0825292509596141	0.140159024698432	0.19706604133634797	0.1668463088017452	0.17916676293819125	0.014551196349132193	0.0	0.2509207390430881	0.1363017011181444	0.17051798139927704	0.3732417334309899	0.009444614542898393	1.0	0.31491448267128924	0.26725884136576966	0.0	0.23806257762041264	0.0008257687034705725	1.0
0.0	0.1419098286998438	0.15220886766592337	0.4014878639498083	0.06985263742602177	0.13243053568619884	0.18317281528240537	0.1704645130999463	0.1693368956592083	0.009845669528786186	0.0	0.25705398440067595	0.13810745084070986	0.173553613341055	0.3807278207013803	0.009443797815830948	1.0	0.3167915474862953	0.26677015814028554	0.0	0.23860073017490055	0.0	1.0
0.0	0.14954684337297325	0.17005252363495804	0.40163556572872455	0.0755020078402956	0.14150464593106926	0.1860507661113882	0.1598808053421409	0.17342679984286	0.013645756732683943	0.0	0.2520924646171012	0.13173833787877684	0.17530722128211218	0.37868301080445665	0.002952449550508969	1.0	0.31961541099653923	0.26989301074526545	0.0	0.2396048157751669	0.0008268802047819796	1.0
0.0	0.14740580231683378	0.15956037844404286	0.40599828715597985	0.07386817967686837	0.1341342618669456	0.17400036982863404	0.1588625300707406	0.1616495472299349	0.006244331917917099	0.0	0.2607248980211044	0.13481025045583778	0.17335800255187622	0.38073879359687823	0.005617159353435749	1.0	0.3197398472422869	0.26906198887979954	0.0	0.37127973378628665	0.0	1.0
0.0	0.14506832768931052	0.17593133739947947	0.3985247986758037	0.07872258527352922	0.14202396971930867	0.17626349562698276	0.15684717419071378	0.1650046377667356	0.011862819040057275	0.0	0.2573938410472333	0.1283321901408563	0.1791335482997703	0.40609906763894493	0.00892736478535535	1.0	0.3200670969272633	0.2711056453417382	0.0	0.3736378208720355	0.0007955488176931591	1.0
0.0	0.1360937825181204	0.16392959702855003	0.40752241299469305	0.06415027451210563	0.13439738319878577	0.16302670677823689	0.1557407841455524	0.15845988872772684	0.0	0.0	0.2655951061286606	0.13578070895746652	0.17788798502410835	0.40966628927586346	0.005114362338770137	1.0	0.3226982767747571	0.2702072183455257	0.0	0.37332990951487216	0.0	1.0
0.0	0.12628825376849181	0.17301407402047303	0.40239877135212726	0.06411964322150582	0.1451866038537677	0.17020741626331723	0.15470395807362708	0.15955614070278795	0.0060310194156527755	0.0	0.26217412581823324	0.1344906772367072	0.18404870876137872	0.44087096834236444	0.00850753789289916	1.0	0.32379872982577046	0.27331980236510084	0.0	0.37570333433850267	0.00078992675282832	1.0
0.0	0.134200006022813	0.15981016853198235	0.41648833694200027	0.048429318063657606	0.14043268834192094	0.1583737464283827	0.1558831955237133	0.1530025634000614	0.0	0.0	0.2667005176334976	0.14249828104437884	0.18023521096716336	0.6249208542656693	0.0015956544259358102	1.0	0.3249963598510259	0.27242096053088916	0.0	0.373498541423205	0.0	1.0
0.0	0.12991269218667884	0.1742625160341748	0.40881233733955324	0.05674182823572526	0.14908653246191436	0.16091914699227028	0.148844814151986	0.15299795769567318	0.00599322708715262	0.0	0.26170625226786287	0.13796895166956594	0.18508758781979623	0.6249624311620336	0.0033743413687416643	1.0	0.3261057820536804	0.2724324556384279	0.0	0.37450637700113604	0.0007529013687410696	1.0
0.0	0.11112145048077554	0.1592482086985962	0.42297053395546064	0.04472368265760725	0.14808606464817609	0.15178102594196982	0.15556345337436206	0.1522217848971937	0.0	0.0	0.26733783104843506	0.14564954638328376	0.1843260031123456	0.6288021586152488	0.0	1.0	0.3280056796743569	0.30846269488072475	0.0	0.3721492509572378	0.0	1.0
0.0	0.1155760078082217	0.17084378932946387	0.41630481934852354	0.04381139302509393	0.1587741199870766	0.15732541067821354	0.14855252945372713	0.14566129246197543	0.005987230483516436	0.0	0.2623901963457416	0.14161304248334936	0.19241380084352186	0.6284624876348385	0.0033692989943963606	1.0	0.3300026861239255	0.3096451584207799	0.0	0.3734048644355625	0.0007478589943957401	1.0
0.0	0.09635672243769274	0.15333045293429062	0.4285984997641779	0.043803293656735236	0.1527507476386871	0.14715826311808342	0.15058835508254997	0.13376949287194967	0.0	0.0	0.26871215519309	0.14241864715355543	0.19041229681983826	0.6316866868967699	0.0	1.0	0.3309090293051014	0.309822334487179	0.0	0.3721363464644408	0.0	1.0
0.0	0.1059211488694257	0.162985264215679	0.42201406294460536	0.03595680265927252	0.1615347586709365	0.15458576603259974	0.14076847325865785	0.13194165589951007	0.0059905938868665375	0.0	0.26375518274539134	0.1467531732957786	0.19770490164101756	0.6316901032492477	0.0033738364964241386	1.0	0.3331190406724195	0.3103309685982284	0.0	0.37108516226130667	0.0007523964964234603	1.0
0.0	0.10198501972830809	0.15370414607220298	0.43674532014180306	0.02634946146387475	0.16033838411499704	0.13984386674357274	0.14351515821250665	0.12510282709467224	0.0	0.0	0.27026237902160066	0.1777157986430103	0.1976073338650244	0.6315435194475586	0.0	1.0	0.3355356576995221	0.3123916657861786	0.0	0.3691624669899051	0.0	1.0
0.0	0.09492561465476544	0.16496033062323812	0.4288925103034476	0.035319463445252566	0.16972111050009722	0.14516587126576222	0.13293734898584547	0.12212020933942258	0.006016602766544402	0.0	0.2689124711257083	0.18232301548146795	0.20502183691083747	0.6289592294972589	0.0034012769011440955	1.0	0.3371560204970686	0.31177271380211846	0.0	0.214573587092493	0.0007798369011430084	1.0
0.0	0.08621964791619569	0.15200740534242194	0.43998437793690637	0.020641828913089084	0.16445479891755455	0.14161385149971203	0.13434572503565673	0.12098659701845954	0.0	0.0	0.2791136767898304	0.1908741837236692	0.20004240733295792	0.589055065850297	0.0	1.0	0.33889464781440387	0.31240342377621755	0.0	0.21207875545918045	0.0	1.0
0.0	0.07110273395423602	0.15804201214768127	0.4328911591744881	0.028686897140536693	0.1773033611991865	0.1555019037817257	0.1327614912196861	0.12091591134251164	0.006023666605791224	0.0	0.2771367821149294	0.19436608015401297	0.1965960347154031	0.5822289312701356	7.793386744771246e-5	1.0	0.33946579213504247	0.31181582456667256	0.0	0.21185454013460878	0.0007886327546145472	1.0
0.0	0.08350735761349165	0.14552786692660144	0.4459974535960741	0.013506106782769783	0.16933393936956362	0.14935139890358384	0.14586865717871222	0.10769092878942696	0.0	0.0	0.28667359818195653	0.19450170771311376	0.19659105355319648	0.5810841504758983	0.003415951974756015	1.0	0.34053186282596765	0.31039021677477224	0.0	0.18224953452117595	0.0	1.0
0.0	0.08290483667656437	0.14829092358600082	0.44111848589827635	0.020653011837966345	0.17718375942827147	0.15860276644506108	0.14279791923309534	0.1060678899170806	0.006025532441299244	0.0	0.28641863658993705	0.19487876768020845	0.19470749065857593	0.5758403198827076	0.0	1.0	0.3431939360363671	0.3098544301075347	0.0	0.18077262911547912	0.0007925804050600873	1.0
0.0	0.0978393818961834	0.13906014643718898	0.4556743441693474	0.010327485452338426	0.1835428862583597	0.15391939103644575	0.14872958654880725	0.10161794054010582	0.0	0.0	0.2939824729102449	0.19722045597644847	0.19415473943535982	0.56933709903005	0.0015855209592995807	1.0	0.34490349067426707	0.30841707106934124	0.0	0.17932822254399347	0.0	1.0
0.0	0.09246660077400855	0.14613857487943466	0.4554227485473401	0.01211379181124947	0.17808553918575584	0.16531108107023348	0.1429009533940516	0.09725476764599629	0.0060436957733628425	0.0	0.2911027517988381	0.2009821797142455	0.1907513286420922	0.5660724145505428	0.003434705279281761	1.0	0.3453758434518158	0.30076466095840226	0.0	0.07797143153080441	0.0008132652792802246	1.0
0.0	0.11028143534280216	0.12821947173989978	0.4712365528805604	0.009389536285909064	0.19196275806804117	0.15781610991940226	0.1498417310654975	0.09674527493143292	0.0	0.0	0.29221838356982344	0.20539461228656436	0.19043082635913863	0.564582412712128	0.0	1.0	0.34545826817944236	0.29938053603488257	0.0	0.07818842507640036	0.0	1.0
0.0	0.10688534602135827	0.1369702181966492	0.47000830429869267	0.017848357965319	0.18467000232714867	0.17116422300090522	0.14984895045723282	0.09573269221156237	0.0060748321738466424	0.0	0.2842615983658684	0.2103243004205225	0.1804125439329318	0.3852723981814884	0.0034687720959964566	1.0	0.346126999703845	0.30117690866316765	0.0	0.07749998201529283	0.000847332095995271	1.0
0.0	0.12050572961486011	0.12739247981308327	0.46993769302911975	0.005786549153295005	0.19834983259888717	0.16828199925978712	0.16372575474895582	0.09464592880743679	0.0	0.0	0.2851628792036472	0.2058058525331499	0.17938954495493523	0.3840661806145337	0.0	1.0	0.34852431736128264	0.2980127394453977	0.0	0.078671497488351	0.0	1.0
0.0	0.11711416928151513	0.1301644555456303	0.47569082982064936	0.019376400022347317	0.19702079236510003	0.17600997427723242	0.15805446320753014	0.08619957084723874	0.006014563047464665	0.0	0.2789418477588498	0.2124957219151043	0.17025704780854758	0.383117745522892	0.0034119382509532376	1.0	0.3498688417152312	0.2989180082785287	0.0	0.3378292522863505	0.0007904982509528862	1.0
0.0	0.12907792350481517	0.12096523649229615	0.4654683467065494	0.011192815458914368	0.21205439079351834	0.1758048951182603	0.16823365652301592	0.06994832858543015	0.0	0.0	0.2841741333127174	0.207796888337867	0.1683249231530369	0.3826482871293137	0.0028491078633438765	1.0	0.3519256281341151	0.2952311627911745	0.0	0.3368387532571206	0.0	1.0
0.0	0.12532551889260451	0.12193495031308142	0.4691093502956959	0.0209580048795606	0.20359554062711196	0.18350328209144473	0.15870211613371543	0.06941458032959688	0.0060125423330728645	0.0	0.27549571365719716	0.21333612729100168	0.1667414210236363	0.37880853027472705	0.008886554361101405	1.0	0.3532427651744204	0.2993628924249171	0.0	0.3369880139349315	0.000792485629103002	1.0
0.0	0.1416554176430562	0.104213231262455	0.45511100149267686	0.007965499267302755	0.21841953736800415	0.17903698727228917	0.16891846241869368	0.06910740864577133	0.0	0.0	0.2759076345716155	0.2106022796516379	0.16442654309107194	0.3762255437596967	0.005926797648613677	1.0	0.35228733032879145	0.2975451620509456	0.0	0.11067954549310993	0.0	1.0
0.0	0.13203638466076026	0.11157938304928054	0.46373942321544925	0.024462865138788658	0.2101928724339236	0.1864499424822979	0.16790810981737658	0.07481386662931173	0.006055689329671099	0.0	0.2703614363601689	0.2195459265333099	0.16296572711052393	0.3754189009268836	0.010871124209523079	1.0	0.3563020584327391	0.3004010897595881	0.0	0.10816375025847695	0.0008402879496351991	1.0
0.0	0.14269321149686431	0.09965380927128852	0.45486033171478224	0.016331474919865162	0.21811794482430835	0.17960879480712647	0.17503749030668878	0.06483294943298104	0.0	0.0	0.2709220264398271	0.21505440298034004	0.16291243982298692	0.3733203533887996	0.006413948272110667	1.0	0.35381394639568026	0.3007632473494703	0.0	0.10960341370535821	0.0	1.0
0.0	0.1335942853071723	0.10057441319428799	0.47196515786190557	0.02510716490762049	0.2048791036551401	0.18763340947497492	0.1682383578186588	0.06894033904531195	0.006055042342466718	0.0	0.26810383760414974	0.21906350475224018	0.16289876280861643	0.3743307886504801	0.012263867837655634	1.0	0.35576516578632617	0.30112748515639	0.0	0.10915999107535544	0.0008450266170309464	1.0
0.0	0.14774342902762533	0.08977737468890702	0.45723546776574603	0.016873808868899144	0.20496328697902128	0.18424106001928373	0.1768843244010595	0.05702108051349333	0.0	0.0	0.26739729718862654	0.21778359873198994	0.1571778070062148	0.36975332625625307	0.012016993303845014	1.0	0.3542814271027749	0.3012932978397733	0.0	0.3625817764595627	0.0	1.0
0.0	0.14716458395300222	0.09894688962612895	0.4659510822423901	0.02954720146737514	0.18987349788919106	0.19254099790318524	0.16945640366657008	0.058876253673759954	0.005994280078622853	0.0	0.26432271628876086	0.21779353854703962	0.15736969293657324	0.3768916639063817	0.017664483065786	1.0	0.35424196853104617	0.30343346520032577	0.0	0.3627569575865323	0.0007904704206535032	1.0
0.0	0.14920795000142373	0.10770014667560832	0.457237310599364	0.021524057017093392	0.19705545500918029	0.1910769422765995	0.17405673893303386	0.04617715861199934	0.0	0.0	0.2635518105024589	0.215552787321565	0.1503807838762971	0.3758619950043626	0.016964968490832115	1.0	0.3542211936698995	0.3048200970620631	0.0	0.36167515543884726	0.0	1.0
0.0	0.15268112805581793	0.0967399961800832	0.4698310976620101	0.030325498440330244	0.19242551526165297	0.19439154745353698	0.1652877364829854	0.046245808380400724	0.006005486702762787	0.0	0.26168490683182144	0.21680200375276298	0.15309999323302412	0.3818672145123653	0.022361531251298274	1.0	0.35217809702218733	0.30588844157283435	0.0	0.27091953683605446	0.0008088005920463462	1.0
0.0	0.15522543118811866	0.10588598641011875	0.46480229789264405	0.025355266422473443	0.2051981256554781	0.19537379110070766	0.1667292385341147	0.03480751207482573	0.0	0.0	0.261597750393343	0.21022784809700282	0.14807402209308243	0.37400813192654103	0.02255416645277871	1.0	0.3515436638129625	0.3080359197453279	0.0	0.2705311881900149	0.0	1.0
0.0	0.16432917224772126	0.08939891001231681	0.47286804280122385	0.03137968411469999	0.19901750173717866	0.19932821011525062	0.1562641587185911	0.03738545432529891	0.005995029912279662	0.0	0.26075236535243956	0.21159293680518007	0.1481857971448965	0.3767849575323792	0.025304724618187682	1.0	0.3471239973973776	0.33789551676379503	0.0	0.2695835721232681	0.0008064915984656558	1.0
0.0	0.16623981441820673	0.09351916959773454	0.4717064111813602	0.022993378252335134	0.20903524659059014	0.19707488389507438	0.16450901693989806	0.03060697023053055	0.0	0.0	0.2597377973381873	0.20700980853743617	0.1395550599706358	0.36977023671875586	0.02774065572722628	1.0	0.3469023449154398	0.33680989930081134	0.0	0.2536204573449321	0.0	1.0
0.0	0.17928691508188024	0.08419739687017568	0.48705264173760177	0.02876906628365123	0.20600108227361968	0.20900888058172107	0.15382915838620417	0.036991459868407336	0.005987591336564643	0.0	0.25433162722983294	0.20767817050494516	0.1416867235628683	0.3695183198075715	0.02781094562357346	1.0	0.34583351499573495	0.34118589761654405	0.0	0.2534355748209563	0.0008083422379578709	1.0
0.0	0.1762282422559905	0.09145047304993942	0.48532665008867265	0.014402430702060647	0.2162892054854403	0.2013703085354343	0.15439852388672548	0.0265802748417914	0.0	0.0	0.24943286280052643	0.19952123808639766	0.13540312331567803	0.3693224772292131	0.03007526639642926	1.0	0.34474346162044633	0.34098820924233175	0.0	0.32875827257928514	0.0	1.0
0.0	0.18560643673529056	0.07395843204432818	0.5016651374377505	0.02267435739406691	0.2093363889594974	0.20645189442586223	0.14739638401849245	0.03177602001003656	0.005958039338787642	0.0	0.24921847988391663	0.20016356113346398	0.13976704455489777	0.3678361046682393	0.032516475450039994	1.0	0.34567949840317425	0.34268225207749226	0.0	0.3298820157003978	0.0007893480869931952	1.0
0.0	0.18742463011827848	0.08251943321526542	0.49370710710301136	0.020869326795296163	0.21960326997905377	0.21195613795827506	0.1599186277054206	0.026961373240051757	0.0	0.0	0.24814062681815585	0.1940976871578532	0.13368137650020023	0.3656623881489131	0.054250778066090764	1.0	0.34259195493314976	0.3447925375818166	0.0	0.32866016046338187	0.0	1.0
0.0	0.18859182504296862	0.06495363919954841	0.5068804617056758	0.02285621035088327	0.21475368875731626	0.1983117507672892	0.14787481519265627	0.025814895694606318	0.005957503797034463	0.0	0.24619352670659175	0.19950805927677503	0.13582909988314784	0.36226012439601807	0.05551703234382263	1.0	0.3424421286439392	0.34150385561308544	0.0	0.2641453551821016	0.0008007770223291588	1.0
0.0	0.19930332719748461	0.0833054895003701	0.4994823385272991	0.010207045554902268	0.22756230669347483	0.20596855768719835	0.15532289897970245	0.020132767510693823	0.0	0.0	0.24235783231188743	0.19619738667974906	0.13152769941707254	0.36125899186303967	0.057000942176072864	1.0	0.3421865719350671	0.3401079223255769	0.0	0.26339734814848054	0.0	1.0
0.0	0.19478036215463163	0.07597577027089722	0.5132998754896665	0.017959394885626243	0.21929727051850925	0.2028458161220942	0.15041362393236235	0.019410426182978835	0.005918031353224877	0.0	0.24123810633454726	0.1967951416801115	0.12834872482536977	0.36040819893139925	0.05567959583794691	1.0	0.3418662915223812	0.3379884952629967	0.0	0.37732386386003797	0.0007748260240594122	1.0
0.0	0.2048301992467284	0.08234380439693441	0.5079064395886027	0.006671472501452714	0.22968331284582433	0.20600044342393375	0.16273436629737245	0.022066502665270854	0.0	0.0	0.23644311198187226	0.19620909819122775	0.13277821720095326	0.35712753397907876	0.061844154936065404	1.0	0.34351701208316293	0.33727855642971566	0.0	0.3784896578296158	0.0	1.0
0.0	0.20371018682044173	0.08784420168080449	0.5011159693716783	0.008198390257628835	0.2282013319113645	0.1958277522228372	0.15731129493517554	0.011268986954433834	0.0058989384614393835	0.0	0.23627624961176308	0.19810060915810423	0.12532425477983267	0.3545240065041194	0.05977925494712226	1.0	0.3397079963955739	0.3365665272620065	0.0	0.38078082751541364	0.0007709769242965282	1.0
0.0	0.22158158339931994	0.09424490634206532	0.514731130349008	0.0	0.24141508806819786	0.20124196232266145	0.162088503751022	0.012777080197423091	0.0	0.0	0.2349705092702607	0.1913562923521807	0.12752677703911222	0.35305581104327877	0.06489269588598408	1.0	0.33974706259048026	0.2331485320370045	0.0	0.38187595078143804	0.0	1.0
0.0	0.21209006667783115	0.10332219003824032	0.5146492005324717	0.008215059271126441	0.23899269745480878	0.19288440559404066	0.16050621819355518	0.0	0.005898463849550448	0.0	0.2334136483517929	0.19599147460792957	0.12222635417440789	0.3510817069130931	0.06481977747781224	1.0	0.3403760205517954	0.23234239373002932	0.0	0.3829862024485481	0.0007876459377939996	1.0
0.0	0.22247125360916614	0.10336254513968796	0.5146465340334853	0.0	0.2500107997286921	0.1937869126421298	0.172588600839915	0.006475722648383123	0.0	0.0	0.23035468213601068	0.19105673628269598	0.1291172009839442	0.350559666167537	0.07175968243875348	1.0	0.33747256265960696	0.23035211214072052	0.0	0.3825500807059938	0.0	1.0
0.0	0.2176382649728804	0.10728286713773447	0.5123737906328605	0.008216204998580551	0.24563013462058508	0.18415850714998602	0.16984851447074778	0.0	0.005880370191934986	0.0	0.2301181446455563	0.19275593844914823	0.1249063257627879	0.34826757029732996	0.06923738793824936	1.0	0.3385910817737709	0.22959436572467293	0.0	0.38447072246327474	0.0007887916652481051	1.0
0.0	0.22002997414435688	0.10889499526936237	0.5255036992223612	0.0	0.25779460353372974	0.18493190955796815	0.176849978434068	0.00647389955439648	0.0	0.0	0.2265176963487582	0.1869050116828677	0.1316635017139427	0.3440741593599369	0.06726459179268844	1.0	0.3348573332181952	0.22790056305444983	0.0	0.38383896443701726	0.0	1.0
0.0	0.22016198688645866	0.10912601329299246	0.5181969002934429	0.008218876558943074	0.25122143735807095	0.17511222012935973	0.1738373007301681	0.0	0.005861494223271172	0.0	0.21953668970291748	0.1916812039129252	0.12741715851708987	0.3415004256342339	0.06748380477934614	1.0	0.336628380457205	0.224136095396179	0.0	0.38489339380468085	0.000791463225610612	1.0
0.0	0.22584288644988207	0.11076959322055895	0.5182804534612335	0.0	0.2661217129587358	0.1765545328446088	0.1848924146073748	0.006477619171388617	0.0	0.0	0.2195284365607428	0.19030080098071758	0.1357145799265358	0.33761408846708535	0.060854290379163185	1.0	0.3339812123437654	0.20875688395572906	0.0	0.3833722984789533	0.0	1.0
0.0	0.2418600337801697	0.11083440844700797	0.5070284779184077	0.008508580983292765	0.26259315786090637	0.1677494090697117	0.1743194877577772	0.0	0.005840904672431765	0.0	0.21356417553558393	0.19401021508035998	0.13423138973995388	0.33521369310617555	0.06363971713486682	1.0	0.3348211105439774	0.20656542312933687	0.0	0.38437006193160933	0.0007949607799658055	1.0
0.0	0.23590579708900972	0.11106107040289374	0.5091343341210343	0.004818984295237347	0.2782990335912724	0.17274663401906992	0.17605470146915603	0.00647469739761104	0.0	0.0	0.21879620875221106	0.18921094522636608	0.13920068011429812	0.33196827592138717	0.06291100517857981	1.0	0.3318321698921819	0.20737331077899185	0.0	0.3837586905021011	0.0	1.0
0.0	0.25505781537459715	0.11110650468617538	0.5056738950692432	0.016818282752716178	0.2755765791549073	0.16016270009390296	0.16523937863205473	0.0	0.005815862730519133	0.0	0.21503882538241298	0.19270591889873342	0.13674028973205657	0.32504490590986546	0.06300353247547788	1.0	0.3332104800521246	0.20905002126014005	0.0	0.3826610112497112	0.000796798074988724	1.0
0.0	0.25422540365759166	0.1193464691262592	0.5012599662831297	0.00954842699673671	0.28906928990851977	0.1652246395224535	0.17611978699267	0.00646933229046774	0.0	0.0	0.21234120308917814	0.18605335355215358	0.143411253247244	0.31598898530334335	0.06247736558444654	1.0	0.32883891412588556	0.2297183495211041	0.0	0.3830234706160093	0.0	1.0
0.0	0.27284109429511516	0.1211263707494844	0.49991328626932713	0.020834010381553858	0.28889612235330286	0.15076611088890038	0.16400595422347664	0.0	0.005784796516679719	0.0	0.2106520403811785	0.18994443490260232	0.14523731622088046	0.2793977459606136	0.06826013364181466	1.0	0.33120699373648227	0.230934944008293	0.0	0.38124364341110695	0.0007956780237115108	1.0
0.0	0.26930489307502387	0.12486746988585994	0.49450060038618066	0.012705270770449318	0.29704453755896454	0.15593720649346254	0.15827648425974877	0.006475372792502022	0.0	0.0	0.20924052734829185	0.18087237824592164	0.14920654812510592	0.27930291364136567	0.06691841732600143	1.0	0.3270101728770919	0.23123519713675345	0.0	0.3812415591020582	0.0	1.0
0.0	0.2835911445727603	0.13595013499197514	0.49090731470392057	0.026190326753961598	0.29107571381318154	0.1430961104960913	0.1615381859370221	0.0	0.0016079533545672162	0.0	0.209136421459835	0.18557332619606293	0.1519399670671864	0.2769164362859924	0.0716741031079226	1.0	0.32735170170348854	0.23300209345022582	0.0	0.37906261417273296	0.0007974599123865718	1.0
0.0	0.2756117782487605	0.13798769524010152	0.49041982016827435	0.02045259645342619	0.28524646879711957	0.1548228556595381	0.15286710809835824	0.006498680809660586	0.005756713799427369	0.0	0.2050913443597012	0.17816781641921245	0.15205229292637287	0.2747031216129057	0.07051144760202584	1.0	0.32464911315591577	0.23455945591114083	0.0	0.25580159043693773	0.0	1.0
0.0	0.2931500813031258	0.14749582655353038	0.49787627812478624	0.034241604099799386	0.30086566792427594	0.154700097030783	0.15242170391505264	0.0	0.0	0.0	0.20274327593266034	0.18147846808782844	0.1550018451339827	0.270785835388618	0.07698015800515207	1.0	0.3257953274582543	0.23614672988839983	0.0	0.256075696346235	0.000817117385769338	1.0
0.0	0.2835932398353903	0.15611293282446864	0.4882364956714224	0.02446254610645326	0.2900093382992218	0.15773988566949798	0.14861735167789977	0.006491051432981433	0.005710237120732314	0.0	0.20201696626027293	0.18091745780570367	0.15859713619609384	0.2691104680034927	0.0714315423254616	1.0	0.32312143309342595	0.23791033270236664	0.0	0.255772779701507	0.0	1.0
0.0	0.2955600471602717	0.16564866680290063	0.4880105044483716	0.03407392048369763	0.2979162991763146	0.1591632314570978	0.14341054202159448	0.0	0.0	0.0	0.19233979580216298	0.18577630581994173	0.1587267558642175	0.26163892518332754	0.07592308105431961	1.0	0.32540471997339604	0.23735479306336474	0.0	0.25588115309262066	0.0008176488556443588	1.0
0.0	0.29432258582922277	0.16753682366846342	0.4804830379947624	0.02585924792895878	0.28605481511588915	0.15681401475276996	0.13858027694240285	0.006491573422343178	0.005667688783632112	0.0	0.19374079626163102	0.18100890054059485	0.15894358079361734	0.2636033770532323	0.07881503017026799	1.0	0.32540439959330175	0.24148162374419962	0.0	0.25685483621073835	0.0	1.0
0.0	0.31028136275211166	0.17551337402323985	0.47968616220959037	0.03905056836610252	0.29214254451782956	0.16737706432773594	0.13765573041399606	0.0	0.0	0.0	0.19285706482990378	0.18966393443734086	0.16112569790047218	0.2591280617576257	0.0795805408298339	1.0	0.3257050700485305	0.23905715371159433	0.0	0.3326590983271533	0.0007945379368602728	1.0
0.0	0.3030420268994405	0.17570852191762376	0.4722232782241268	0.022476800408362627	0.2843522937725083	0.1629205284190897	0.13499968985090155	0.006475463725322141	0.005603886977052669	0.0	0.1876652156186707	0.18495896350004315	0.16137483275641384	0.262459003089141	0.08038104130504255	1.0	0.32669887227353356	0.24022422383207986	0.0	0.33168493625153483	0.0	1.0
0.0	0.3030577155403327	0.1826908434692948	0.46987976193224557	0.035517004554765766	0.29131430098863564	0.17024831208420024	0.12960559075975134	0.0	0.0	0.0	0.18694068560755625	0.19058593571388288	0.1638268965745031	0.25897872676445133	0.08270477924386736	1.0	0.3270945357650375	0.2399022080080158	0.0	0.33210976542828347	0.0007961735756902731	1.0
0.0	0.29911987981402904	0.18655347504253628	0.4653296627868835	0.025706328613413352	0.2763634334955365	0.16742746478120765	0.12844649907916048	0.006489144113148362	0.005564822535753017	0.0	0.18221174894407263	0.1861426403513595	0.16719429418976933	0.2648560044342872	0.0832600513402084	1.0	0.3275949119016994	0.24370404987508976	0.0	0.26158370549187415	0.0	1.0
0.0	0.2975625256236673	0.1934532480973624	0.45706269148134837	0.03327653386706475	0.282879721027909	0.18099424885553883	0.12842043914645174	0.0	0.0	0.0	0.1726958703713554	0.19360403994401237	0.16747295739352366	0.2643704547296145	0.08462225098120818	1.0	0.3276418078412601	0.24329511254165082	0.0	0.25981605289782894	0.0008119692944019666	1.0
0.0	0.2930208930477324	0.2020966910690264	0.45203078999833934	0.017770155341379844	0.26885951144628134	0.17510395943965093	0.12581579695737047	0.006492594867333988	0.005510004951018094	0.0	0.16943803880684874	0.18945388519978648	0.16447801643650725	0.2688331010458839	0.08650286743179603	1.0	0.33020787439500965	0.2473314080587031	0.0	0.25858882409711187	0.0	1.0
0.0	0.28744884543953525	0.20336712292887188	0.44759559578454255	0.022162292822811194	0.27485916393813187	0.18203577925181838	0.12548293198567867	0.0	0.0	0.0	0.16677931633912546	0.19607219657230493	0.17285443366280276	0.26690268227389435	0.08680513784671505	1.0	0.35848239724170083	0.24619900359576596	0.0	0.08230561449332188	0.0008492254986154919	1.0
0.0	0.2844475375865441	0.20487947059845285	0.44737636204695497	0.013870777830519557	0.2643783123347846	0.1750136517130944	0.12539997837883585	0.006529400154514347	0.005482504848255203	0.0	0.1641703441477578	0.1934129441095192	0.17064970620006037	0.27089644218416736	0.08696386047454917	1.0	0.35955922264388146	0.24671616560207904	0.0	0.0823151652815633	0.0	1.0
0.0	0.27968921506822125	0.2080602052720442	0.4424009055515766	0.01895260597708273	0.2722394781728286	0.17501184187796134	0.12527484919903192	0.0	0.0	0.0	0.16416880129494676	0.2001847978505094	0.1781438314326	0.26777680516851887	0.08516599208225416	1.0	0.3619259635435015	0.24336452580457923	0.0	0.08104951167180034	0.0008519665369941415	1.0
0.0	0.2796772149139533	0.21026766202366398	0.44239588912996874	0.005885148582464254	0.2610457791212094	0.17499599502043278	0.11825651164659429	0.006531355430450282	0.005413555953070964	0.0	0.1637393378858697	0.19572268943931476	0.17639751320725558	0.2742203761464945	0.09126337693384744	1.0	0.3643384011456527	0.2435450216151338	0.0	0.08126535460879429	0.0	1.0
0.0	0.2757737479268851	0.21442023325955087	0.42783465175742325	0.011584658965625364	0.2638479837130609	0.1816880737414558	0.11293340485386869	0.0026052013892670697	0.0	0.0	0.16110616010526035	0.1987291923937454	0.18183734179286654	0.27145568352133775	0.08768944639956106	1.0	0.3652798551712651	0.24035683168456604	0.0	0.30692883451799935	0.000811060288807925	1.0
0.0	0.2748490787332722	0.22898284182625595	0.4206100688259398	0.0	0.25360676893130746	0.16932052175870532	0.11384381394371666	0.0	0.005289392906980219	0.0	0.1610184898913865	0.19403062294003792	0.18046220354239187	0.2775893304475153	0.09395423632724538	1.0	0.36645193324005415	0.24060969225994805	0.0	0.3067769498995164	0.0	1.0
0.0	0.27145241652707314	0.23453118940817635	0.4206028385184605	0.008239514660482252	0.2548602143058229	0.1766101422145785	0.10607727241634335	0.006491355245308241	0.0	0.0	0.15742043229223696	0.1970374557101117	0.1831452856201912	0.2770023085149657	0.08812164405227858	1.0	0.36929260959542065	0.2382797192577449	0.0	0.30805662633564956	0.000812101327149836	1.0
0.0	0.26214436985956807	0.24371230897821916	0.413221387822418	0.0	0.24547537128052294	0.1661047964374789	0.11089910474199377	0.0	0.00522048496238073	0.0	0.15225437313843626	0.19017022281648124	0.1799915620550536	0.2821633450363705	0.09155367948791064	1.0	0.36679968217020975	0.23908440294416763	0.0	0.2660060317506064	0.0	1.0
0.0	0.2551032293346074	0.25083347216150464	0.40516939606241487	0.00975339083873481	0.24916319714585966	0.1759932392311577	0.10038661766116602	0.0065174667593340275	0.0	0.0	0.12216978491814484	0.1943077081572001	0.1771156501979536	0.28545568971229457	0.08865628173210059	1.0	0.3698516800358975	0.23570150141254387	0.0	0.2664219276546498	0.0008383069950306824	1.0
0.0	0.2399728471120564	0.2590728043221733	0.40475441707585186	0.008017547127300795	0.23710141077149083	0.17002024121995724	0.10221498266338597	0.0	0.005087662763593629	0.0	0.1171638866540219	0.18711916463413944	0.17485402962207344	0.39516699170250535	0.08865249808922362	1.0	0.3691015400163133	0.23892573528014185	0.0	0.3744182289218826	0.0	1.0
0.0	0.23848417375256006	0.25910450947003405	0.4021322038153959	0.014684928207582725	0.23911538792036874	0.1847425319672277	0.09018121114566519	0.006475157560659929	0.0	0.0	0.11705909324259153	0.18820964012840752	0.17045653259260363	0.4007347039953146	0.08432739315531797	1.0	0.36998702375752124	0.2359904219914105	0.0	0.3770059500327415	0.0007961066300662075	1.0
0.0	0.23632347680027802	0.2679992537089142	0.3927991962001017	0.021179990751033967	0.22981111754528538	0.18330982133437912	0.09714058948845927	0.0	0.004990333679465401	0.0	0.1116493964704948	0.1823565259513666	0.16821001668928207	0.3968048910520013	0.08439069635942517	1.0	0.36561843363377794	0.23887259328137178	0.0	0.3775719387023032	0.0	1.0
0.0	0.2306549200297572	0.2682952088526739	0.3927916248619564	0.018815715431161326	0.23235557294431256	0.19426259671378407	0.09016422040354731	0.0013132467042713224	0.0	0.0	0.10754784175595677	0.1854914230038274	0.16635072016943456	0.40244047269263855	0.07964845466699812	1.0	0.36706337112783144	0.2384088699458312	0.0	0.37838016578480516	0.0007935962121164283	1.0
0.0	0.2249123215165642	0.27183622781923406	0.4015085135976383	0.02821256055684857	0.2323150109420299	0.1878670872550555	0.09365489670511884	0.0064715209642114985	0.0048775159312458	0.0	0.10329396283505606	0.18877678917778232	0.1492011583261258	0.4003875360962659	0.08211261790073072	1.0	0.36397664898812543	0.24275979147276902	0.0	0.41917584649091466	0.0	1.0
0.0	0.21592278376467047	0.2721172581579496	0.39177682128146196	0.026732347585359174	0.22648271409485918	0.19691011282468307	0.08331668313993859	0.0	0.0	0.0	0.09918428109979929	0.18123896064725356	0.14610286560554855	0.40385657123150165	0.07661949613764336	1.0	0.3639803964827591	0.24160614028866195	0.0	0.4218601717209026	0.0007939764681553056	1.0
0.0	0.2118441871260368	0.2791450806907374	0.39960881506130436	0.04329346025921703	0.21076644384428458	0.19410530948849683	0.09244980821246067	0.00646015427379493	0.004741292252097203	0.0	0.09362614570116974	0.1830512520036795	0.14045399210761128	0.3962112767471682	0.07755080972649055	1.0	0.3589534581879815	0.32186134025175883	0.0	0.4229488655654528	0.0	1.0
0.0	0.21517858149045085	0.28328406124705263	0.39062215854422355	0.035648955704283836	0.21634433839834494	0.20407878957814002	0.088389701920659	0.0	0.0	0.0	0.09482586479858104	0.17389341677068862	0.13589131320060913	0.3981414663078141	0.07672158599187945	1.0	0.3609566031377019	0.3234503029643481	0.0	0.42367759904151947	0.00077945693209131	1.0
0.0	0.2055336665900646	0.2920629635933453	0.39879585570807724	0.04939457040695431	0.20917364264569802	0.20219440571601685	0.09938928829474687	0.006455721015365786	0.004600095684283112	0.0	0.08572912218268212	0.17833855152377404	0.1343228637856725	0.39067942529554855	0.08195321114393733	1.0	0.36041089310407304	0.3253440570705401	0.0	0.4236684200411812	0.0	1.0
0.0	0.21258334566094708	0.2941840283589562	0.384904676576613	0.033193362568926146	0.21282419846636225	0.2123372555803114	0.09494045663820887	0.0	0.0	0.0	0.08958890242145634	0.17356068348447792	0.13284922944099967	0.3946080528587696	0.08123635414365084	1.0	0.3590714521062917	0.32359285558256656	0.0	0.4255947554105514	0.0007790995181546963	1.0
0.0	0.2021287082629937	0.3004789390141253	0.3888443175909593	0.04617304425787316	0.20517926876715503	0.21142219443233534	0.08850096497523033	0.0028306551319943977	0.004455162445498932	0.0	0.0805592632943535	0.1774024160207235	0.13094279652746532	0.39443929941988537	0.08223778458535469	1.0	0.34741871310392963	0.3245593749309279	0.0	0.42339574463648516	0.0	1.0
0.0	0.19388058248647108	0.3005931898464751	0.3784569543844097	0.04977556439329523	0.21626297503989936	0.22368982184602199	0.09951065307327013	0.006462867557848525	0.0	0.0	0.08189588291322353	0.17078074863800924	0.128975775424863	0.39088979136655955	0.07705512872201707	1.0	0.34521251877098236	0.32188497091431345	0.0	0.4226538411297695	0.000784659528086658	1.0
0.0	0.19325958777457644	0.3117353703775091	0.38191661437500496	0.05204723725393284	0.2191553439502753	0.22382771466496648	0.09251606876512058	0.0	0.004297389782580954	0.0	0.07338192484392722	0.17322613988239424	0.12452989362525899	0.38697245411383335	0.07870808156486654	1.0	0.3432332221024336	0.322991331297391	0.0	0.42191596418184046	0.0	1.0
0.0	0.19002105397116076	0.3093018057549751	0.3706867499387735	0.054252009751419646	0.22219987387512444	0.22393434027712583	0.09829220035601476	0.012094168151850958	0.0	0.0	0.07461981427030302	0.1695614596792033	0.12123649889704115	0.3859695152498547	0.07428614246139842	1.0	0.34136856057425413	0.32140147088158755	0.0	0.15033709825415578	0.0008456116006881088	1.0
0.0	0.1881360934998229	0.32303564087552783	0.3787143123549422	0.05637328963828988	0.2287008195702856	0.22395247396909515	0.08710711615414693	0.006205505387639203	0.0041751599876703495	0.0	0.07271796212235696	0.17059060936915893	0.12083728570639647	0.38577510126713854	0.07614590666051767	1.0	0.3382636963201225	0.3232799479178344	0.0	0.1494534924632769	0.0	1.0
0.0	0.1881361199099202	0.3139924970489897	0.36587222192520336	0.0569373642617432	0.23401495708979772	0.2319547345806825	0.08770535645972027	0.006525931903618086	0.0	0.0	0.07901207546027728	0.16645547947752398	0.11881205374158252	0.38183086025000734	0.06983873173517212	1.0	0.3402172902963906	0.3250476267763597	0.0	0.14875292974024884	0.0008482571928626851	1.0
0.0	0.1867830696048933	0.3231501707340191	0.3736808738454786	0.05673710194562966	0.23403292560118544	0.23012816302449704	0.07758213748549471	0.0	0.003982396547448808	0.0	0.07052137692747638	0.16894193942229097	0.11840360688397758	0.38158342202458617	0.07177061116191306	1.0	0.33866258763316376	0.32668264672888064	0.0	0.1490782522848487	0.0	1.0
0.0	0.1792835164262764	0.32100886018203834	0.35999896464120573	0.0732888392252547	0.23896076473454106	0.23986925181063273	0.07893078797247448	0.00647557830498001	0.0	0.0	0.07188263191688463	0.16149993548634053	0.11663408565328147	0.38032619113889027	0.0695940822258591	1.0	0.3410559536663447	0.36170150292032754	0.0	0.35483937238971186	0.0007982326699807948	1.0
0.0	0.17028640237083162	0.328823300191727	0.3648056915467521	0.06501799514857814	0.23901102492642637	0.2382295524412411	0.06913544253317476	0.0016511384911299149	0.003723930727448646	0.0	0.06208004922298202	0.16225730240871314	0.11659000262209229	0.37769655868534063	0.06611207314227321	1.0	0.33871447685190625	0.3642443461903835	0.0	0.35493283899188827	0.0	1.0
0.0	0.17569832925376708	0.3297328481625388	0.35201100498945487	0.06523360945879496	0.2420833432222913	0.23837943499587513	0.07017506951559682	0.0	0.0	0.0	0.06431856483649832	0.15572582414797964	0.11482690391206937	0.37520277109466005	0.06627689652977903	1.0	0.34207383510136713	0.36464967016258065	0.0	0.3543436378190861	0.0008086641487755563	1.0
0.0	0.1706448784924994	0.319809670603508	0.3520787967814511	0.07001364517098504	0.24455412310267488	0.23895873636261644	0.06257832253767974	0.006497418307667245	0.0035102275400490223	0.0	0.05751505971561184	0.16404920541583765	0.11483201359359733	0.37368306630459386	0.05939977848806238	1.0	0.34002393516263546	0.3658868996884616	0.0	0.2854084649919456	0.0	1.0
0.0	0.1859019887695423	0.3263130931124085	0.3428347674922226	0.07641795047410799	0.24891563797836394	0.24574364928449147	0.06913991761407075	0.0	0.0	0.0	0.06670912213956191	0.16066053505543165	0.1128623457908695	0.3729335309478167	0.060359360630001246	1.0	0.34486255023325146	0.3664335061832064	0.0	0.28485810294603525	0.0008187476067858438	1.0
0.0	0.18268666853146498	0.3150739013618772	0.34793982798813605	0.08444476492391469	0.25327936392396	0.24809142626483704	0.05696321573989552	0.006473756057478188	0.0032343848089063454	0.0	0.06198551234951267	0.16674203858074724	0.108442794367894	0.3601672036903114	0.05621297309677932	1.0	0.34035656094437866	0.3675139521096309	0.0	0.36538977740938683	0.0	1.0
0.0	0.18754783491375712	0.31608625632046844	0.34792903660300895	0.0855287231742421	0.2573066269347716	0.24756277849428032	0.058992508756555984	0.0	0.0	0.0	0.07178876327195356	0.16273810222742444	0.10753080555904976	0.35752981508091514	0.05965429959259096	1.0	0.340896031689525	0.3679983040585747	0.0	0.36545000358687424	0.0008032750555875487	1.0
0.0	0.1970921974852344	0.2977650478255016	0.3391931865716681	0.08693296842041678	0.26398565668748236	0.2552859591727249	0.048470276350434195	0.00647542128081009	0.0	0.0	0.07035216176129641	0.1644239156506847	0.1068633141833305	0.35357250066152246	0.059488477883644135	1.0	0.337116498314717	0.36808074630945536	0.0	0.36762057094972017	0.0	1.0
0.0	0.1948087677071148	0.30690853994728085	0.3566681453073954	0.10050368663821785	0.2656792761391694	0.25087114538736305	0.051512914923813075	0.0	0.0	0.0	0.07566492246375392	0.16442499362841342	0.09890963734908552	0.34776984151232043	0.05616592424542149	1.0	0.33871169685803937	0.3692853337947061	0.0	0.36504493082237865	0.0007991463728294198	1.0
0.0	0.20640650585320955	0.29676171775470334	0.3431206360461059	0.09254524176232022	0.26613052109216945	0.2640332439555208	0.052805956011347126	0.006476560538629826	0.0	0.0	0.07061193568986099	0.16324247683560586	0.09990003355970746	0.3476940721326889	0.0518470540336385	1.0	0.3387040778780253	0.37211266579385854	0.0	0.36383831697698715	0.0	1.0
0.0	0.1985966353425832	0.3006498847447138	0.3443378047436748	0.10776743516997118	0.2739859560352131	0.2597852763303655	0.04567615469233176	0.0	0.0	0.0	0.07333565810832592	0.17235691389884836	0.09450395187749523	0.34432764779086766	0.04995155409155963	1.0	0.33866819534783266	0.37506591681673673	0.0	0.24870105978496193	0.000823340472818588	1.0
0.0	0.21308636508617654	0.29540250483803493	0.32793285923356474	0.10211437354185456	0.2770643316690666	0.2671112806745103	0.05251470273756667	0.006496521732717763	0.0	0.0	0.07857681830281468	0.1706408241419301	0.09876703670182027	0.3441642184181284	0.04610108786809625	1.0	0.33501364365655745	0.379657187010591	0.0	0.2478761076379904	0.0	1.0
0.0	0.20418608009480332	0.3016076026832107	0.3347127187832654	0.11406730165267674	0.2721312012929806	0.2526688200501147	0.04380465989572184	0.0	0.0	0.0	0.0765847914746321	0.17604440372329214	0.09399059959407507	0.34353321734310455	0.0402935921505593	1.0	0.3339867872541865	0.3826519472053889	0.0	0.2479560405170012	0.0008238888700660559	1.0
0.0	0.22278633396295688	0.2899721670494805	0.3314714484428443	0.10868304695497254	0.2799922350793794	0.25999033982623676	0.04404842414470442	0.0064986162792204285	0.0	0.0	0.08011037066206148	0.16736734578566567	0.0963927257521546	0.34280880883917836	0.03759559037126526	1.0	0.3332854091713727	0.3821685535178765	0.0	0.2489262892204273	0.0	1.0
0.0	0.21413918050107322	0.2991406463002408	0.34049406923264275	0.11934693632681662	0.275390474102528	0.24870690754174163	0.03288708137456056	0.0	0.0	0.0	0.0807068077033586	0.1722970216492448	0.09210674623769743	0.3387327248437995	0.03899285855030502	1.0	0.33307730015361753	0.38628884350542675	0.0	0.2512565275746563	0.0008234834838685742	1.0
0.0	0.22871876021615	0.2828720563507634	0.33307153895415853	0.1126762049095417	0.28841661308308536	0.25378102556446724	0.04608380533147754	0.006501563380887883	0.0	0.0	0.0847557543668522	0.16315616204585545	0.09817878557050456	0.33702169846166163	0.032010349475811196	1.0	0.30647998543660393	0.38506503476710074	0.0	0.25109764096727155	0.0	1.0
0.0	0.2222552925293884	0.290648107058072	0.343170072100191	0.1289442449536284	0.2847422313487503	0.24099254950202642	0.0359572554279148	0.0	0.0	0.0	0.08961126767955062	0.16752230489794045	0.09309046454711081	0.33644275915342686	0.033556713697705035	1.0	0.3045140291570635	0.38745272336574144	0.0	0.2525704635057867	0.0008264209966536504	1.0
0.0	0.23763600119430323	0.28380419055741357	0.33609513012145364	0.12112103817194983	0.2939046043449007	0.23792667614625476	0.04257411127590627	0.006499409959773857	0.0	0.0	0.09073059651045065	0.15898880822102188	0.10137674398871896	0.332945941132186	0.02836552976151003	1.0	0.30219243848221383	0.3852802466191593	0.0	0.25098369550213373	0.0	1.0
0.0	0.23765772705204855	0.3020171785036207	0.3507214672538353	0.13232273247168794	0.2865503954692773	0.23752465105603743	0.037978846518534636	0.0	0.0	0.0	0.09746198632110671	0.16116019489900169	0.09633728531975315	0.33097337017974193	0.029596499723163562	1.0	0.29707242965956654	0.38859256595880315	0.0	0.2520331694178692	0.000821373811275542	1.0
0.0	0.24774541442888787	0.2859995217264512	0.34245281213344586	0.12838846789832545	0.2980755366343603	0.23752315569777607	0.03974974302705236	0.006497494878933231	0.0	0.0	0.09774017902712241	0.15616927512891282	0.10458397977594956	0.32713131145474755	0.02273182920445596	1.0	0.29948854093944516	0.38740255640785604	0.0	0.23372326910274174	0.0	1.0
0.0	0.24162293347241573	0.3043201326006542	0.35859038980434443	0.1398937104304313	0.2953524049288358	0.22951352137726042	0.03206711609406646	0.0	0.0	0.0	0.09773808957127697	0.15970584049148331	0.10372529458496112	0.32296698789501943	0.02375379574648653	1.0	0.29677288589819245	0.3916774009661727	0.0	0.2345592916597933	0.0008238765826038507	1.0
0.0	0.2521214370387779	0.29470629407018656	0.35496403293104095	0.1335064237073473	0.3032365963238458	0.2260530080389405	0.037803537828935946	0.006490892166082904	0.0	0.0	0.10037091890601592	0.15544292110678895	0.10096376058104145	0.3213132504977941	0.01931512571903829	1.0	0.2996725898071367	0.39054181812632016	0.0	0.23324756187723814	0.0	1.0
0.0	0.23291337602921008	0.3123329295142816	0.3698653724824326	0.14283952301405983	0.299289105896547	0.22235695593739344	0.02484119469899148	0.0	0.0	0.0	0.10163656889852826	0.16178791408705678	0.1061319564698473	0.3179759036590087	0.021224877538910857	1.0	0.299275290807963	0.39005302901331085	0.0	0.23400132047203026	0.0008234220564172674	1.0
0.0	0.25194153777158695	0.3031499538065943	0.36909058558985786	0.138408115492352	0.3059796801327156	0.21814789316358274	0.028631984628408314	0.006486836649664923	0.0	0.0	0.10263220999257833	0.15846000385740508	0.10173620262203352	0.31667586990590485	0.015546008764334002	1.0	0.30385771479108004	0.38940540877871993	0.0	0.23515374638338177	0.0	1.0
0.0	0.23947600429756474	0.3162837898856882	0.3841182766302005	0.14666256310612072	0.29346606546951237	0.21698080903974085	0.028581524581641593	0.0	0.0	0.0	0.11127319491740031	0.16721255546006608	0.10921474125809305	0.31185733501151003	0.017978368568505574	1.0	0.30355875474035354	0.3885666461283696	0.0	0.24899285797078957	0.0008108631808889507	1.0
0.0	0.24670662538681115	0.3149920136836403	0.37674272958595756	0.1511379654037979	0.3012583538948409	0.2234708217211804	0.03426839238658173	0.006479286829260849	0.0	0.0	0.11389699378297913	0.16287192615932491	0.1063073768693647	0.30778758500019815	0.01256001112980528	1.0	0.30781210320134755	0.38817444164844395	0.0	0.2499303929744884	0.0	1.0
0.0	0.24164901715840875	0.3150015121851888	0.3926356193669142	0.1414902135417576	0.29907519362526735	0.20865869028294323	0.022374999683504062	0.0	0.0	0.0	0.1141040885309544	0.16833346443299607	0.10784881619350659	0.2766971098350322	0.012663035735769372	1.0	0.3058019866160405	0.3868656988147747	0.0	0.25036778953897015	0.0008160379868507062	1.0
0.0	0.2479059617534951	0.31013027721283476	0.3912259960368344	0.13669528797709188	0.295816080315802	0.2026133826408156	0.023232803572590173	0.006485916827964373	0.0	0.0	0.11831263202575763	0.16601741450485027	0.09961224081099825	0.2741587223533341	0.008215397519539295	1.0	0.31037666123022484	0.3863316013728517	0.0	0.24955215913411516	0.0	1.0
0.0	0.23162033771251775	0.32186271064304983	0.4005209971448452	0.13496705443218415	0.29630061587720724	0.20197806236346297	0.016813377767379192	0.0	0.0	0.0	0.12147293876691559	0.17230540416561158	0.10274509903351968	0.2756135711027226	0.008886740336485843	1.0	0.3062712422633081	0.38441350861099643	0.0	0.1792727999436241	0.0008434791047602096	1.0
0.0	0.2483570653531784	0.3126105549508068	0.39178320726688604	0.12919867811400312	0.28819224399378957	0.20712479366974368	0.023622316772719268	0.006502160933744662	0.0	0.0	0.12990839619024866	0.17137984830977498	0.09537022102945758	0.2730048220976929	0.005292019182421786	1.0	0.30703784810248264	0.38405402511905595	0.0	0.17874870011496377	0.0	1.0
0.0	0.23009900619672388	0.3247492659576458	0.4030716401000836	0.1290959235442215	0.2873725739838462	0.19797090836578984	0.013317385193963048	0.0	0.0	0.0	0.24914333811892087	0.179053644853933	0.09730130330855308	0.27479286781273826	0.008119737546498147	1.0	0.3038242580492964	0.34750953865021245	0.0	0.17890335836019425	0.0008231283051028444	1.0
0.0	0.23810743936170367	0.32106629725793695	0.3960937438425619	0.12468189927009594	0.27947966303997773	0.20370872459906278	0.01599755322494588	0.006470435592018603	0.0	0.0	0.2507277313460235	0.17631512223000295	0.09687603763890365	0.27739271259386916	0.0036383775509559466	1.0	0.30569647270222955	0.3460083738287072	0.0	0.2541075542923601	0.0	1.0
0.0	0.23525244561539368	0.3138457546627219	0.4056813754965756	0.11364012088439641	0.27865912606772414	0.19361881204063477	0.013235933041901947	0.0	0.0	0.0	0.2530511482682661	0.18427200621422915	0.09504006401712445	0.3745600659154802	0.004961071107285106	1.0	0.3041628164938441	0.34408303661604067	0.0	0.11586762299941473	0.0008196021516097063	1.0
0.0	0.245127385251385	0.3138346400738118	0.40206597018844764	0.10905232389583794	0.27619965860618834	0.20055313574078001	0.017467943796383896	0.0064834761622439676	0.0	0.0	0.2534464611768649	0.18358074146166226	0.09339475153672396	0.37603940951214804	0.005376433825727136	1.0	0.3042290531527484	0.3399924934801327	0.0	0.11526972629685577	0.0	1.0
0.0	0.23572984460493587	0.30612167260224754	0.4125758535701387	0.10904849986577857	0.28385896565303653	0.19288101438327893	0.010515817981389893	0.0	0.0	0.0	0.2571850873039557	0.18947945136441036	0.09242360034756546	0.3793724780679411	0.0	1.0	0.2994690731152936	0.3408788906996416	0.0	0.11574827955010082	0.0008236079328277364	1.0
0.0	0.24682101664303224	0.30462994422352435	0.40926038704015927	0.10873181340482282	0.272517540242313	0.19943097670212434	0.011659824471318508	0.0064243303079443365	0.0	0.0	0.2600494405651163	0.18853014192312265	0.0916654944894717	0.38536663375595076	0.0033905007786690596	1.0	0.302918428735343	0.3371875670701024	0.0	0.352396864265088	0.0	1.0
0.0	0.23585499517685413	0.30857183007467	0.42464910855674287	0.10516039971337363	0.27955948011396786	0.1886207760094755	0.013846965867145454	0.0	0.0	0.0	0.26407244760482634	0.1946504987188939	0.08895392995546401	0.45999682678604514	0.0	1.0	0.3013857204625668	0.3406266849260792	0.0	0.35263326604152584	0.0007521402435288996	1.0
0.0	0.2473618488055968	0.2946785616783948	0.42353447032357927	0.10075251062436882	0.27147995650018175	0.1959729836725673	0.01604051501426527	0.006400436369098411	0.0	0.0	0.2686510050924895	0.19111352824014674	0.08665862920169676	0.463309465897877	0.0033696838593283143	1.0	0.3063958158604211	0.33880218741054086	0.0	0.3526976845373847	0.0	1.0
0.0	0.23786947845636264	0.30014283376496137	0.4327267483292505	0.09786296382886717	0.2765898799147754	0.1864002105852547	0.02076898867946611	0.0	0.0	0.0	0.27160969298464877	0.19742502758378372	0.08363955074531136	0.4707914788765977	0.0	1.0	0.304561968410304	0.33885622448927366	0.0	0.3539652238885349	0.0007478837619144626	1.0
0.0	0.2562893399195146	0.29072968406953464	0.4226727943976073	0.09247033673188443	0.26568425624047726	0.19303823651331517	0.026753472155668586	0.006397411531819237	0.0	0.0	0.2747578312679272	0.19420116816063623	0.08343443678707312	0.4646950242847959	0.0007443530839565186	1.0	0.3086333737234343	0.3398159812855129	0.0	0.3564936797172269	0.0	1.0
0.0	0.2508980308942578	0.2939876048246358	0.4336130386366738	0.08053030404169166	0.2588255751979639	0.18563962548205132	0.03125111917951961	0.0	0.0	0.0	0.26668954975978376	0.19932256006619195	0.08039698581357622	0.4632521825544052	0.003371322005484804	1.0	0.3095197414535825	0.34008874966447156	0.0	0.3559781623288378	0.0007498820054836889	1.0
0.0	0.26400487610120643	0.28074348831423857	0.42664967467565795	0.07266984476723982	0.2518415069379042	0.19551072983873516	0.025781326564726065	0.006415701498760731	0.0	0.0	0.26706435345261303	0.19783606703042647	0.08196402669611688	0.3367736529876694	0.0	1.0	0.3378321686474774	0.3732762414618657	0.0	0.35622190498753387	0.0	1.0
0.0	0.2540423160151294	0.28992446418855744	0.4365667334484569	0.07214147454903838	0.2577423867612244	0.1903508658397925	0.032994899876180116	0.0	0.0	0.0	0.25995646210549733	0.19820262285515722	0.07594565704163624	0.3332284332424449	0.003392532795184541	1.0	0.3381421498897659	0.3740043929907245	0.0	0.3552276970164658	0.0007710927951833773	1.0
0.0	0.2635795190923751	0.27629291557331703	0.4356458486691843	0.06657465919591928	0.24964555546396688	0.2028663398861209	0.028474381434802985	0.0018632323452243095	0.0	0.0	0.25843227330448915	0.19821298372907242	0.08022414726119223	0.332983874489988	0.0014389611632793244	1.0	0.3408034828938159	0.37622584662074904	0.0	0.3550546836564366	0.0	1.0
0.0	0.26082963830931566	0.28346805315264867	0.4362304593888303	0.06097041005288334	0.24729952160954027	0.19909648930353535	0.036539673969879886	0.006462779593066456	0.0	0.0	0.2537505965907695	0.20046668926922653	0.07445448880454963	0.33068282539944377	0.0	1.0	0.34391143873574204	0.3785564038953386	0.0	0.12504008982008427	0.0008241946612921065	1.0
0.0	0.27127813001435674	0.2668227941285274	0.4362264733591886	0.05637417461887749	0.24323088248560912	0.2025275733451634	0.03352798650732207	0.0	0.0	0.0	0.2509652504246435	0.1916305846780544	0.07926607860508791	0.32937800291747255	0.0034460375111460455	1.0	0.3464262365277559	0.37859373522684237	0.0	0.12274670936105957	0.0	1.0
0.0	0.2686367921148213	0.2603328658644423	0.43623517790863875	0.049384557284181764	0.2461798584721725	0.20681214559426167	0.041038685841782725	0.006465821524864955	0.0	0.0	0.2479772546301869	0.19644447674587567	0.07339992387443024	0.32620613102667484	0.0	1.0	0.34690921781329115	0.37882553809645386	0.0	0.1243618282985729	0.0008320765294621645	1.0
0.0	0.2867044454125206	0.2578770680433626	0.42727455977879863	0.048336312625314064	0.23793479527600467	0.2108335758140197	0.040790570851773476	0.0	0.0	0.0	0.24429448964418424	0.18856385718480134	0.07347496630874782	0.3212003875314625	0.0034024764600881652	1.0	0.34858780688703367	0.37968270589775255	0.0	0.3349081328771835	0.0	1.0
0.0	0.2815432776755906	0.24888066547637208	0.43457749226794695	0.0482519899477096	0.2379160707996797	0.21105476124841788	0.05344962907517073	0.006413075134738537	0.0	0.0	0.24318459184566263	0.189899963712257	0.06737089577990572	0.3210841863715194	0.0	1.0	0.35118252396491556	0.3778011153825457	0.0	0.3372411076228648	0.0007846630468204578	1.0
0.0	0.28601507189012326	0.241504736683818	0.43262294268757	0.04614474416175436	0.23709962323852715	0.21131407558357723	0.0467236942358435	0.0	0.0	0.0	0.2378896291726741	0.18823025682184127	0.07276952319732939	0.3207390070384123	0.003410352105659581	1.0	0.35127378066463777	0.38065154046132954	0.0	0.33512842542515375	0.0	1.0
0.0	0.2769043212984515	0.23366738983537108	0.4239568646758307	0.04606738193505355	0.231495830412988	0.21904709703839295	0.05580045331995355	0.006429077722024065	0.0	0.0	0.2341285391726543	0.18024833759978862	0.07162830656677478	0.3204386241209725	0.0	1.0	0.35342409656524715	0.38018073943111197	0.0	0.2595636179015609	0.0008065359229983364	1.0
0.0	0.2882965441497843	0.22612073861382043	0.4239281260980243	0.04606342840274263	0.24420259130741948	0.24789589951312652	0.050922578874247504	0.0	0.0	0.0	0.22451415414470124	0.1644084718445086	0.07907269910010876	0.31809486850927554	0.003431933840945328	1.0	0.35421058220731394	0.3807256982165114	0.0	0.26035202837166266	0.0	1.0
0.0	0.2870811258838402	0.22605857793209674	0.4091153780310201	0.044243155783033686	0.24000213257612843	0.25760752278161037	0.06354418279944676	0.006420109003129377	0.0	0.0	0.2208767447780717	0.16262754205969532	0.07675517604570299	0.31542951635518474	0.001007314216145937	1.0	0.3556616938523132	0.37857729721017397	0.0	0.26279813200615443	0.0008040234073902937	1.0
0.0	0.30485974308513725	0.22252317098378485	0.41421063511972384	0.03803381568335992	0.24285361210168188	0.28741058024554783	0.06341737327316353	0.0	0.0	0.0	0.2166313653029816	0.15853576179552706	0.07721562498873165	0.31183474405341677	0.0	1.0	0.3565678954849144	0.3767564546400555	0.0	0.2621723872452938	0.0	1.0
0.0	0.2967202150200887	0.21999438794850854	0.397288134677231	0.03801837603570602	0.24287303578454522	0.2964323223375889	0.06358828241512118	0.006412589784145805	0.0	0.0	0.21643755761233655	0.15847764828316077	0.07720734357160727	0.3106782103159295	0.003425039397775876	1.0	0.3593484434554966	0.376753001332996	0.0	0.26268056366511805	0.0008035993977740794	1.0
0.0	0.29199614854206957	0.21653475964341828	0.40197433243782776	0.029268618426024906	0.24413239718323662	0.2993202085301423	0.06489662375792718	0.0	0.0	0.0	0.21364703244726058	0.15469898929624815	0.07939646658895305	0.3080878965614027	0.0	1.0	0.35871788519930037	0.3727913565261072	0.0	0.2637258988570683	0.0	1.0
0.0	0.2900504415531301	0.22154895331093127	0.38743874098729514	0.032429322433946944	0.24903963665869921	0.30509805073973645	0.0694523381217925	0.006411593711187822	0.0	0.0	0.21489476266635466	0.1522773316481205	0.07551632035413533	0.3027764919589474	0.003431835774896773	1.0	0.3622953563076761	0.37440527861970924	0.0	0.26442505959828816	0.0008103957748951843	1.0
0.0	0.28060883410972765	0.2034284342481063	0.38443937271475676	0.0178969087259696	0.2518883095986445	0.3057779144015465	0.06975405615346433	0.0	0.0	0.0	0.2067887594736869	0.15227651629940156	0.07585222514119781	0.2997348528145859	0.0	1.0	0.3602114636537652	0.37232563282983144	0.0	0.2632012449901749	0.0	1.0
0.0	0.2747625905948119	0.19988656613316633	0.38586644043579404	0.022988855740091102	0.2524352962226153	0.31655623586814613	0.06998710882447488	0.006420240989956746	0.0	0.0	0.21165164583973956	0.14672185352073863	0.06808799840207409	0.29735956531678126	0.0034490364095820444	1.0	0.36533707093720413	0.35760982457134577	0.0	0.26220081118290217	0.0008275964095807271	1.0
0.0	0.26844041073259306	0.1940770364225679	0.37466865992290493	0.011386034774059691	0.25784905096562327	0.3256199349875631	0.06422711209813753	0.0	0.0	0.0	0.20532176052197057	0.1442326856511704	0.06887115314677654	0.2963534069669052	0.0016352381955188748	1.0	0.36335636794484977	0.3533757720064781	0.0	0.13294122543864162	0.0	1.0
0.0	0.2676375296069433	0.18826733907086413	0.37497386259765036	0.018177111518508052	0.2579791857525542	0.3311248681471035	0.07258152167500306	0.006447504711497687	0.0	0.0	0.20493099451877944	0.1409110580987383	0.06887888535914716	0.2951046968849949	0.007923894240185981	1.0	0.36606866528741855	0.35172899462451923	0.0	0.13188796518046786	0.0008642440976927062	1.0
0.0	0.2594205263267775	0.18617493176857525	0.3575124748948089	0.007101965927508183	0.262218398798767	0.3270488213801933	0.06685203237835438	0.0	0.0	0.0	0.2004594836251405	0.1373104200204353	0.06271895700645821	0.2663328929690377	0.0015531476353682432	1.0	0.3639649682932337	0.3505120380111697	0.0	0.13209302890513722	0.0	1.0
0.0	0.2593164460312411	0.19534855027739498	0.36509228602034255	0.00857597904236367	0.264950979690843	0.33984714748033107	0.07599219236912755	0.006446784471405701	0.0	0.0	0.2004601064004087	0.13663079973867728	0.06431814738853898	0.2642550686194901	0.006920877506802222	1.0	0.36397295136980945	0.3487149804174005	0.0	0.132891983708508	0.0008738133333320667	1.0
0.0	0.251167228505649	0.18400411718080842	0.3530435505669532	0.0028642391709014	0.26504809031496157	0.3390063969246406	0.07292751457268397	0.0	0.0	0.0	0.1921218498557399	0.13615357143576207	0.05956810542477702	0.26058725106552866	0.0020350911209386507	1.0	0.3597858464077552	0.09147785279890801	0.0	0.41944075889262084	0.0	1.0
0.0	0.24808126262357288	0.1814660124969952	0.3527197917239	0.008145828871519281	1.0	0.3533553070696286	0.08097614752926738	0.0062801189636663285	0.0	0.0	0.1914937660242644	0.13054940727849154	0.058905841027754854	0.2609937051068367	0.0033398555381899246	1.0	0.3617027439944005	0.09042721609006131	0.0	0.41979019855166716	0.0007184155381898902	1.0
0.0	0.23880528955280686	0.17702019809072028	0.3478879345299648	0.0	1.0	0.35241573554985184	0.07654449906725413	0.0	0.0	0.0	0.18924497693405049	0.1327645221997468	0.05774580075852812	0.25642927877166055	0.0	1.0	0.35678965810004665	0.08962076118059045	0.0	0.4214349068380078	0.0	1.0
0.0	0.22935447229728081	0.1731226428321474	0.34052474234153246	0.008154342706292672	1.0	0.3667962382845205	0.08997167360936259	0.006276326334574393	0.0	0.0	0.18819333748350514	0.12368643098624045	0.05542011918444587	0.25648834317779373	0.0033483693729631867	1.0	0.35693898688506026	0.08919528305406708	0.0	0.4218980527226768	0.0007269293729633231	1.0
0.0	0.21795305578739588	0.16642187199720443	0.3375749615154825	0.0	1.0	0.3611518938367271	0.08100267089497826	0.0	0.0	0.0	0.1787993983164881	0.1275600117922471	0.05199407008490608	0.2506569403727839	0.000537172804250065	1.0	0.35499254164640487	0.09033430320297714	0.0	0.873558685619688	0.0	1.0
0.0	0.210810039600668	0.1664135784291866	0.340044802344147	0.0022699395385313813	1.0	0.36137801379225426	0.09177374483327018	0.0061723618603118065	0.0	0.0	0.17935296002543133	0.12223728326817715	0.050210364299408554	0.2520948308837367	0.0	1.0	0.35407221126692134	0.09054028336390009	0.0	0.885827106436487	0.0006365119832929469	1.0
0.0	0.20115654036907737	0.15746012656699335	0.3269528030383614	0.008056290528391515	1.0	0.3706573186893429	0.08911212319035311	0.0	0.0	0.0	0.1690031633009405	0.12533318613200692	0.045737184684221575	0.24750346222653408	0.0032503171950620875	1.0	0.3519537177448993	0.21844156428422964	0.0	0.8952950245753497	0.0	0.8972309318883293
0.0	0.19196659640938493	0.15226829832588934	0.33568447684090813	0.0	1.0	0.38327325421461217	0.09073235192343664	0.00621646216522602	0.0	0.0	0.16724170914707784	0.12030794306784233	0.04632988468261233	0.25023295239074517	0.0	1.0	0.35213045960026773	0.22253715751726633	0.0	0.9151943781838032	0.0006955582114476184	0.5837313163253357
0.0	0.18519655595312984	0.14556008875105378	0.32439492314373003	0.008187354102856422	1.0	0.39770467921317937	0.09325184775312013	0.0	0.0	0.0	0.16584936071725193	0.12544866001885208	0.04557725312722678	0.24365378247709613	0.003381380769527043	1.0	0.35054162276253903	0.22596194535157643	0.0	0.9395910413262727	0.0	0.26497311590603406
0.0	0.18362169843344775	0.1277168652616992	0.33211565229279116	0.0	1.0	0.40477876907086907	0.0942462039333335	0.006293591404607701	0.0	0.0	0.164427200187711	0.12192410510072198	0.041113668287005835	0.24236030116135535	0.0	1.0	0.351450740027932	0.2296695234546238	0.0	0.9639074274121887	0.0007876507312163033	0.12716654645098724
0.0	0.17411630830270972	0.12195440479928231	0.31847343340625534	0.008234312768101305	1.0	0.40725330953490174	0.09753594599469179	0.0	0.0	0.0	0.15986586858462684	0.1293560312428853	0.04154437823322867	0.24043316543120058	0.003428339434772022	1.0	0.3473579069814647	0.23261733669701706	0.0	0.9824394978486036	0.0	0.039401530674319514
0.0	0.17033429399235273	0.12130414701138183	0.3226627247516585	0.0	1.0	0.423329984593267	0.1033556866979433	0.006321634897289756	0.0	0.0	0.15639536053477496	0.1281472972111661	0.03750385783070871	0.13222360507573697	0.0	1.0	0.3498179664896012	0.2358798209971735	0.0	1.0	0.0001484334371757169	0.0075334400180033225
0.0	0.1557748731999036	0.12020134056470323	0.3189444673332159	0.0081225107340553	1.0	1.0	0.10551929281514688	0.0	0.0	0.0	0.1555068830486339	0.13331543358989514	0.03644412363769864	0.11582626633568653	0.0033165374007261034	1.0	0.3479160127704985	0.3250981947754494	0.0	1.0	0.0	0.00022554243756071836
0.0	0.1553430594019997	0.12019575101626394	0.3209762041393142	0.0	1.0	1.0	0.10612452312627407	0.006174369955148393	0.0	0.0	0.15556447896176973	0.13253447397836446	0.034114088010770746	0.11244735673245919	0.0	1.0	0.34550795026369246	0.32313201672424124	0.0	1.0	0.0	8.042110100945477e-5
0.0	0.15464185871592828	0.11908004403144644	0.3237628939816866	0.008122954866397006	1.0	1.0	0.11069962959288956	0.0	0.0	0.0	0.14820422858014898	0.13734389218925033	0.031370977164220964	0.11219559397630224	0.003316981533067988	1.0	0.34528066904062293	0.327064638177197	0.0	1.0	0.0	0.00025863486640157195
0.0	0.1543357213740041	0.10977707315352925	0.3245110936001427	0.0	1.0	1.0	0.1144863254554292	0.0063755180612121674	0.0	0.0	0.15127223464895187	0.13723916426163116	0.0284692256876047	0.1093796806097611	0.0	1.0	0.3451742537049669	0.3252990492853792	0.0	1.0	0.0	0.0
0.0	0.153834827458606	0.10059920459759894	0.3313646151174954	0.008126151490991987	1.0	1.0	0.11947928272581931	0.0	0.0	0.0	0.14100006161948048	0.14241193999156637	0.028282517927282258	0.10724696384007998	0.0033201781576630983	1.0	0.34270892377932866	0.3281118606826558	0.0	1.0	0.0	0.00026183149099649744
0.0	0.1482820175795489	0.09366308630777619	0.334654316855844	0.0	1.0	1.0	0.11955960910622644	0.00637998931393525	0.0	0.0	0.14625841685958835	0.13814927956839523	0.023977458265634945	0.10452587204537525	0.0	1.0	0.34265721135473604	0.3277655556648405	0.0	1.0	0.0	0.0
0.0	0.14017712905735613	0.09364861191822604	0.3349177482329483	0.014559301220373948	1.0	1.0	0.12047190639750416	0.0	0.0	0.0	0.1361355152061671	0.14733492663725647	0.022544226681413766	0.10057120076951918	0.0042931343149707375	1.0	0.3400090565438745	0.32832407022163135	0.0	1.0	0.0	0.00026697811360217825
0.0	0.11480869379668382	0.09168172669629088	0.33731362829296924	0.008720224698110155	1.0	1.0	0.12504434056771063	0.0063883876350492915	0.0	0.0	0.13892233391954598	0.14438991774795318	0.015585925511520993	0.09895157082674304	0.0009717913055380923	1.0	0.3379962227099554	0.3260986683555474	0.0	1.0	0.0	0.0
0.0	0.0958272091371062	0.08585162159252277	0.33771274211100905	0.02235835348733089	1.0	1.0	0.12578258862955904	0.0	0.0	0.0	0.1298646706136718	0.14984798125381735	0.013290153529895998	0.09517258891951698	0.005480650273967875	1.0	0.33778661827412865	0.3239262852941348	0.0	1.0	0.0	0.0002796568101595245
0.0	0.09148324363430209	0.07835381652645167	0.3388644337648437	0.015747028988956305	1.0	1.0	0.1351159746241723	0.00639635370436077	0.0	0.0	0.12472624646569276	0.1482503015684223	0.009527054558799297	0.09366113546122842	0.0038731648311023793	1.0	0.33773812535544867	0.3239233330579219	0.0	1.0	0.0	0.0
0.0	0.06100876238353411	0.07194379014656915	0.3455701823759816	0.0276760680285368	1.0	1.0	1.0	0.0005965499911575476	0.0	0.0	0.12308009127212123	0.15577599829559388	0.008997019205301748	0.07856809680320667	0.0073063903971478305	1.0	0.20715701933906885	0.3077587400027395	0.0	1.0	0.0	0.0
0.0	0.058718861244825706	0.0645862067441277	0.4845208879958893	0.027201779991354955	1.0	1.0	1.0	0.008899788280528332	0.0	0.0	0.12286498605951156	0.15133092540753929	0.007360068565333028	0.07510225495415737	0.006305763781989079	1.0	0.20130453661542008	0.2422970353074989	0.0	1.0	0.0	0.0
0.0	0.057494621810016425	0.060866930277933017	0.5008061058512249	0.040496235994894964	1.0	1.0	1.0	0.011070901385661872	0.0	0.0	0.11986553093542786	0.1513372218793772	0.003736917770398728	0.07155783039018378	0.010776006348518243	1.0	0.19962131286847093	0.24208691492251494	0.0	1.0	0.0	0.0
0.0	0.04863938244740211	0.05194126962907602	0.510584652396702	0.03972522964938717	1.0	1.0	1.0	0.011332488869653094	0.0	0.0	0.11746159726463336	0.1523879681238427	0.004050486110234356	0.07075012541581151	0.00996561305117032	1.0	0.19684270887494917	0.24171537782830818	0.0	1.0	0.0	0.0
0.0	0.05648312559542139	0.04961727205656857	0.5228632475556758	0.04009127917403516	1.0	1.0	1.0	0.014934487414729034	0.0	0.0	0.11740088831941324	0.15238298031376102	0.0	0.06717769487058907	0.010323063504472794	1.0	0.19146042225484133	0.2425878062746722	0.0	1.0	0.0	0.0
0.0	0.04296120512060983	0.04755453176039081	0.5333801971097913	0.042963295236633156	1.0	1.0	1.0	0.015006814209335544	0.0	0.0	0.11382221688823904	0.15059623011493653	0.0040470886014396315	0.06667090556982144	0.006928190526510098	1.0	0.19018763200073208	0.24018796488410593	0.0	1.0	0.0	0.0
0.0	0.04935557701837563	0.0456355975685221	0.5678010251232809	0.05130146718241639	1.0	1.0	1.0	0.015474832210183738	0.0	0.0	0.10539846829438594	0.15952309465927117	0.0	0.0655888323107911	0.012445072018367363	1.0	0.18990241443894842	0.23913519320475246	0.0	1.0	0.0	0.0
0.0	0.03773250040577868	0.045668228016442027	1.0	0.05852693986685296	1.0	1.0	1.0	0.01916883628937308	0.0	0.0	0.10174639840288625	0.1559963264772207	0.004164185675887973	0.060545838875722464	0.012171484274995228	1.0	0.18716585593508825	0.23732559866356173	0.0	0.0016558749231744	0.0	0.0
0.0	0.0458432783950493	0.04377045265899326	1.0	0.2729428651321261	1.0	1.0	1.0	0.020150514570159053	0.0	0.0	0.09962156947570797	0.15596926886302487	0.0	0.05826915153514591	0.013824681569516143	1.0	0.18571241860702026	0.23537439937583207	0.0	0.0013451449324696414	0.0	0.0
0.0	0.029918620112746513	0.037685767849394085	1.0	0.29898378347526305	1.0	1.0	1.0	0.025704877489262905	0.0	0.0	0.09918386239032567	0.1510913776156313	0.004119980273644673	0.05815762598367513	0.00980094632775863	1.0	0.174880007572156	0.23359892235631902	0.0	0.0018788240102507131	0.0	0.0
0.0	0.02842030580176767	0.029502656010541344	1.0	0.3690492167645862	1.0	1.0	1.0	0.025723150840566412	0.0	0.0	0.09674357147839092	0.1535953443308265	0.0	0.0571653248772946	0.012801297437539001	0.9789599582969314	0.1698780249519843	0.23239159501915424	0.0	0.0	0.0	0.0
0.0	0.028076394111104387	0.028173271669256296	1.0	0.3748199971129003	1.0	1.0	1.0	1.0	0.0	0.0	0.0947168197212184	0.14579606077848412	0.00395215094176735	0.042779162871840526	0.007311341312235622	0.7968666531619143	0.15388083566798502	0.22359781060130796	0.0	0.0008938042751006831	0.0	0.0
0.0	0.021868093124377846	0.0201415791095599	1.0	0.6136572466885694	1.0	1.0	1.0	1.0	0.0	0.0	0.08746673389006318	0.14962321144809998	0.0	0.039583850216321374	0.008960700077952535	0.6599549608448259	0.15163912866257176	0.22232440877271709	0.0	0.0	0.0	0.0
0.0	0.004479815068792513	0.019393386665200713	1.0	0.6495322792606756	1.0	1.0	1.0	1.0	0.0	0.0	0.08561949486681333	0.14410621125077738	0.004031624192457784	0.004423721028670537	0.007076137400518724	0.2421473974854586	0.150599415759527	0.22170339020923932	0.0	0.0009732775257911181	0.0	0.0
0.0	0.009227683903497333	0.015119711660928374	1.0	1.0	1.0	1.0	1.0	1.0	0.0	0.0	0.007407651118060541	0.1450010430143797	0.0	0.006463133046586301	0.003207159726811457	0.21750576038213265	0.14972209220073973	0.21791121245364467	0.0	0.0	0.0	0.0
0.0	0.0	0.0	1.0	0.0	1.0	1.0	1.0	1.0	0.0	0.0	0.004910527395729246	0.14242031609042763	0.004252176843421414	0.0	0.0008296827333240151	0.00305771503200778	0.14502249517748078	0.21639271494204013	0.0	0.0011938301767547485	0.0	0.0
0.0	0.004508584954010448	0.004290131620677115	1.0	1.0	1.0	1.0	1.0	1.0	0.0	0.0	0.0020292013457096246	0.13998227535699517	0.0	0.0	0.0014502382873437815	0.0006390801427643745	0.0010133316206771153	0.21536559496408042	0.0	0.0	0.0	0.0
0.0	0.0	0.0	1.0	0.0	1.0	1.0	1.0	1.0	0.0	0.0	0.0	0.0	0.0	0.0	0.0	0.0	0.0	0.0	0.0	0.0	0.0	0.0
