4.484962806359619e-7	0.0	0.3849659594743946
5.339241400683083e-7	0.0	0.3849659594743946
6.356238280096715e-7	0.0	0.3849659594743946
7.566946842453147e-7	0.0	0.38496595947439466
9.008263766220949e-7	0.0	0.38496595947439466
1.0724113355884584e-6	0.0	0.3849659594743946
1.2766786013051885e-6	0.0	0.3849659594743946
1.5198531605137805e-6	0.0	0.3849659594743946
1.8093456264046248e-6	0.0	0.3849659594743946
2.1539780383855328e-6	0.0	0.38496595947439455
2.564252657942313e-6	0.0	0.3849659594743946
3.052671945042843e-6	0.0	0.38496595947439455
3.6341194564034104e-6	0.0	0.38496595947439455
4.326313259536834e-6	0.0	0.38496595947439455
5.150345660848961e-6	0.0	0.3849659594743946
6.131325668703069e-6	0.0	0.38496595947439455
7.299143732397376e-6	0.0	0.3849659594743946
8.689382009290335e-6	0.0	0.38496595947439455
1.0344397826310292e-5	0.0	0.38496595947439455
1.231461325102471e-5	0.0	0.38496595947439455
1.4660049928104669e-5	0.0	0.38496595947439455
1.7452155755187714e-5	0.0	0.3849659594743946
2.0775978787795632e-5	0.0	0.3849659594743946
2.473275423633798e-5	0.0	0.3849659594743946
2.9442982856859637e-5	0.0	0.3849659594743946
3.505009380405399e-5	0.0	0.3849659594743946
4.1724802537979305e-5	0.0	0.3849659594743946
4.9670295158267e-5	0.0	0.3849659594743946
5.912839517252407e-5	0.0	0.3849659594743946
7.03868978816572e-5	0.0	0.3849659594743946
8.378829209312773e-5	0.0	0.3849659594743946
9.974012969596465e-5	0.0	0.3849659594743946
0.00011872735184176607	0.0	0.3849659594743946
0.00014132693733594743	0.0	0.3849659594743946
0.00016822530580203597	0.0	0.3849659594743946
0.00020023898689087085	0.0	0.3849659594743946
0.0002383391591336755	0.0	0.3849659594743946
0.00028368077007182333	0.0	0.3849659594743946
0.00033763707534100997	0.0	0.3849659594743946
0.000401840580940298	0.0	0.3849659594743946
0.0004782315426172995	0.0	0.3849659594743946
0.0005691153718459552	0.0	0.3849659594743946
0.0006772305218738121	0.0	0.3849659594743946
0.0008058286820790852	0.0	0.3849659594743946
0.0009587693960855175	0.0	0.3849659594743946
0.0011406315393238382	0.0	0.3849659594743946
0.0013568444438390019	0.0	0.3849659594743946
0.0016138418382912936	0.0	0.3849659594743946
0.0019192421715371428	0.0	0.3849659594743946
0.002282059295550573	0.0	0.3849659594743946
0.002712947876573601	0.0	0.38496595947439466
0.0032244882503332612	0.0	0.3849659594743946
0.0038315156915231996	0.0	0.3849659594743946
0.004551499163932219	0.0	0.3849659594743946
0.005404974465084209	0.0	0.3849659594743946
0.006416036155710555	0.0	0.3849659594743946
0.007612891607862989	0.0	0.3849659594743946
0.009028478706041279	0.0	0.38496595947439455
0.0107011459273116	0.0	0.3849659594743946
0.012675389380675799	0.0	0.38496595947439455
0.01500263551054653	0.0	0.38496595947439455
0.01774205011462623	0.0	0.38496595947439455
0.020961343607916506	0.0	0.38496595947439455
0.024737528606779673	0.0	0.38496595947439455
0.029157568523953747	0.0	0.38496595947439455
0.03431883478795965	0.0	0.38496595947439455
0.04032926576496819	0.0	0.38496595947439455
0.04730709337030813	0.0	0.38496595947439455
0.05537997560732384	0.0	0.3849659594743946
0.06468334812464933	0.0	0.3849659594743946
0.07535779030614699	0.0	0.3849659594743946
0.08754519825203036	0.0	0.3849659594743946
0.1013835768141647	0.0	0.3849659594743946
0.1170003149799434	0.0	0.3849659594743946
0.1345039017077509	0.0	0.3849659594743946
0.153974177065626	0.0	0.3849659594743946
0.17545139210343402	0.0	0.38496595947439466
0.1989245527959573	0.0	0.3849659594743947
0.22431971306303947	0.0	0.38496595947439477
0.25148900288700027	0.0	0.3849659594743948
0.28020115316148925	0.0	0.3849659594743948
0.31013401611344593	0.0	0.3849659594743949
0.34087078728138637	0.0	0.384965959474395
0.37200480338419495	0.0	0.38496595947439527
0.4035093319498567	0.0	0.3849659594743954
0.4354319121544411	0.0	0.3849659594743957
0.4678166068620384	0.0	0.38496595947439616
0.5006950681595249	0.0	0.3849659594743967
0.5340881168521595	0.0	0.3849659594743977
0.5680262184589104	0.0	0.3849659594743988
0.6024756491419865	0.0	0.3849659594744007
0.6374120666932305	0.0	0.3849659594744034
0.6725847466633688	0.0	0.38496595947440715
0.7082848730927577	0.0	0.3849659594744122
0.7439449870120208	0.0	0.3849659594744188
0.7799746451259711	0.0	0.3849659594744287
0.8161303162689699	0.0	0.3849659594744423
0.8518216806486097	0.0	0.38496595947446105
0.8881186615026072	0.0	0.3849659594744874
0.9243096110025285	0.0	0.3849659594745235
0.9602901590831292	0.0	0.38496595947457396
0.9967403966369097	0.0	0.38496595947464357
1.0	0.0	0.38496595947473944
1.0	0.0	0.3849659594748724
1.0	0.0	0.38496595947505513
1.0	0.0	0.38496595947530704
1.0	0.0	0.38496595947565304
1.0	0.0	0.38496595947612855
1.0	0.0	0.3849659594767808
1.0	0.0	0.38496595947767365
1.0	0.0	0.3849659594788954
1.0	0.0	0.3849659594805642
1.0	0.0	0.38496595948284107
1.0	0.0	0.3849659594859435
1.0	0.0	0.38496595949016416
1.0	0.0	0.38496595949589985
1.0	0.0	0.38496595950368323
1.0	0.0	0.38496595951423124
1.0	0.0	0.3849659595285064
1.0	0.0	0.38496595954779916
1.0	0.0	0.38496595957383795
1.0	0.0	0.38496595960893243
1.0	0.0	0.3849659596561669
1.0	0.0	0.3849659597196512
1.0	0.0	0.3849659598048562
1.0	0.0	0.3849659599190517
1.0	0.0	0.38496596007188294
1.0	0.0	0.38496596027612956
1.0	0.0	0.38496596054869436
1.0	0.0	0.3849659609119013
1.0	0.0	0.3849659613951871
1.0	0.0	0.3849659620373055
1.0	0.0	0.384965962889194
1.0	0.0	0.3849659640176968
1.0	0.0	0.38496596551039
1.0	0.0	0.38496596748182205
1.0	0.0	0.3849659700815733
1.0	0.0	0.3849659735046411
1.0	0.0	0.38496597800480514
1.0	0.0	0.38496598391178133
1.0	0.0	0.3849659916532089
1.0	0.0	0.3849660017827694
1.0	0.0	0.3849660150160829
1.0	0.0	0.3849660322764344
1.0	0.0	0.3849660547529014
1.0	0.0	0.3849660839741148
1.0	0.0	0.3849661219016266
1.0	0.0	0.38496617104788294
1.0	0.0	0.3849662346249379
1.0	0.0	0.3849663167315318
1.0	0.0	0.3849664225878869
1.0	0.0	0.3849665588297566
1.0	0.0	0.38496673387581354
1.0	0.0	0.3849669583856211
1.0	0.0	0.3849672458291626
1.0	0.0	0.38496761319341327
1.0	0.0	0.3849680818567685
1.0	0.0	0.38496867866853274
1.0	0.0	0.3849694372781576
1.0	0.0	0.3849703997677865
1.0	0.0	0.38497161865202295
1.0	0.0	0.3849731593209317
1.0	0.0	0.3849751030163051
1.0	0.0	0.3849775504474127
1.0	0.0	0.38498062617101725
1.0	0.0	0.38498448388161105
1.0	0.0	0.38498931278179
1.0	0.0	0.38499534522965717
1.0	0.0	0.3850028658902086
1.0	0.0	0.38501222265093016
1.0	0.0	0.38502383959827186
1.0	0.0	0.3850382323911695
1.0	0.0	0.38505602641006104
1.0	0.0	0.38507797810446104
1.0	0.0	0.3851050000084684
1.0	0.0	0.38513818994063687
1.0	0.0	0.38517886495124753
1.0	0.0	0.3852286006246434
1.0	0.0	0.3852892763849547
1.0	0.0	0.3853631274879751
1.0	0.0	0.38545280440735896
1.0	0.0	0.385561440336525
1.0	0.0	0.3856927275251075
1.0	0.0	0.38585100314652054
1.0	0.0	0.38604134534703705
1.0	0.0	0.38626968005233336
1.0	0.0	0.38654289900048777
1.0	0.0	0.386868989326894
1.0	0.0	0.3872571748430996
1.0	0.0	0.38771806892572525
1.0	0.0	0.3882638386623445
1.0	0.0	0.3889083795893345
1.0	0.0	0.389667500005395
1.0	0.0	0.39055911345982863
1.0	0.0	0.3916034376062272
1.0	0.0	0.39282319719321945
1.0	0.0	0.3942438285517951
1.0	0.0	0.39589368255507307
1.0	0.0	0.39780422269696397
1.0	0.0	0.4000102146904939
1.0	0.0	0.4025499038570933
1.0	0.0	0.4054651765993987
1.0	0.0	0.4088017024572127
1.0	0.0	0.4126090536733036
1.0	0.0	0.41694079987414245
1.0	0.0	0.4218545764274608
1.0	0.0	0.4274121262946096
1.0	0.0	0.4336793167652323
1.0	0.0	0.4407261343514528
1.0	0.0	0.4486266633289994
1.0	0.0	0.4574590559394313
1.0	0.0	0.46730550510623836
1.0	0.0	0.478252233668583
1.0	0.0	0.49038951761301625
1.0	0.0	0.50381176462235
1.0	0.0	0.5186176735355434
1.0	0.0	0.5349105051516655
1.0	0.0	0.5527985004229524
1.0	0.0	0.5723954887891751
1.0	0.0	0.5938217376963003
1.0	0.0	0.617205104952627
1.0	0.0	0.6426825696235402
1.0	0.0	0.6704022363889842
1.0	0.0	0.7005259354721097
1.0	0.0	0.7332325800486991
1.0	0.0	0.7687225036115778
1.0	0.0	0.807223096069249
1.0	0.0	0.8489962183375336
1.0	0.0	0.8943481595018051
1.0	0.0	0.943643432847151
1.0	0.0	0.997324763542561
1.0	0.0	1.0
1.0	0.0	1.0
1.0	0.0	1.0
1.0	0.0	1.0
1.0	0.0	1.0
1.0	0.0	1.0
1.0	0.0	1.0
1.0	0.0	1.0
1.0	0.0	1.0
1.0	0.0	1.0
1.0	0.0	1.0
1.0	0.0	1.0
1.0	0.0	1.0
1.0	0.0	1.0
1.0	0.0	1.0
1.0	0.0	1.0
1.0	0.0	1.0
1.0	0.0	1.0
1.0	0.0	1.0
1.0	0.0	1.0
1.0	0.0	1.0
1.0	0.0	1.0
1.0	0.0	1.0
1.0	0.0	1.0
1.0	0.0	1.0
1.0	0.0	1.0
1.0	0.0	1.0
1.0	0.0	1.0
1.0	0.0	1.0
1.0	0.0	1.0
1.0	0.0	1.0
1.0	0.0	1.0
1.0	0.0	1.0
1.0	0.0	1.0
1.0	0.0	1.0
1.0	0.0	1.0
1.0	0.0	1.0
1.0	0.0	1.0
1.0	0.0	1.0
1.0	0.0	1.0
1.0	0.0	1.0
1.0	0.0	1.0
1.0	0.0	1.0
1.0	0.0	1.0
1.0	0.0	1.0
1.0	0.0	1.0
1.0	0.0	1.0
1.0	0.0	1.0
1.0	0.0	1.0
1.0	0.0	1.0
1.0	0.0	1.0
1.0	0.0	1.0
1.0	0.0	1.0
1.0	0.0	1.0
1.0	0.0	1.0
1.0	0.0	1.0
1.0	0.0	1.0
1.0	0.0	1.0
1.0	0.0	1.0
1.0	0.0	1.0
1.0	0.0	1.0
1.0	0.0	1.0
1.0	0.0	1.0
1.0	0.0	1.0
1.0	0.0	1.0
1.0	0.0	1.0
1.0	0.0	1.0
1.0	0.0	1.0
1.0	0.0	1.0
1.0	0.0	1.0
1.0	0.0	1.0
1.0	0.0	1.0
1.0	0.0	1.0
1.0	0.0	1.0
1.0	0.0	1.0
1.0	0.0	1.0
1.0	0.0	1.0
1.0	0.0	1.0
1.0	0.0	1.0
1.0	0.0	1.0
1.0	0.0	1.0
1.0	0.0	1.0
1.0	0.0	1.0
1.0	0.0	1.0
1.0	0.0	1.0
1.0	0.0	1.0
1.0	0.0	1.0
1.0	0.0	1.0
1.0	0.0	1.0
1.0	0.0	1.0
1.0	0.0	1.0
1.0	0.0	1.0
1.0	0.0	1.0
1.0	0.0	1.0
1.0	0.0	1.0
1.0	0.0	1.0
1.0	0.0	1.0
1.0	0.0	1.0
1.0	0.0	1.0
1.0	0.0	1.0
1.0	0.0	1.0
1.0	0.0	1.0
1.0	0.0	1.0
1.0	0.0	1.0
1.0	0.0	1.0
1.0	0.0	1.0
1.0	0.0	1.0
1.0	0.0	1.0
1.0	0.0	1.0
1.0	0.0	1.0
1.0	0.0	1.0
1.0	0.0	1.0
1.0	0.0	1.0
1.0	0.0	1.0
1.0	0.0	1.0
1.0	0.0	1.0
1.0	0.0	1.0
1.0	0.0	1.0
1.0	0.0	1.0
