0.0	0.9999989305678673	0.9999989303013989	1.0	0.9999989297684619	0.25905565188292073	0.0	0.2448065012254506	0.23747427778992142	0.22237422618878405	0.0	0.9999989279031827	1.0	0.9999989273702459	1.0	0.9999989268373091	1.0	0.9999989263043721	1.0	0.9999989257714352	1.0	0.9999989252384982	1.0
0.0	0.9999989399163423	0.9999989399163423	1.0	0.9999989399163423	0.18207214409200448	0.0	0.16634262896001023	0.15824872279461966	0.14158005994602338	0.0	0.9999989399163423	1.0	0.9999989399163423	1.0	0.9999989399163423	1.0	0.9999989399163423	1.0	0.9999989399163423	1.0	0.9999989399163423	1.0
0.0	0.999999143274566	0.9999991340987651	1.0	0.9999991157471632	0.17452819860296404	0.0	0.15865356392988705	0.1504849927705487	0.13366269926810773	0.0	0.9999990515165563	1.0	0.9999990331649545	1.0	0.9999990148133526	1.0	0.9999989964617506	1.0	0.9999989781101486	1.0	0.9999989597585467	1.0
0.0	0.9999987374855699	0.9999987467547243	1.0	0.9999987652930326	0.17452785905680918	0.0	0.15865357174338382	0.15048484405934748	0.13366261240229688	0.0	0.999998830177112	1.0	0.9999988487154204	1.0	0.9999988672537289	1.0	0.9999988857920372	1.0	0.9999989043303457	1.0	0.9999989228686541	1.0
0.0	0.9999989373412157	0.9999989375260236	1.0	0.9999989378956395	0.17452786094712788	0.0	0.1586532568131382	0.15048497737448732	0.13366237501439301	0.0	0.999998939189295	1.0	0.9999989395589111	1.0	0.9999989399285268	1.0	0.9999989402981426	1.0	0.9999989406677586	1.0	0.9999989410373744	1.0
0.0	0.9999989428964728	0.9999989428287683	1.0	0.9999989426933594	0.1745278634787155	0.0	0.15865326325599208	0.1504846028160907	0.13366229441936786	0.0	0.9999989422194281	1.0	0.999998942084019	1.0	0.9999989419486102	1.0	0.9999989418132011	1.0	0.9999989416777921	1.0	0.9999989415423832	1.0
0.0	0.9999989439832245	0.999998943866121	1.0	0.999998943631914	0.17452819230877928	0.0	0.15865326351006065	0.15048470479012327	0.13366245671671612	0.0	0.9999989428121899	1.0	0.999998942577983	1.0	0.9999989423437761	1.0	0.9999989421095692	1.0	0.9999989418753622	1.0	0.9999989416411553	1.0
0.0	0.9999991446227297	0.9999991353856496	1.0	0.999999116911489	0.1745275349887678	0.0	0.15865326531844287	0.15048495027804135	0.13366225734463882	0.0	0.999999052251928	1.0	0.9999990337777676	1.0	0.9999990153036072	1.0	0.9999989968294468	1.0	0.9999989783552866	1.0	0.9999989598811262	1.0
0.0	0.9999989304995898	0.9999989309953821	1.0	0.9999989319869663	0.17452818931677838	0.0	0.15865326479539987	0.15048469758912608	0.13366217357400834	0.0	0.9999989354575122	1.0	0.9999989364490967	1.0	0.999998937440681	1.0	0.9999989384322657	1.0	0.9999989394238501	1.0	0.9999989404154347	1.0
0.0	0.9999989343620062	0.99999893468223	1.0	0.9999989353226774	0.174527534993867	0.0	0.15865326256644008	0.15048469998674582	0.1336624079851312	0.0	0.9999989375642433	1.0	0.9999989382046908	1.0	0.9999989388451382	1.0	0.9999989394855857	1.0	0.9999989401260332	1.0	0.9999989407664807	1.0
0.0	0.9999985523233365	0.9999985700089564	1.0	0.9999986053801965	0.17452786215640048	0.0	0.15865325666110588	0.15048443948406812	0.13366239136465072	0.0	0.9999987291795367	1.0	0.9999987645507769	1.0	0.9999987999220168	1.0	0.999998835293257	1.0	0.9999988706644969	1.0	0.9999989060357369	1.0
0.0	0.9999993422175104	0.9999993239988499	1.0	0.9999992875615291	0.17452818931730543	0.0	0.158653275380598	0.1504849782804863	0.13366219398260704	0.0	0.9999991600309058	1.0	0.999999123593585	1.0	0.9999990871562642	1.0	0.9999990507189432	1.0	0.9999990142816223	1.0	0.9999989778443013	1.0
0.0	0.9999985398092985	0.9999985580637382	1.0	0.9999985945726175	0.17452753499521562	0.0	0.15865326487032683	0.15048443059626207	0.13366228020172216	0.0	0.9999987223536952	1.0	0.9999987588625747	1.0	0.9999987953714539	1.0	0.9999988318803334	1.0	0.9999988683892126	1.0	0.999998904898092	1.0
0.0	0.9999993420707658	0.9999993238587752	1.0	0.9999992874347943	0.17452818931648675	0.0	0.15865326713373218	0.1504849781649299	0.13366219231181528	0.0	0.9999991599508606	1.0	0.9999991235268796	1.0	0.9999990871028985	1.0	0.9999990506789174	1.0	0.9999990142549364	1.0	0.9999989778309554	1.0
0.0	0.999998541677054	0.9999985598465954	1.0	0.9999985961856781	0.17452753499526713	0.0	0.15865326619745093	0.15048443223445343	0.13366248250672705	0.0	0.9999987233724676	1.0	0.9999987597115502	1.0	0.9999987960506329	1.0	0.9999988323897154	1.0	0.9999988687287984	1.0	0.9999989050678811	1.0
0.0	0.999998934593517	0.9999989349032207	1.0	0.9999989355226278	0.17452818931672717	0.0	0.15865326111561887	0.1504847003395402	0.13366219060478154	0.0	0.999998937690553	1.0	0.9999989383099602	1.0	0.9999989389293674	1.0	0.9999989395487746	1.0	0.9999989401681819	1.0	0.999998940787589	1.0
0.0	0.9999991442768658	0.9999991350555066	1.0	0.9999991166127885	0.1745275349911017	0.0	0.1586532613897862	0.15048484292188105	0.13366241264841486	0.0	0.9999990520632749	1.0	0.9999990336205569	1.0	0.9999990151778385	1.0	0.9999989967351204	1.0	0.9999989782924024	1.0	0.9999989598496841	1.0
0.0	0.9999989414069783	0.9999989414069783	1.0	0.9999989414069783	0.17452786215446073	0.0	0.15865326573221553	0.1504847047901504	0.13366221954781804	0.0	0.9999989414069783	1.0	0.9999989414069783	1.0	0.9999989414069783	1.0	0.9999989414069783	1.0	0.9999989414069783	1.0	0.9999989414069783	1.0
0.0	0.9999987385370699	0.999998747758429	1.0	0.9999987662011471	0.1745281893220455	0.0	0.15865326760494944	0.15048456646975528	0.13366221706738998	0.0	0.9999988307506606	1.0	0.9999988491933789	1.0	0.9999988676360969	1.0	0.9999988860788153	1.0	0.9999989045215334	1.0	0.9999989229642515	1.0
0.0	0.999998944336023	0.9999989442028838	1.0	0.9999989439366059	0.1745275349949875	0.0	0.15865326486963263	0.15048470678722203	0.13366237505582282	0.0	0.999998943004633	1.0	0.999998942738355	1.0	0.9999989424720769	1.0	0.9999989422057989	1.0	0.999998941939521	1.0	0.999998941673243	1.0
0.0	0.9999989384779198	0.9999989386110588	1.0	0.9999989388773368	0.17452818931675382	0.0	0.1586532646946423	0.150484703255531	0.1336621843397913	0.0	0.9999989398093098	1.0	0.9999989400755879	1.0	0.9999989403418659	1.0	0.9999989406081439	1.0	0.9999989408744218	1.0	0.9999989411406998	1.0
0.0	0.9999991442768688	0.99999913505551	1.0	0.9999991166127916	0.17452753499079604	0.0	0.15865326407796024	0.15048473548054403	0.1336624053176641	0.0	0.9999990520632782	1.0	0.9999990336205599	1.0	0.9999990151778417	1.0	0.9999989967351236	1.0	0.9999989782924056	1.0	0.9999989598496873	1.0
0.0	0.999998946176294	0.999998945959506	1.0	0.99999894552593	0.17452818949066493	0.0	0.15865326395348606	0.15048470998358424	0.13366214465881204	0.0	0.999998944008414	1.0	0.999998943574838	1.0	0.999998943141262	1.0	0.9999989427076861	1.0	0.99999894227411	1.0	0.9999989418405341	1.0
0.0	0.9999989394853626	0.9999989395727082	1.0	0.9999989397473994	0.17452753398936124	0.0	0.15865326578417793	0.15048480676419337	0.1336622682621873	0.0	0.9999989403588185	1.0	0.9999989405335098	1.0	0.999998940708201	1.0	0.9999989408828922	1.0	0.9999989410575834	1.0	0.9999989412322744	1.0
0.0	0.9999989425876336	0.9999989425339674	1.0	0.999998942426635	0.1745281500383718	0.0	0.1586532659415226	0.1504847075554493	0.1336622664208243	0.0	0.9999989420509715	1.0	0.9999989419436391	1.0	0.9999989418363068	1.0	0.9999989417289743	1.0	0.9999989416216418	1.0	0.9999989415143095	1.0
0.0	0.9999989436925075	0.999998943588618	1.0	0.9999989433808391	0.1745277402185538	0.0	0.15865326649325487	0.15048470638233533	0.13366226729860137	0.0	0.9999989426536124	1.0	0.9999989424458334	1.0	0.9999989422380544	1.0	0.9999989420302754	1.0	0.9999989418224964	1.0	0.9999989416147174	1.0
0.0	0.9999991426402001	0.9999991334932359	1.0	0.9999991151993076	0.174527859101732	0.0	0.15865341120968873	0.15048484194205383	0.13366238601402358	0.0	0.9999990511705587	1.0	0.9999990328766304	1.0	0.9999990145827021	1.0	0.9999989962887738	1.0	0.9999989779948454	1.0	0.9999989597009172	1.0
0.0	0.9999987395371782	0.999998748713078	1.0	0.9999987670648773	0.1745278621519104	0.0	0.15865311804385052	0.15048456715163966	0.13366212287140897	0.0	0.9999988312961755	1.0	0.999998849647975	1.0	0.9999988679997743	1.0	0.9999988863515739	1.0	0.9999989047033732	1.0	0.9999989230551728	1.0
0.0	0.9999991413730063	0.9999991322836417	1.0	0.9999991141049126	0.17452774021859974	0.0	0.15865322678834828	0.15048471449191544	0.13366224074569769	0.0	0.9999990504793603	1.0	0.9999990323006311	1.0	0.9999990141219021	1.0	0.9999989959431729	1.0	0.9999989777644437	1.0	0.9999989595857145	1.0
0.0	0.9999985377372432	0.9999985560858671	1.0	0.9999985927831148	0.1745279724510153	0.0	0.15865333827974848	0.15048468283816846	0.13366220039651863	0.0	0.9999987212234818	1.0	0.9999987579207295	1.0	0.9999987946179771	1.0	0.9999988313152248	1.0	0.9999988680124726	1.0	0.9999989047097203	1.0
0.0	0.9999991413730075	0.9999991322836429	1.0	0.9999991141049136	0.17452799879338302	0.0	0.15865322678834906	0.15048471449191012	0.1336622531559539	0.0	0.9999990504793616	1.0	0.9999990323006323	1.0	0.9999990141219031	1.0	0.999998995943174	1.0	0.9999989777644448	1.0	0.9999989595857156	1.0
0.0	0.9999987395371781	0.9999987487130779	1.0	0.9999987670648774	0.17452774021858697	0.0	0.15865311804385016	0.1504845671516266	0.13366207669449212	0.0	0.9999988312961754	1.0	0.9999988496479749	1.0	0.9999988679997744	1.0	0.9999988863515739	1.0	0.9999989047033733	1.0	0.9999989230551727	1.0
0.0	0.9999991426402013	0.9999991334932371	1.0	0.9999991151993088	0.17452785909822155	0.0	0.15865341120968993	0.15048484194203504	0.13366231417408872	0.0	0.9999990511705599	1.0	0.9999990328766316	1.0	0.9999990145827032	1.0	0.999998996288775	1.0	0.9999989779948466	1.0	0.9999989597009185	1.0
0.0	0.9999985390103814	0.999998557301134	1.0	0.9999985938826392	0.17452786521349423	0.0	0.1586529722061704	0.15048443053391397	0.1336619067409235	0.0	0.9999987219179081	1.0	0.9999987584994134	1.0	0.9999987950809188	1.0	0.9999988316624242	1.0	0.9999988682439295	1.0	0.999998904825435	1.0
0.0	0.9999989416784332	0.9999989416660943	1.0	0.9999989416414163	0.17452802626584696	0.0	0.15865326485824985	0.1504849782103495	0.133662133698284	0.0	0.9999989415550437	1.0	0.9999989415303658	1.0	0.9999989415056879	1.0	0.99999894148101	1.0	0.9999989414563321	1.0	0.9999989414316541	1.0
0.0	0.9999993432606488	0.9999993249945741	1.0	0.9999992884624246	0.17452786030706907	0.0	0.1586535575103197	0.1504846028160645	0.13366235404119553	0.0	0.999999160599901	1.0	0.9999991240677515	1.0	0.9999990875356018	1.0	0.9999990510034524	1.0	0.9999990144713029	1.0	0.9999989779391533	1.0
0.0	0.999998740445206	0.9999987495798313	1.0	0.9999987678490816	0.17452753410739105	0.0	0.15865311850680694	0.15048480676412523	0.13366192573037036	0.0	0.999998831791458	1.0	0.9999988500607083	1.0	0.9999988683299587	1.0	0.9999988865992091	1.0	0.9999989048684597	1.0	0.9999989231377099	1.0
0.0	0.9999991432767692	0.9999991341008695	1.0	0.99999911574907	0.17452814988045395	0.0	0.15865326485824824	0.15048456847408703	0.1336621277015588	0.0	0.9999990515177719	1.0	0.9999990331659725	1.0	0.9999990148141731	1.0	0.9999989964623736	1.0	0.999998978110574	1.0	0.9999989597587746	1.0
0.0	0.9999989416354897	0.9999989416251028	1.0	0.999998941604329	0.17452774021859216	0.0	0.15865344905017076	0.15048484242854138	0.13366189692547845	0.0	0.9999989415316205	1.0	0.9999989415108466	1.0	0.9999989414900727	1.0	0.9999989414692989	1.0	0.999998941448525	1.0	0.9999989414277511	1.0
0.0	0.9999989449161274	0.9999989447566197	1.0	0.9999989444376043	0.17452786215584967	0.0	0.15865308066630968	0.15048470733841823	0.13366175540713535	0.0	0.9999989433210501	1.0	0.9999989430020347	1.0	0.9999989426830193	1.0	0.9999989423640038	1.0	0.9999989420449883	1.0	0.9999989417259728	1.0
0.0	0.9999991432767723	0.9999991341008726	1.0	0.9999991157490732	0.17452802676092005	0.0	0.15865356120535726	0.15048484242847995	0.13366187373151625	0.0	0.999999051517775	1.0	0.9999990331659756	1.0	0.9999990148141762	1.0	0.9999989964623766	1.0	0.9999989781105771	1.0	0.9999989597587777	1.0
0.0	0.9999987414768714	0.9999987505646033	1.0	0.9999987687400671	0.17452785960572179	0.0	0.15865311903111606	0.15048456847395464	0.13366149061077032	0.0	0.99999883235419	1.0	0.9999988505296536	1.0	0.9999988687051174	1.0	0.9999988868805811	1.0	0.9999989050560448	1.0	0.9999989232315086	1.0
0.0	0.9999991442768846	0.9999991350555256	1.0	0.9999991166128075	0.17452753499137197	0.0	0.15865326254422718	0.15048484264780487	0.13366133668377791	0.0	0.999999052063294	1.0	0.9999990336205756	1.0	0.9999990151778576	1.0	0.9999989967351394	1.0	0.9999989782924213	1.0	0.9999989598497031	1.0
0.0	0.9999989392650814	0.9999989393624413	1.0	0.9999989395571608	0.1745281893177077	0.0	0.15865326451639628	0.15048470379189027	0.1336611771795001	0.0	0.9999989402386792	1.0	0.9999989404333989	1.0	0.9999989406281183	1.0	0.9999989408228379	1.0	0.9999989410175574	1.0	0.999998941212277	1.0
0.0	0.9999989414069919	0.9999989414069919	1.0	0.9999989414069919	0.17452786215590665	0.0	0.15865326490784162	0.15048470465432037	0.13366103926530862	0.0	0.9999989414069919	1.0	0.9999989414069919	1.0	0.9999989414069919	1.0	0.9999989414069919	1.0	0.9999989414069919	1.0	0.9999989414069919	1.0
0.0	0.9999989435489032	0.9999989434515434	1.0	0.9999989432568237	0.17452753499404186	0.0	0.15865326515713093	0.15048470638536598	0.13366084774678155	0.0	0.9999989425753054	1.0	0.9999989423805858	1.0	0.9999989421858662	1.0	0.9999989419911467	1.0	0.9999989417964271	1.0	0.9999989416017077	1.0
0.0	0.9999987385371076	0.9999987477584668	1.0	0.9999987662011851	0.174528189320342	0.0	0.1586532647015153	0.1504845664690319	0.13366026602343362	0.0	0.9999988307506985	1.0	0.9999988491934168	1.0	0.9999988676361349	1.0	0.9999988860788529	1.0	0.9999989045215711	1.0	0.9999989229642892	1.0
0.0	0.9999993414880718	0.9999993233025697	1.0	0.9999992869315657	0.17452753458969886	0.0	0.15865326516318065	0.1504847047892014	0.13366009490863603	0.0	0.9999991596330512	1.0	0.9999991232620471	1.0	0.9999990868910431	1.0	0.9999990505200389	1.0	0.9999990141490348	1.0	0.9999989777780307	1.0
0.0	0.9999985413259574	0.9999985595114596	1.0	0.9999985958824635	0.17452818972344936	0.0	0.1586532645840681	0.15048480676292195	0.13365929868776338	0.0	0.999998723180978	1.0	0.9999987595519821	1.0	0.9999987959229862	1.0	0.9999988322939903	1.0	0.9999988686649944	1.0	0.9999989050359986	1.0
0.0	0.9999991442769253	0.9999991350555663	1.0	0.999999116612848	0.17452753499011422	0.0	0.1586532650825202	0.15048446312073857	0.13365891040022332	0.0	0.9999990520633345	1.0	0.9999990336206164	1.0	0.9999990151778982	1.0	0.9999989967351799	1.0	0.9999989782924619	1.0	0.9999989598497436	1.0
0.0	0.999998934740329	0.9999989350433627	1.0	0.99999893564943	0.1745281893168397	0.0	0.15865326441176344	0.1504849782782809	0.13365788589303987	0.0	0.9999989377706656	1.0	0.9999989383767329	1.0	0.9999989389828003	1.0	0.9999989395888677	1.0	0.999998940194935	1.0	0.9999989408010023	1.0
0.0	0.999998540596522	0.9999985588151824	1.0	0.9999985952525035	0.17452753499434043	0.0	0.15865326266936122	0.15048443148548687	0.1336571056927053	0.0	0.9999987227831265	1.0	0.9999987592204476	1.0	0.9999987956577684	1.0	0.9999988320950892	1.0	0.99999886853241	1.0	0.9999989049697311	1.0
0.0	0.9999989414070719	0.9999989414070719	1.0	0.9999989414070719	0.17452786215596489	0.0	0.15865325681321932	0.1504847045975379	0.13365581903022133	0.0	0.9999989414070719	1.0	0.9999989414070719	1.0	0.9999989414070719	1.0	0.9999989414070719	1.0	0.9999989414070719	1.0	0.9999989414070719	1.0
0.0	0.9999993422176435	0.9999993239989831	1.0	0.9999992875616622	0.17452818931761233	0.0	0.1586532753006413	0.15048497825340773	0.1336542698990935	0.0	0.999999160031039	1.0	0.9999991235937181	1.0	0.9999990871563973	1.0	0.9999990507190764	1.0	0.9999990142817553	1.0	0.9999989778444344	1.0
0.0	0.9999989480738428	0.9999989477708091	1.0	0.9999989471647418	0.17452753499513937	0.0	0.15865326509678807	0.15048470932851077	0.13365269239145627	0.0	0.9999989450435062	1.0	0.9999989444374389	1.0	0.9999989438313714	1.0	0.9999989432253041	1.0	0.9999989426192368	1.0	0.9999989420131695	1.0
0.0	0.9999987385372731	0.9999987477586322	1.0	0.9999987662013503	0.1745281893205065	0.0	0.15865326706097213	0.15048456646020883	0.13365030568129357	0.0	0.9999988307508639	1.0	0.9999988491935821	1.0	0.9999988676363002	1.0	0.9999988860790182	1.0	0.9999989045217365	1.0	0.9999989229644547	1.0
0.0	0.9999991413373149	0.999999132249583	1.0	0.9999991140741192	0.17452786458918113	0.0	0.15865341069241495	0.15048484109326618	0.13364793901574437	0.0	0.9999990504599964	1.0	0.9999990322845326	1.0	0.9999990141090689	1.0	0.9999989959336053	1.0	0.9999989777581416	1.0	0.9999989595826777	1.0
0.0	0.9999987413425708	0.9999987504364196	1.0	0.9999987686241176	0.17452769766821888	0.0	0.1586531193569371	0.1504845683612885	0.13364460844723208	0.0	0.9999988322810598	1.0	0.9999988504687576	1.0	0.9999988686564554	1.0	0.9999988868441532	1.0	0.999998905031851	1.0	0.9999989232195486	1.0
0.0	0.9999989340594652	0.9999989343934617	1.0	0.9999989350614542	0.17452785909860907	0.0	0.15865325951471604	0.1504846997644517	0.13364071031331526	0.0	0.9999989373994285	1.0	0.9999989380674212	1.0	0.9999989387354139	1.0	0.9999989394034068	1.0	0.9999989400713994	1.0	0.999998940739392	1.0
0.0	0.9999987413427146	0.9999987504365635	1.0	0.9999987686242612	0.17452777943832085	0.0	0.1586531193570808	0.15048456834709067	0.1336358498818981	0.0	0.9999988322812036	1.0	0.9999988504689014	1.0	0.999998868656599	1.0	0.9999988868442969	1.0	0.9999989050319946	1.0	0.9999989232196925	1.0
0.0	0.9999991449262615	0.9999991356754079	1.0	0.9999991171737005	0.17452794793200227	0.0	0.158653412845223	0.15048484349169614	0.1336303613525303	0.0	0.999999052417725	1.0	0.9999990339160177	1.0	0.9999990154143104	1.0	0.9999989969126031	1.0	0.9999989784108957	1.0	0.9999989599091885	1.0
0.0	0.9999989425882801	0.9999989425346141	1.0	0.9999989424272816	0.17452798409379267	0.0	0.15865326594216797	0.15048470574143682	0.133623246471815	0.0	0.9999989420516182	1.0	0.9999989419442857	1.0	0.9999989418369533	1.0	0.9999989417296209	1.0	0.9999989416222885	1.0	0.9999989415149562	1.0
0.0	0.9999991422816188	0.9999991331509885	1.0	0.9999991148897287	0.17452774021936862	0.0	0.1586531890769935	0.150484752614493	0.13361464567422468	0.0	0.9999990509753167	1.0	0.9999990327140564	1.0	0.999999014452796	1.0	0.9999989961915355	1.0	0.999998977930275	1.0	0.9999989596690145	1.0
0.0	0.9999987386124515	0.9999987478304273	1.0	0.9999987662663786	0.17452786215637264	0.0	0.15865333884884952	0.15048465510299278	0.1336046325571848	0.0	0.9999988307922096	1.0	0.999998849228161	1.0	0.9999988676641127	1.0	0.9999988861000644	1.0	0.9999989045360161	1.0	0.9999989229719677	1.0
0.0	0.9999989425887975	0.9999989425351313	1.0	0.999998942427799	0.1745278590996151	0.0	0.15865326594268542	0.1504847056573292	0.13359204581363665	0.0	0.9999989420521356	1.0	0.9999989419448031	1.0	0.9999989418374706	1.0	0.9999989417301381	1.0	0.9999989416228058	1.0	0.9999989415154735	1.0
0.0	0.9999989436939156	0.9999989435900261	1.0	0.9999989433822472	0.1745278652146541	0.0	0.1586532664946622	0.1504847061911527	0.13357696061823304	0.0	0.9999989426550205	1.0	0.9999989424472415	1.0	0.9999989422394625	1.0	0.9999989420316835	1.0	0.9999989418239045	1.0	0.9999989416161255	1.0
0.0	0.9999991426419073	0.9999991334949431	1.0	0.9999991152010149	0.1745278590999262	0.0	0.15865341121139506	0.15048484168392376	0.13355881969328068	0.0	0.9999990511722658	1.0	0.9999990328783376	1.0	0.9999990145844092	1.0	0.9999989962904808	1.0	0.9999989779965527	1.0	0.9999989597026244	1.0
0.0	0.9999985339318034	0.9999985524534976	1.0	0.9999985894968857	0.1745277402206884	0.0	0.15865296851324082	0.15048442661631703	0.13353631611083525	0.0	0.9999987191487446	1.0	0.9999987561921327	1.0	0.9999987932355211	1.0	0.9999988302789093	1.0	0.9999988673222975	1.0	0.9999989043656857	1.0
0.0	0.9999991426427094	0.9999991334957451	1.0	0.9999991152018168	0.17452810909105	0.0	0.1586534112121972	0.15048484147183597	0.13350996003578214	0.0	0.999999051173068	1.0	0.9999990328791396	1.0	0.9999990145852113	1.0	0.999998996291283	1.0	0.9999989779973547	1.0	0.9999989597034266	1.0
0.0	0.9999985390134323	0.999998557304185	1.0	0.9999985938856902	0.1745277402206084	0.0	0.15865297220922095	0.15048442989958946	0.13347748865768144	0.0	0.999998721920959	1.0	0.9999987585024644	1.0	0.9999987950839698	1.0	0.9999988316654752	1.0	0.9999988682469805	1.0	0.9999989048284859	1.0
0.0	0.9999989416821267	0.9999989416697878	1.0	0.9999989416451098	0.1745277371651784	0.0	0.15865326486194228	0.15048470388206536	0.13343840007392316	0.0	0.9999989415587371	1.0	0.9999989415340593	1.0	0.9999989415093814	1.0	0.9999989414847035	1.0	0.9999989414600255	1.0	0.9999989414353476	1.0
0.0	0.9999993432651233	0.9999993249990485	1.0	0.999999288466899	0.1745279840980894	0.0	0.15865355751479374	0.15048497799808275	0.1333911799943029	0.0	0.9999991606043754	1.0	0.9999991240722259	1.0	0.9999990875400763	1.0	0.9999990510079267	1.0	0.9999990144757772	1.0	0.9999989779436277	1.0
0.0	0.9999987404506206	0.9999987495852458	1.0	0.9999987678544963	0.17452798715620646	0.0	0.15865311851222139	0.15048456603127341	0.13333403245487574	0.0	0.9999988317968725	1.0	0.999998850066123	1.0	0.9999988683353734	1.0	0.9999988866046237	1.0	0.9999989048738741	1.0	0.9999989231431243	1.0
0.0	0.9999991432833187	0.9999991341074191	1.0	0.9999991157556195	0.17452774022513912	0.0	0.15865341167919306	0.15048484033458034	0.13326534240333524	0.0	0.9999990515243214	1.0	0.9999990331725221	1.0	0.9999990148207225	1.0	0.9999989964689231	1.0	0.9999989781171237	1.0	0.9999989597653242	1.0
0.0	0.9999987414488679	0.9999987505382324	1.0	0.9999987687169616	0.17452802577234378	0.0	0.15865304753318263	0.1504847734498004	0.13318231108848486	0.0	0.9999988323425139	1.0	0.9999988505212429	1.0	0.9999988686999721	1.0	0.9999988868787013	1.0	0.9999989050574305	1.0	0.9999989232361598	1.0
0.0	0.9999993450862742	0.9999993267376505	1.0	0.9999992900404028	0.17452748731600548	0.0	0.1586535584458051	0.1504846122447697	0.1330821759944151	0.0	0.9999991616000362	1.0	0.9999991249027886	1.0	0.9999990882055411	1.0	0.9999990515082935	1.0	0.9999990148110459	1.0	0.9999989781137983	1.0
0.0	0.9999989414185487	0.9999989414185487	1.0	0.9999989414185487	0.17452807035021142	0.0	0.15865311509813007	0.15048478843083307	0.1329614634381961	0.0	0.9999989414185485	1.0	0.9999989414185485	1.0	0.9999989414185485	1.0	0.9999989414185484	1.0	0.9999989414185484	1.0	0.9999989414185484	1.0
0.0	0.9999989414209488	0.9999989414209488	1.0	0.9999989414209488	0.17452774023256296	0.0	0.15865326487222114	0.1504846135898248	0.13281600435381055	0.0	0.9999989414209487	1.0	0.9999989414209487	1.0	0.9999989414209487	1.0	0.9999989414209486	1.0	0.9999989414209486	1.0	0.9999989414209486	1.0
0.0	0.9999989414238512	0.9999989414238512	1.0	0.9999989414238512	0.1745280698856489	0.0	0.15865341464681434	0.15048473460556094	0.13264079758047528	0.0	0.9999989414238512	1.0	0.999998941423851	1.0	0.999998941423851	1.0	0.999998941423851	1.0	0.999998941423851	1.0	0.999998941423851	1.0
0.0	0.9999989414273311	0.9999989414273311	1.0	0.9999989414273311	0.1745275711207474	0.0	0.15865316339824342	0.15048456696798204	0.13242984708312566	0.0	0.9999989414273311	1.0	0.999998941427331	1.0	0.999998941427331	1.0	0.999998941427331	1.0	0.999998941427331	1.0	0.999998941427331	1.0
0.0	0.9999989414315376	0.9999989414315376	1.0	0.9999989414315376	0.17452819245565893	0.0	0.15865339864479744	0.1504848373127239	0.13217596846197324	0.0	0.9999989414315374	1.0	0.9999989414315374	1.0	0.9999989414315374	1.0	0.9999989414315374	1.0	0.9999989414315374	1.0	0.9999989414315374	1.0
0.0	0.999998941436584	0.999998941436584	1.0	0.999998941436584	0.1745277402481984	0.0	0.15865310572876692	0.1504846195076936	0.1318705594417208	0.0	0.999998941436584	1.0	0.999998941436584	1.0	0.999998941436584	1.0	0.999998941436584	1.0	0.999998941436584	1.0	0.999998941436584	1.0
0.0	0.9999989414426695	0.9999989414426695	1.0	0.9999989414426695	0.17452807037433277	0.0	0.15865339177140472	0.150484826427021	0.1315033283544781	0.0	0.9999989414426695	1.0	0.9999989414426695	1.0	0.9999989414426695	1.0	0.9999989414426695	1.0	0.9999989414426695	1.0	0.9999989414426695	1.0
0.0	0.9999989414499723	0.9999989414499723	1.0	0.9999989414499723	0.1745278176246565	0.0	0.15865315330464608	0.1504843891557635	0.13106197400208536	0.0	0.9999989414499723	1.0	0.9999989414499723	1.0	0.9999989414499723	1.0	0.9999989414499723	1.0	0.9999989414499723	1.0	0.9999989414499723	1.0
0.0	0.9999989414587579	0.9999989414587579	1.0	0.9999989414587579	0.17452786220765026	0.0	0.1586533282152988	0.15048465057143764	0.13053180980964335	0.0	0.9999989414587579	1.0	0.9999989414587579	1.0	0.9999989414587579	1.0	0.9999989414587579	1.0	0.9999989414587579	1.0	0.9999989414587579	1.0
0.0	0.999998941469304	0.999998941469304	1.0	0.999998941469304	0.17452769860963366	0.0	0.1586533132119069	0.1504847837959802	0.12989532502990644	0.0	0.999998941469304	1.0	0.999998941469304	1.0	0.999998941469304	1.0	0.999998941469304	1.0	0.999998941469304	1.0	0.999998941469304	1.0
0.0	0.9999989414819693	0.9999989414819693	1.0	0.9999989414819693	0.17452798416813953	0.0	0.1586533368363872	0.15048461167396662	0.12913167620964008	0.0	0.9999989414819693	1.0	0.9999989414819693	1.0	0.9999989414819693	1.0	0.9999989414819693	1.0	0.9999989414819693	1.0	0.9999989414819693	1.0
0.0	0.9999989414971604	0.9999989414971604	1.0	0.9999989414971604	0.17452774030877508	0.0	0.15865304327359642	0.150484551713979	0.12821610358453014	0.0	0.9999989414971604	1.0	0.9999989414971604	1.0	0.9999989414971604	1.0	0.9999989414971604	1.0	0.9999989414971604	1.0	0.9999989414971604	1.0
0.0	0.9999989415153867	0.9999989415153867	1.0	0.9999989415153867	0.17452802587284189	0.0	0.15865348664149506	0.15048455824041468	0.1271192703466703	0.0	0.9999989415153867	1.0	0.9999989415153867	1.0	0.9999989415153867	1.0	0.9999989415153867	1.0	0.9999989415153867	1.0	0.9999989415153867	1.0
0.0	0.9999989415372088	0.9999989415372088	1.0	0.9999989415372088	0.17452769561943463	0.0	0.1586532649884807	0.15048424001825836	0.12580652865041267	0.0	0.9999989415372088	1.0	0.9999989415372088	1.0	0.9999989415372088	1.0	0.9999989415372088	1.0	0.9999989415372088	1.0	0.9999989415372088	1.0
0.0	0.9999989415633285	0.9999989415633285	1.0	0.9999989415633285	0.1745277403749432	0.0	0.15865326501460011	0.1504844576652529	0.12423712672655282	0.0	0.9999989415633285	1.0	0.9999989415633285	1.0	0.9999989415633285	1.0	0.9999989415633285	1.0	0.9999989415633285	1.0	0.9999989415633285	1.0
0.0	0.9999989415945596	0.9999989415945596	1.0	0.9999989415945596	0.1745278339521467	0.0	0.15865297146784935	0.1504842835885967	0.12236338885875044	0.0	0.9999989415945596	1.0	0.9999989415945596	1.0	0.9999989415945596	1.0	0.9999989415945596	1.0	0.9999989415945596	1.0	0.9999989415945596	1.0
0.0	0.9999989416318402	0.9999989416318402	1.0	0.9999989416318402	0.1745281377046973	0.0	0.15865348675794688	0.1504842083076957	0.12012992816717907	0.0	0.9999989416318402	1.0	0.9999989416318402	1.0	0.9999989416318402	1.0	0.9999989416318402	1.0	0.9999989416318402	1.0	0.9999989416318402	1.0
0.0	0.9999989416762743	0.9999989416762743	1.0	0.9999989416762743	0.17452774048788883	0.0	0.15865311535585316	0.15048397153317924	0.11747299685849187	0.0	0.9999989416762743	1.0	0.9999989416762743	1.0	0.9999989416762743	1.0	0.9999989416762743	1.0	0.9999989416762743	1.0	0.9999989416762743	1.0
0.0	0.9999989417291265	0.9999989417291265	1.0	0.9999989417291265	0.1745279815123734	0.0	0.15865335984614304	0.15048351718459355	0.1143201629224908	0.0	0.9999989417291265	1.0	0.9999989417291265	1.0	0.9999989417291265	1.0	0.9999989417291265	1.0	0.9999989417291265	1.0	0.9999989417291265	1.0
0.0	0.9999989417917677	0.9999989417917677	1.0	0.9999989417917677	0.1745277404482015	0.0	0.15865309867414018	0.1504834427700788	0.11059243804038837	0.0	0.9999989417917677	1.0	0.9999989417917677	1.0	0.9999989417917677	1.0	0.9999989417917677	1.0	0.9999989417917677	1.0	0.9999989417917677	1.0
0.0	0.9999989418659472	0.9999989418659472	1.0	0.9999989418659472	0.17452774067756163	0.0	0.15865348699204707	0.15048289819054486	0.10619222366957153	0.0	0.9999989418659472	1.0	0.9999989418659472	1.0	0.9999989418659472	1.0	0.9999989418659472	1.0	0.9999989418659472	1.0	0.9999989418659472	1.0
0.0	0.9999989419541327	0.9999989419541327	1.0	0.9999989419541327	0.1745279846403027	0.0	0.15865333730853787	0.1504823783125829	0.10097807626977537	0.0	0.9999989419541327	1.0	0.9999989419541327	1.0	0.9999989419541327	1.0	0.9999989419541327	1.0	0.9999989419541327	1.0	0.9999989419541327	1.0
0.0	0.9999989420597734	0.9999989420597734	1.0	0.9999989420597734	0.17452786586676944	0.0	0.15865304383619103	0.15048125871907225	0.09475085011966099	0.0	0.9999989420597734	1.0	0.9999989420597734	1.0	0.9999989420597734	1.0	0.9999989420597734	1.0	0.9999989420597734	1.0	0.9999989420597734	1.0
0.0	0.9999989421873817	0.9999989421873817	1.0	0.9999989421873817	0.17452798487355178	0.0	0.15865330381371961	0.1504804529623428	0.08724747018925222	0.0	0.9999989421873817	1.0	0.9999989421873817	1.0	0.9999989421873817	1.0	0.9999989421873817	1.0	0.9999989421873817	1.0	0.9999989421873817	1.0
0.0	0.9999989423424471	0.9999989423424471	1.0	0.9999989423424471	0.17452774115406158	0.0	0.15865322761858955	0.15047907847217834	0.07814434178418736	0.0	0.9999989423424471	1.0	0.9999989423424471	1.0	0.9999989423424471	1.0	0.9999989423424471	1.0	0.9999989423424471	1.0	0.9999989423424471	1.0
0.0	0.9999989425312765	0.9999989425312765	1.0	0.9999989425312765	0.17452786022206476	0.0	0.158653415754185	0.15047701290886523	0.06706625904517094	0.0	0.9999989425312765	1.0	0.9999989425312765	1.0	0.9999989425312765	1.0	0.9999989425312765	1.0	0.9999989425312765	1.0	0.9999989425312765	1.0
0.0	0.9999989427607286	0.9999989427607286	1.0	0.9999989427607286	0.174527741572343	0.0	0.1586531164402316	0.1504744846657891	0.05359621409679536	0.0	0.9999989427607286	1.0	0.9999989427607286	1.0	0.9999989427607286	1.0	0.9999989427607286	1.0	0.9999989427607286	1.0	0.9999989427607286	1.0
0.0	0.999998943038085	0.999998943038085	1.0	0.999998943038085	0.17452798572425485	0.0	0.15865341626093524	0.15047077462571307	0.03728250654246495	0.0	0.999998943038085	1.0	0.999998943038085	1.0	0.999998943038085	1.0	0.999998943038085	1.0	0.999998943038085	1.0	0.999998943038085	1.0
0.0	0.9999989433707887	0.9999989433707887	1.0	0.9999989433707887	0.1745278671777848	0.0	0.1586532668218991	0.15046663569169558	0.01764041108342528	0.0	0.9999989433707887	1.0	0.9999989433707887	1.0	0.9999989433707887	1.0	0.9999989433707887	1.0	0.9999989433707887	1.0	0.9999989433707887	1.0
0.0	0.999998943712971	0.999998943712971	1.0	0.999998943712971	0.17452798639914094	0.0	0.15865311739232002	0.1504603650916904	0.0	0.0	0.999998943712971	1.0	0.999998943712971	1.0	0.999998943712971	1.0	0.999998943712971	1.0	0.999998943712971	1.0	0.999998943712971	1.0
0.0	0.9999985408746805	0.9999985591927018	1.0	0.999998595828744	0.17452774268275922	0.0	0.15865348899691972	0.15045226878409773	0.0	0.0	0.9999987240548917	1.0	0.9999987606909339	1.0	0.999998797326976	1.0	0.9999988339630183	1.0	0.9999988705990605	1.0	0.9999989072351027	1.0
0.0	0.9999993468677111	0.99999932854969	1.0	0.9999992919136478	0.17452786156203492	0.0	0.15865326732204077	0.15044150350763805	0.0	0.0	0.9999991636875	1.0	0.9999991270514578	1.0	0.9999990904154156	1.0	0.9999990537793734	1.0	0.9999990171433312	1.0	0.999998980507289	1.0
0.0	0.9999987439053434	0.999998752994708	1.0	0.999998771173437	0.1745277426829788	0.0	0.1586531218921174	0.15042714917138567	0.0	0.0	0.9999988347989893	1.0	0.9999988529777185	1.0	0.9999988711564476	1.0	0.9999988893351768	1.0	0.999998907513906	1.0	0.9999989256926353	1.0
0.0	0.999999145741344	0.9999991365654443	1.0	0.9999991182136447	0.17452811155310166	0.0	0.1586534141362349	0.15040776201039988	0.0	0.0	0.9999990539823467	1.0	0.9999990356305473	1.0	0.9999990172787477	1.0	0.9999989989269483	1.0	0.9999989805751489	1.0	0.9999989622233494	1.0
0.0	0.9999987429100156	0.9999987520446407	1.0	0.9999987703138913	0.17452786767832723	0.0	0.1586531209702072	0.15038237560532275	0.0	0.0	0.9999988342562675	1.0	0.999998852525518	1.0	0.9999988707947685	1.0	0.9999988890640187	1.0	0.9999989073332691	1.0	0.9999989256025194	1.0
0.0	0.9999993449848339	0.9999993267524386	1.0	0.9999992902876479	0.1745278615633616	0.0	0.1586535592643279	0.1503479035372187	0.0	0.0	0.9999991626608801	1.0	0.9999991261960893	1.0	0.9999990897312984	1.0	0.9999990532665076	1.0	0.9999990168017169	1.0	0.9999989803369261	1.0
0.0	0.9999985424883365	0.9999985607330709	1.0	0.9999985972225396	0.1745277426841078	0.0	0.15865297537793466	0.1503019924066931	0.0	0.0	0.99999872493568	1.0	0.9999987614251487	1.0	0.9999987979146174	1.0	0.9999988344040861	1.0	0.9999988708935548	1.0	0.9999989073830234	1.0
0.0	0.9999991451063136	0.9999991359593493	1.0	0.999999117665421	0.17452786156789124	0.0	0.1586534136716601	0.15024057345789943	0.0	0.0	0.9999990536366721	1.0	0.9999990353427438	1.0	0.9999990170488156	1.0	0.9999989987548872	1.0	0.9999989804609588	1.0	0.9999989621670307	1.0
0.0	0.9999987420040397	0.9999987511799395	1.0	0.9999987695317388	0.1745278646187259	0.0	0.15865312050478086	0.1501592973601403	0.0	0.0	0.999998833763037	1.0	0.9999988521148364	1.0	0.9999988704666358	1.0	0.9999988888184355	1.0	0.9999989071702349	1.0	0.9999989255220343	1.0
0.0	0.9999991438408559	0.9999991347514913	1.0	0.9999991165727622	0.17452774268644952	0.0	0.15865341274744987	0.15005096393636683	0.0	0.0	0.9999990529472099	1.0	0.9999990347684808	1.0	0.9999990165897517	1.0	0.9999989984110224	1.0	0.9999989802322932	1.0	0.999998962053564	1.0
0.0	0.9999989430623375	0.999998943099328	1.0	0.9999989431733091	0.17452798656229876	0.0	0.15865319541209758	0.14990902245407092	0.0	0.0	0.9999989434322426	1.0	0.9999989435062235	1.0	0.9999989435802046	1.0	0.9999989436541856	1.0	0.9999989437281666	1.0	0.9999989438021476	1.0
0.0	0.9999989361667341	0.9999989365172389	1.0	0.9999989372182486	0.1745277819092096	0.0	0.15865315571510472	0.14972168995456506	0.0	0.0	0.9999989396717828	1.0	0.9999989403727926	1.0	0.9999989410738023	1.0	0.9999989417748121	1.0	0.9999989424758218	1.0	0.9999989431768316	1.0
0.0	0.9999985492179779	0.9999985671571644	1.0	0.9999986030355373	0.17452795040460078	0.0	0.1586532291313259	0.1494779714872784	0.0	0.0	0.9999987286098426	1.0	0.9999987644882156	1.0	0.9999988003665886	1.0	0.9999988362449616	1.0	0.9999988721233345	1.0	0.9999989080017074	1.0
0.0	0.999999347070001	0.9999993287433192	1.0	0.9999992920899554	0.1745279865691703	0.0	0.15865341707024527	0.1491598542233059	0.0	0.0	0.9999991638031824	1.0	0.9999991271498188	1.0	0.9999990904964551	1.0	0.9999990538430913	1.0	0.9999990171897276	1.0	0.9999989805363639	1.0
0.0	0.9999987439207344	0.999998753010099	1.0	0.9999987711888282	0.17452761770298833	0.0	0.15865319376016546	0.1487492159096769	0.0	0.0	0.9999988348143803	1.0	0.9999988529931095	1.0	0.9999988711718387	1.0	0.9999988893505679	1.0	0.9999989075292971	1.0	0.9999989257080263	1.0
0.0	0.9999991457614199	0.9999991365855202	1.0	0.9999991182337207	0.17452786464051825	0.0	0.15865341408396594	0.14821906970372084	0.0	0.0	0.9999990540024226	1.0	0.9999990356506232	1.0	0.9999990172988237	1.0	0.9999989989470243	1.0	0.9999989805952249	1.0	0.9999989622434253	1.0
0.0	0.9999987429360914	0.9999987520707165	1.0	0.999998770339967	0.17452798658401564	0.0	0.15865312089261718	0.14753986296825433	0.0	0.0	0.9999988342823433	1.0	0.9999988525515936	1.0	0.9999988708208442	1.0	0.9999988890900945	1.0	0.9999989073593448	1.0	0.9999989256285952	1.0
0.0	0.9999993457594829	0.9999993274934081	1.0	0.9999992909612586	0.17452753438049481	0.0	0.15865355985860694	0.14667307076856853	0.0	0.0	0.999999163098735	1.0	0.9999991265665855	1.0	0.999999090034436	1.0	0.9999990535022865	1.0	0.9999990169701369	1.0	0.9999989804379873	1.0
0.0	0.9999989441873739	0.999998944175035	1.0	0.9999989441503571	0.17452819494004151	0.0	0.1586532671515626	0.1455708398216224	0.0	0.0	0.9999989440639844	1.0	0.9999989440393066	1.0	0.9999989440146286	1.0	0.9999989439899507	1.0	0.9999989439652728	1.0	0.9999989439405949	1.0
0.0	0.9999985415322205	0.9999985598229731	1.0	0.9999985964044784	0.17452786773433568	0.0	0.15865297441933204	0.14416482861674124	0.0	0.0	0.9999987244397471	1.0	0.9999987610212526	1.0	0.999998797602758	1.0	0.9999988341842634	1.0	0.9999988707657687	1.0	0.999998907347274	1.0
0.0	0.9999991451786133	0.999999136031649	1.0	0.9999991177377207	0.1745278616366331	0.0	0.15865341330655316	0.14235782216561446	0.0	0.0	0.9999990537089718	1.0	0.9999990354150434	1.0	0.999999017121115	1.0	0.9999989988271868	1.0	0.9999989805332585	1.0	0.9999989622393304	1.0
0.0	0.9999987420970469	0.9999987512729467	1.0	0.9999987696247462	0.1745277427784554	0.0	0.15865311997272488	0.1400188456812821	0.0	0.0	0.9999988338560442	1.0	0.9999988522078437	1.0	0.9999988705596432	1.0	0.9999988889114426	1.0	0.9999989072632421	1.0	0.9999989256150416	1.0
0.0	0.9999991439607349	0.9999991348713704	1.0	0.9999991166926412	0.1745278676465291	0.0	0.1586535220534174	0.1369805755536705	0.0	0.0	0.9999990530670889	1.0	0.9999990348883598	1.0	0.9999990167096307	1.0	0.9999989985309014	1.0	0.9999989803521722	1.0	0.999998962173443	1.0
0.0	0.9999989438264472	0.9999989438357368	1.0	0.9999989438543163	0.1745281088094495	0.0	0.15865297262039546	0.13304299229709018	0.0	0.0	0.9999989439193444	1.0	0.9999989439379239	1.0	0.9999989439565033	1.0	0.9999989439750828	1.0	0.9999989439936622	1.0	0.9999989440122417	1.0
0.0	0.9999987424467969	0.9999987516118191	1.0	0.9999987699418635	0.1745278619232542	0.0	0.15865344920144506	0.12797744937238914	0.0	0.0	0.9999988340970188	1.0	0.9999988524270633	1.0	0.9999988707571077	1.0	0.9999988890871521	1.0	0.9999989074171964	1.0	0.9999989257472409	1.0
0.0	0.9999987425059008	0.999998751670923	1.0	0.9999987700009674	0.17452762085554505	0.0	0.15865297152916832	0.12153341123778892	0.0	0.0	0.9999988341561228	1.0	0.9999988524861672	1.0	0.9999988708162116	1.0	0.999998889146256	1.0	0.9999989074763004	1.0	0.9999989258063448	1.0
0.0	0.999999347471542	0.9999993291414976	1.0	0.9999992924814088	0.1745279868967351	0.0	0.15865355732895267	0.11344642410106105	0.0	0.0	0.999999164171098	1.0	0.9999991275110093	1.0	0.9999990908509204	1.0	0.9999990541908317	1.0	0.9999990175307428	1.0	0.9999989808706541	1.0
0.0	0.9999985416507217	0.9999985599530653	1.0	0.9999985965577525	0.17452774311389563	0.0	0.15865296907822177	0.10344698348237026	0.0	0.0	0.9999987246741578	1.0	0.9999987612788451	1.0	0.9999987978835323	1.0	0.9999988344882196	1.0	0.9999988710929067	1.0	0.999998907697594	1.0
0.0	0.999998944413976	0.999998944413976	1.0	0.999998944413976	0.17452786516286797	0.0	0.15865344399520687	0.09126980362670872	0.0	0.0	0.999998944413976	1.0	0.999998944413976	1.0	0.999998944413976	1.0	0.999998944413976	1.0	0.999998944413976	1.0	0.999998944413976	1.0
0.0	0.9999993465900957	0.9999993283154528	1.0	0.9999992917661671	0.1745279872341227	0.0	0.15865307409156498	0.07666301640211866	0.0	0.0	0.9999991638436673	1.0	0.9999991272943816	1.0	0.9999990907450959	1.0	0.9999990541958101	1.0	0.9999990176465244	1.0	0.9999989810972388	1.0
0.0	0.9999987436852505	0.9999987528225719	1.0	0.9999987710972148	0.17452774642085903	0.0	0.15865354705080295	0.0593969176785036	0.0	0.0	0.9999988350584648	1.0	0.9999988533331076	1.0	0.9999988716077505	1.0	0.9999988898823933	1.0	0.9999989081570361	1.0	0.999998926431679	1.0
0.0	0.9999989448909149	0.9999989448909149	1.0	0.9999989448909149	0.1745281513408279	0.0	0.1586530641381658	0.03927198582778986	0.0	0.0	0.9999989448909149	1.0	0.9999989448909149	1.0	0.9999989448909149	1.0	0.9999989448909149	1.0	0.9999989448909149	1.0	0.9999989448909149	1.0
0.0	0.9999989451032171	0.9999989451032171	1.0	0.9999989451032171	0.1745278658521089	0.0	0.15865331280200612	0.016125994978777806	0.0	0.0	0.9999989451032171	1.0	0.9999989451032171	1.0	0.9999989451032171	1.0	0.9999989451032171	1.0	0.9999989451032171	1.0	0.9999989451032171	1.0
0.0	0.9999989452514427	0.9999989452514427	1.0	0.9999989452514427	0.17452758029931345	0.0	0.15865308183970364	0.0	0.0	0.0	0.9999989452514427	1.0	0.9999989452514427	1.0	0.9999989452514427	1.0	0.9999989452514427	1.0	0.9999989452514427	1.0	0.9999989452514427	1.0
0.0	0.999998945251444	0.999998945251444	1.0	0.999998945251444	0.17452810712714892	0.0	0.1586532832475705	0.0	0.0	0.0	0.999998945251444	1.0	0.999998945251444	1.0	0.999998945251444	1.0	0.999998945251444	1.0	0.999998945251444	1.0	0.999998945251444	1.0
0.0	0.9999989452514451	0.9999989452514451	1.0	0.9999989452514451	0.17452766119035418	0.0	0.15865326085463619	0.0	0.0	0.0	0.9999989452514451	1.0	0.9999989452514451	1.0	0.9999989452514451	1.0	0.9999989452514451	1.0	0.9999989452514451	1.0	0.9999989452514451	1.0
0.0	0.9999989452514436	0.9999989452514436	1.0	0.9999989452514436	0.17452803449348764	0.0	0.15865308120011437	0.0	0.0	0.0	0.9999989452514436	1.0	0.9999989452514436	1.0	0.9999989452514436	1.0	0.9999989452514436	1.0	0.9999989452514436	1.0	0.9999989452514436	1.0
0.0	0.9999989452514454	0.9999989452514454	1.0	0.9999989452514454	0.17452761661614652	0.0	0.15865318228995356	0.0	0.0	0.0	0.9999989452514454	1.0	0.9999989452514454	1.0	0.9999989452514454	1.0	0.9999989452514454	1.0	0.9999989452514454	1.0	0.9999989452514454	1.0
0.0	0.999999146272516	0.9999991371351945	1.0	0.9999991188605517	0.1745280296088992	0.0	0.15865315488630613	0.0	0.0	0.0	0.9999990548993017	1.0	0.9999990366246589	1.0	0.999999018350016	1.0	0.9999990000753732	1.0	0.9999989818007303	1.0	0.9999989635260875	1.0
0.0	0.9999985432092998	0.9999985614839426	1.0	0.9999985980332283	0.17452774406305646	0.0	0.15865277474164288	0.0	0.0	0.0	0.9999987259557283	1.0	0.999998762505014	1.0	0.9999987990542996	1.0	0.9999988356035853	1.0	0.999998872152871	1.0	0.9999989087021567	1.0
0.0	0.9999989452514452	0.9999989452514452	1.0	0.9999989452514452	0.17452786600033687	0.0	0.15865272833831373	0.0	0.0	0.0	0.9999989452514452	1.0	0.9999989452514452	1.0	0.9999989452514452	1.0	0.9999989452514452	1.0	0.9999989452514452	1.0	0.9999989452514452	1.0
0.0	0.9999993472935885	0.9999993290189457	1.0	0.99999929246966	0.17452798793761526	0.0	0.1586528579521562	0.0	0.0	0.0	0.9999991645471601	1.0	0.9999991279978744	1.0	0.9999990914485887	1.0	0.9999990548993031	1.0	0.9999990183500174	1.0	0.9999989818007317	1.0
0.0	0.9999987442303694	0.9999987533676907	1.0	0.9999987716423336	0.17452770239176946	0.0	0.15865238321571887	0.0	0.0	0.0	0.9999988356035836	1.0	0.9999988538782264	1.0	0.9999988721528692	1.0	0.9999988904275121	1.0	0.9999989087021549	1.0	0.9999989269767978	1.0
0.0	0.9999989452514452	0.9999989452514452	1.0	0.9999989452514452	0.1745280311379515	0.0	0.1586523494722739	0.0	0.0	0.0	0.9999989452514452	1.0	0.9999989452514452	1.0	0.9999989452514452	1.0	0.9999989452514452	1.0	0.9999989452514452	1.0	0.9999989452514452	1.0
0.0	0.9999989452514442	0.9999989452514442	1.0	0.9999989452514442	0.17452786600033582	0.0	0.1586517665299082	0.0	0.0	0.0	0.9999989452514442	1.0	0.9999989452514442	1.0	0.9999989452514442	1.0	0.9999989452514442	1.0	0.9999989452514442	1.0	0.9999989452514442	1.0
0.0	0.9999989452514442	0.9999989452514442	1.0	0.9999989452514442	0.1745280311379505	0.0	0.15865100486362355	0.0	0.0	0.0	0.9999989452514442	1.0	0.9999989452514442	1.0	0.9999989452514442	1.0	0.9999989452514442	1.0	0.9999989452514442	1.0	0.9999989452514442	1.0
0.0	0.9999987442303724	0.9999987533676938	1.0	0.9999987716423366	0.17452770239177262	0.0	0.15865081700410066	0.0	0.0	0.0	0.9999988356035866	1.0	0.9999988538782294	1.0	0.9999988721528723	1.0	0.9999988904275151	1.0	0.9999989087021579	1.0	0.9999989269768008	1.0
0.0	0.9999993479030036	0.99999932960066	1.0	0.9999992929959727	0.17452798793761337	0.0	0.15864961221570975	0.0	0.0	0.0	0.9999991648795674	1.0	0.9999991282748801	1.0	0.999999091670193	1.0	0.9999990550655057	1.0	0.9999990184608184	1.0	0.9999989818561312	1.0
0.0	0.9999985425998837	0.9999985609022274	1.0	0.9999985975069146	0.1745277440630574	0.0	0.15864900344873512	0.0	0.0	0.0	0.9999987256233199	1.0	0.9999987622280072	1.0	0.9999987988326944	1.0	0.9999988354373817	1.0	0.9999988720420688	1.0	0.9999989086467561	1.0
0.0	0.999999146272516	0.9999991371351945	1.0	0.9999991188605517	0.17452802960889915	0.0	0.15864710960082748	0.0	0.0	0.0	0.9999990548993017	1.0	0.9999990366246589	1.0	0.999999018350016	1.0	0.9999990000753732	1.0	0.9999989818007303	1.0	0.9999989635260875	1.0
0.0	0.9999987442303724	0.9999987533676938	1.0	0.9999987716423366	0.17452770239177273	0.0	0.15864532612624868	0.0	0.0	0.0	0.9999988356035866	1.0	0.9999988538782294	1.0	0.9999988721528723	1.0	0.9999988904275151	1.0	0.9999989087021579	1.0	0.9999989269768008	1.0
0.0	0.9999993480222369	0.9999993297144737	1.0	0.9999992930989473	0.1745279879376155	0.0	0.1586431819643847	0.0	0.0	0.0	0.9999991649446047	1.0	0.9999991283290782	1.0	0.9999990917135517	1.0	0.9999990550980253	1.0	0.9999990184824988	1.0	0.9999989818669724	1.0
0.0	0.9999985417520043	0.999998560092888	1.0	0.9999985967746552	0.17452761906767603	0.0	0.15863974846454962	0.0	0.0	0.0	0.9999987251608404	1.0	0.9999987618426076	1.0	0.9999987985243749	1.0	0.9999988352061421	1.0	0.9999988718879093	1.0	0.9999989085696765	1.0
0.0	0.9999993480222369	0.9999993297144737	1.0	0.9999992930989473	0.1745279879376155	0.0	0.158635902002387	0.0	0.0	0.0	0.9999991649446047	1.0	0.9999991283290782	1.0	0.9999990917135517	1.0	0.9999990550980253	1.0	0.9999990184824988	1.0	0.9999989818669724	1.0
0.0	0.9999987442303705	0.999998753367692	1.0	0.9999987716423347	0.17452770239177084	0.0	0.15863028877038216	0.0	0.0	0.0	0.9999988356035847	1.0	0.9999988538782275	1.0	0.9999988721528704	1.0	0.9999988904275132	1.0	0.9999989087021561	1.0	0.9999989269767989	1.0
0.0	0.9999991470863074	0.9999991379119955	1.0	0.9999991195633716	0.1745280311379515	0.0	0.15862411518285247	0.0	0.0	0.0	0.9999990553431881	1.0	0.9999990369945643	1.0	0.9999990186459404	1.0	0.9999990002973166	1.0	0.9999989819486927	1.0	0.9999989636000689	1.0
0.0	0.9999987452854129	0.9999987543747775	1.0	0.9999987725535067	0.17452770086271108	0.0	0.15861564235159178	0.0	0.0	0.0	0.9999988361790588	1.0	0.999998854357788	1.0	0.9999988725365172	1.0	0.9999988907152465	1.0	0.9999989088939756	1.0	0.9999989270727048	1.0
0.0	0.9999991471212368	0.9999991379453371	1.0	0.9999991195935376	0.17452802961286704	0.0	0.15860603317994187	0.0	0.0	0.0	0.9999990553622395	1.0	0.9999990370104401	1.0	0.9999990186586405	1.0	0.9999990003068411	1.0	0.9999989819550417	1.0	0.9999989636032423	1.0
0.0	0.9999987442896738	0.999998753424299	1.0	0.9999987716935494	0.1745278690540119	0.0	0.15859385893146277	0.0	0.0	0.0	0.9999988356359257	1.0	0.9999988539051762	1.0	0.9999988721744265	1.0	0.9999988904436768	1.0	0.9999989087129274	1.0	0.9999989269821776	1.0
0.0	0.9999993471051224	0.9999993288390476	1.0	0.9999992923068981	0.17452786294370073	0.0	0.15858024492365827	0.0	0.0	0.0	0.9999991644443745	1.0	0.999999127912225	1.0	0.9999990913800755	1.0	0.999999054847926	1.0	0.9999990183157764	1.0	0.9999989817836269	1.0
0.0	0.9999989455228979	0.999998945510559	1.0	0.9999989454858811	0.17452786905744244	0.0	0.15856355536945432	0.0	0.0	0.0	0.9999989453995084	1.0	0.9999989453748306	1.0	0.9999989453501527	1.0	0.9999989453254747	1.0	0.9999989453007968	1.0	0.9999989452761189	1.0
0.0	0.9999985428548559	0.9999985611456086	1.0	0.9999985977271139	0.17452798793758542	0.0	0.15854437536429522	0.0	0.0	0.0	0.9999987257623826	1.0	0.9999987623438881	1.0	0.9999987989253935	1.0	0.9999988355068988	1.0	0.9999988720884041	1.0	0.9999989086699095	1.0
0.0	0.9999991464846698	0.9999991373377055	1.0	0.9999991190437773	0.17452761906769096	0.0	0.15852331991382687	0.0	0.0	0.0	0.9999990550150283	1.0	0.9999990367211	1.0	0.9999990184271716	1.0	0.9999990001332434	1.0	0.9999989818393151	1.0	0.999998963545387	1.0
0.0	0.9999987433816514	0.9999987525575512	1.0	0.9999987709093506	0.17452811293299683	0.0	0.15849884231973532	0.0	0.0	0.0	0.9999988351406487	1.0	0.9999988534924482	1.0	0.9999988718442476	1.0	0.999998890196047	1.0	0.9999989085478466	1.0	0.999998926899646	1.0
0.0	0.9999991452174782	0.9999991361281136	1.0	0.9999991179493845	0.17452761906768943	0.0	0.15847208257254936	0.0	0.0	0.0	0.9999990543238323	1.0	0.9999990361451031	1.0	0.9999990179663739	1.0	0.9999989997876446	1.0	0.9999989816089154	1.0	0.9999989634301863	1.0
0.0	0.9999989447687212	0.9999989447906632	1.0	0.9999989448345472	0.17452798793761465	0.0	0.15844239008211336	0.0	0.0	0.0	0.9999989449881411	1.0	0.9999989450320251	1.0	0.9999989450759091	1.0	0.9999989451197931	1.0	0.9999989451636772	1.0	0.9999989452075612	1.0
0.0	0.999998542347144	0.9999985606609756	1.0	0.9999985972886388	0.1745278690584349	0.0	0.1584100000584271	0.0	0.0	0.0	0.99999872548546	1.0	0.9999987621131231	1.0	0.9999987987407863	1.0	0.9999988353684495	1.0	0.9999988719961127	1.0	0.9999989086237759	1.0
0.0	0.9999993480722881	0.9999993297622498	1.0	0.9999992931421734	0.17452798793761648	0.0	0.15837507679070986	0.0	0.0	0.0	0.9999991649719057	1.0	0.9999991283518292	1.0	0.9999990917317527	1.0	0.9999990551116763	1.0	0.9999990184915998	1.0	0.9999989818715234	1.0
0.0	0.9999988939517314	0.9999988962835363	1.0	0.9999989009471464	0.1745275641164089	0.0	0.15833752441646445	0.0	0.0	0.0	0.9999989172697813	1.0	0.9999989219333912	1.0	0.9999989265970012	1.0	0.9999989312606111	1.0	0.9999989359242212	1.0	0.9999989405878311	1.0
0.0	0.9999989452514465	0.9999989452514465	1.0	0.9999989452514465	0.17452787373266143	0.0	0.1582977117301241	0.0	0.0	0.0	0.9999989452514465	1.0	0.9999989452514465	1.0	0.9999989452514465	1.0	0.9999989452514465	1.0	0.9999989452514465	1.0	0.9999989452514465	1.0
0.0	0.9999987952824667	0.9999988020992383	1.0	0.9999988157327815	0.17452787044071605	0.0	0.15825569395798633	0.0	0.0	0.0	0.9999988634501825	1.0	0.9999988770837257	1.0	0.9999988907172689	1.0	0.9999989043508121	1.0	0.9999989179843553	1.0	0.9999989316178984	1.0
0.0	0.9999991385614109	0.9999991297745943	1.0	0.9999991122009612	0.17452786728965464	0.0	0.15821184631537552	0.0	0.0	0.0	0.9999990506932454	1.0	0.9999990331196122	1.0	0.9999990155459793	1.0	0.9999989979723461	1.0	0.999998980398713	1.0	0.9999989628250799	1.0
0.0	0.9999985523431602	0.9999985702026275	1.0	0.9999986059215622	0.17452786702884263	0.0	0.15816635044181346	0.0	0.0	0.0	0.9999987309378338	1.0	0.9999987666567686	1.0	0.9999988023757033	1.0	0.999998838094638	1.0	0.9999988738135727	1.0	0.9999989095325074	1.0
0.0	0.9999993381597282	0.9999993203002608	1.0	0.999999284581326	0.17452786620661248	0.0	0.15811970128983913	0.0	0.0	0.0	0.9999991595650546	1.0	0.9999991238461198	1.0	0.9999990881271851	1.0	0.9999990524082504	1.0	0.9999990166893157	1.0	0.9999989809703809	1.0
0.0	0.9999989452514442	0.9999989452514442	1.0	0.9999989452514442	0.17452786609852272	0.0	0.15807203553572044	0.0	0.0	0.0	0.9999989452514442	1.0	0.9999989452514442	1.0	0.9999989452514442	1.0	0.9999989452514442	1.0	0.9999989452514442	1.0	0.9999989452514442	1.0
0.0	0.9999985523431602	0.9999985702026275	1.0	0.9999986059215623	0.174527866026829	0.0	0.1580238576362298	0.0	0.0	0.0	0.9999987309378338	1.0	0.9999987666567686	1.0	0.9999988023757033	1.0	0.999998838094638	1.0	0.9999988738135727	1.0	0.9999989095325075	1.0
0.0	0.9999993381597282	0.9999993203002608	1.0	0.999999284581326	0.17452786601086534	0.0	0.15797569918736182	0.0	0.0	0.0	0.9999991595650546	1.0	0.9999991238461198	1.0	0.9999990881271851	1.0	0.9999990524082504	1.0	0.9999990166893157	1.0	0.9999989809703809	1.0
0.0	0.9999989452514442	0.9999989452514442	1.0	0.9999989452514442	0.17452786600401166	0.0	0.1579277791482903	0.0	0.0	0.0	0.9999989452514442	1.0	0.9999989452514442	1.0	0.9999989452514442	1.0	0.9999989452514442	1.0	0.9999989452514442	1.0	0.9999989452514442	1.0
0.0	0.9999985523431602	0.9999985702026275	1.0	0.9999986059215623	0.17452786600166592	0.0	0.15788067023603802	0.0	0.0	0.0	0.9999987309378338	1.0	0.9999987666567686	1.0	0.9999988023757033	1.0	0.999998838094638	1.0	0.9999988738135727	1.0	0.9999989095325075	1.0
0.0	0.9999993381597282	0.9999993203002608	1.0	0.999999284581326	0.17452819627612404	0.0	0.15783495905523143	0.0	0.0	0.0	0.9999991595650546	1.0	0.9999991238461198	1.0	0.9999990881271851	1.0	0.9999990524082504	1.0	0.9999990166893157	1.0	0.9999989809703809	1.0
0.0	0.9999989452514442	0.9999989452514442	1.0	0.9999989452514442	0.17452786601248568	0.0	0.1577909060997768	0.0	0.0	0.0	0.9999989452514442	1.0	0.9999989452514442	1.0	0.9999989452514442	1.0	0.9999989452514442	1.0	0.9999989452514442	1.0	0.9999989452514442	1.0
0.0	0.9999985523431572	0.9999985702026245	1.0	0.9999986059215592	0.1745278690468161	0.0	0.1577491124756163	0.0	0.0	0.0	0.9999987309378308	1.0	0.9999987666567655	1.0	0.9999988023757002	1.0	0.999998838094635	1.0	0.9999988738135697	1.0	0.9999989095325044	1.0
0.0	0.9999993381597282	0.9999993203002608	1.0	0.999999284581326	0.17452819627601113	0.0	0.15771018107615195	0.0	0.0	0.0	0.9999991595650546	1.0	0.9999991238461198	1.0	0.9999990881271851	1.0	0.9999990524082504	1.0	0.9999990166893157	1.0	0.9999989809703809	1.0
0.0	0.9999989452514442	0.9999989452514442	1.0	0.9999989452514442	0.17452786600102735	0.0	0.15767437845952803	0.0	0.0	0.0	0.9999989452514442	1.0	0.9999989452514442	1.0	0.9999989452514442	1.0	0.9999989452514442	1.0	0.9999989452514442	1.0	0.9999989452514442	1.0
0.0	0.9999985523431602	0.9999985702026275	1.0	0.9999986059215623	0.1745278660014435	0.0	0.1576423045252809	0.0	0.0	0.0	0.9999987309378338	1.0	0.9999987666567686	1.0	0.9999988023757033	1.0	0.999998838094638	1.0	0.9999988738135727	1.0	0.9999989095325075	1.0
0.0	0.9999993444480821	0.9999993263027804	1.0	0.9999992900121772	0.1745278660021685	0.0	0.15761455720443124	0.0	0.0	0.0	0.9999991629950657	1.0	0.9999991267044626	1.0	0.9999990904138593	1.0	0.999999054123256	1.0	0.9999990178326528	1.0	0.9999989815420495	1.0
0.0	0.9999985460548062	0.9999985642001078	1.0	0.9999986004907111	0.17452786600336218	0.0	0.15759136433359777	0.0	0.0	0.0	0.9999987275078226	1.0	0.9999987637984258	1.0	0.9999988000890291	1.0	0.9999988363796324	1.0	0.9999988726702356	1.0	0.9999989089608389	1.0
0.0	0.9999993381597282	0.9999993203002608	1.0	0.999999284581326	0.17452786600534298	0.0	0.15757352210992862	0.0	0.0	0.0	0.9999991595650546	1.0	0.9999991238461198	1.0	0.9999990881271851	1.0	0.9999990524082504	1.0	0.9999990166893157	1.0	0.9999989809703809	1.0
0.0	0.9999989452514442	0.9999989452514442	1.0	0.9999989452514442	0.17452786600859352	0.0	0.1575612876247567	0.0	0.0	0.0	0.9999989452514442	1.0	0.9999989452514442	1.0	0.9999989452514442	1.0	0.9999989452514442	1.0	0.9999989452514442	1.0	0.9999989452514442	1.0
0.0	0.9999985523431602	0.9999985702026275	1.0	0.9999986059215623	0.17452786601393103	0.0	0.15755532493889282	0.0	0.0	0.0	0.9999987309378338	1.0	0.9999987666567686	1.0	0.9999988023757033	1.0	0.999998838094638	1.0	0.9999988738135727	1.0	0.9999989095325075	1.0
0.0	0.9999993381597282	0.9999993203002608	1.0	0.999999284581326	0.17452786602268208	0.0	0.15755540001790025	0.0	0.0	0.0	0.9999991595650546	1.0	0.9999991238461198	1.0	0.9999990881271851	1.0	0.9999990524082504	1.0	0.9999990166893157	1.0	0.9999989809703809	1.0
0.0	0.9999987519414788	0.9999987607282953	1.0	0.9999987783019284	0.17452786603697684	0.0	0.15755521792249905	0.0	0.0	0.0	0.9999988398096442	1.0	0.9999988573832773	1.0	0.9999988749569104	1.0	0.9999988925305435	1.0	0.9999989101041766	1.0	0.9999989276778097	1.0
0.0	0.999998945251443	0.999998945251443	1.0	0.999998945251443	0.17452786606029833	0.0	0.15755549577193295	0.0	0.0	0.0	0.999998945251443	1.0	0.999998945251443	1.0	0.999998945251443	1.0	0.999998945251443	1.0	0.999998945251443	1.0	0.999998945251443	1.0
0.0	0.9999987434833844	0.9999987526546598	1.0	0.9999987709972107	0.1745278660982538	0.0	0.15755538126773447	0.0	0.0	0.0	0.9999988351961387	1.0	0.9999988535386896	1.0	0.9999988718812405	1.0	0.9999988902237914	1.0	0.9999989085663422	1.0	0.9999989269088931	1.0
0.0	0.9999993488156822	0.9999993304718531	1.0	0.9999992937841948	0.17452786615988042	0.0	0.15755549938262423	0.0	0.0	0.0	0.9999991653773911	1.0	0.9999991286897328	1.0	0.9999990920020746	1.0	0.9999990553144164	1.0	0.9999990186267582	1.0	0.9999989819391	1.0
0.0	0.9999985422936613	0.9999985606099241	1.0	0.9999985972424498	0.17452786625972136	0.0	0.15755523318162187	0.0	0.0	0.0	0.9999987254562898	1.0	0.9999987620888154	1.0	0.9999987987213411	1.0	0.9999988353538668	1.0	0.9999988719863925	1.0	0.9999989086189183	1.0
0.0	0.9999989445781854	0.9999989446087881	1.0	0.9999989446699936	0.1745278664210792	0.0	0.15755551344650234	0.0	0.0	0.0	0.9999989448842129	1.0	0.9999989449454184	1.0	0.9999989450066239	1.0	0.9999989450678294	1.0	0.9999989451290349	1.0	0.9999989451902404	1.0
0.0	0.9999991975635986	0.9999991860948645	1.0	0.9999991631573965	0.17452786668122988	0.0	0.15755522398462626	0.0	0.0	0.0	0.9999990828762584	1.0	0.9999990599387903	1.0	0.9999990370013223	1.0	0.9999990140638543	1.0	0.9999989911263862	1.0	0.9999989681889183	1.0
0.0	0.9999988939178689	0.9999988962512134	1.0	0.9999989009179023	0.17452786709960977	0.0	0.15755551784932315	0.0	0.0	0.0	0.9999989172513137	1.0	0.9999989219180027	1.0	0.9999989265846916	1.0	0.9999989312513805	1.0	0.9999989359180695	1.0	0.9999989405847585	1.0
0.0	0.9999989477480489	0.9999989476345661	1.0	0.9999989474076005	0.17452786777075344	0.0	0.15755518872848154	0.0	0.0	0.0	0.999998946613221	1.0	0.9999989463862554	1.0	0.9999989461592899	1.0	0.9999989459323243	1.0	0.9999989457053586	1.0	0.9999989454783931	1.0
0.0	0.9999989419485603	0.9999989420986923	1.0	0.9999989423989561	0.17452786884467014	0.0	0.1575555593150627	0.0	0.0	0.0	0.9999989434498802	1.0	0.9999989437501442	1.0	0.9999989440504081	1.0	0.999998944350672	1.0	0.9999989446509361	1.0	0.9999989449512	1.0
0.0	0.9999989471171322	0.9999989470323274	1.0	0.999998946862718	0.17452787055831107	0.0	0.15755519351574046	0.0	0.0	0.0	0.9999989462690848	1.0	0.9999989460994753	1.0	0.9999989459298657	1.0	0.9999989457602564	1.0	0.9999989455906468	1.0	0.9999989454210374	1.0
0.0	0.9999988945710351	0.9999988968746903	1.0	0.9999989014820008	0.17452787328555291	0.0	0.157555404539721	0.0	0.0	0.0	0.9999989176075874	1.0	0.999998922214898	1.0	0.9999989268222084	1.0	0.9999989314295189	1.0	0.9999989360368293	1.0	0.9999989406441399	1.0
0.0	0.999999046206031	0.9999990416171868	1.0	0.9999990324394985	0.17452787761368987	0.0	0.15755510015210647	0.0	0.0	0.0	0.9999990003175893	1.0	0.999998991139901	1.0	0.9999989819622125	1.0	0.9999989727845242	1.0	0.9999989636068358	1.0	0.9999989544291475	1.0
0.0	0.9999985415817211	0.9999985599303449	1.0	0.9999985966275926	0.17452788446286333	0.0	0.1575553976777664	0.0	0.0	0.0	0.9999987250679596	1.0	0.9999987617652073	1.0	0.999998798462455	1.0	0.9999988351597028	1.0	0.9999988718569505	1.0	0.9999989085541982	1.0
0.0	0.9999993051788778	0.99999928881854	1.0	0.9999992560978647	0.17452789526987403	0.0	0.15755540156052697	0.0	0.0	0.0	0.9999991415755005	1.0	0.999999108854825	1.0	0.9999990761341496	1.0	0.999999043413474	1.0	0.9999990106927986	1.0	0.9999989779721231	1.0
0.0	0.999998939874563	0.9999989401189667	1.0	0.9999989406077742	0.17452791227058573	0.0	0.15755541075297932	0.0	0.0	0.0	0.9999989423186004	1.0	0.999998942807408	1.0	0.9999989432962154	1.0	0.999998943785023	1.0	0.9999989442738304	1.0	0.999998944762638	1.0
0.0	0.999998943690206	0.9999989437611714	1.0	0.9999989439031022	0.17452793893242832	0.0	0.15755542218050125	0.0	0.0	0.0	0.9999989443998598	1.0	0.9999989445417905	1.0	0.9999989446837213	1.0	0.999998944825652	1.0	0.9999989449675828	1.0	0.9999989451095135	1.0
0.0	0.9999989442652252	0.9999989443100532	1.0	0.9999989443997094	0.17452798061355865	0.0	0.15755543702929567	0.0	0.0	0.0	0.9999989447135059	1.0	0.999998944803162	1.0	0.9999989448928182	1.0	0.9999989449824743	1.0	0.9999989450721305	1.0	0.9999989451617867	1.0
0.0	0.9999989448572695	0.9999989448751864	1.0	0.99999894491102	0.17452804556348137	0.0	0.15755545572557925	0.0	0.0	0.0	0.999998945036438	1.0	0.9999989450722718	1.0	0.9999989451081055	1.0	0.9999989451439393	1.0	0.999998945179773	1.0	0.9999989452156067	1.0
0.0	0.99999894508824	0.9999989450956581	1.0	0.9999989451104941	0.1745281464352558	0.0	0.15755547930532757	0.0	0.0	0.0	0.9999989451624204	1.0	0.9999989451772564	1.0	0.9999989451920924	1.0	0.9999989452069286	1.0	0.9999989452217646	1.0	0.9999989452366006	1.0
0.0	0.9999989451809295	0.9999989451841341	1.0	0.9999989451905433	0.17452830256047644	0.0	0.1575558026512725	0.0	0.0	0.0	0.9999989452129756	1.0	0.9999989452193848	1.0	0.999998945225794	1.0	0.9999989452322032	1.0	0.9999989452386124	1.0	0.9999989452450216	1.0
0.0	0.9999985415937985	0.9999985599418723	1.0	0.9999985966380196	0.17452854335562126	0.0	0.1575555494227774	0.0	0.0	0.0	0.9999987250745354	1.0	0.9999987617706826	1.0	0.9999987984668299	1.0	0.9999988351629773	1.0	0.9999988718591246	1.0	0.9999989085552721	1.0
0.0	0.9999989452235343	0.9999989452248013	1.0	0.9999989452273353	0.17452891339745744	0.0	0.15755559709837452	0.0	0.0	0.0	0.9999989452362044	1.0	0.9999989452387383	1.0	0.9999989452412724	1.0	0.9999989452438064	1.0	0.9999989452463405	1.0	0.9999989452488746	1.0
0.0	0.9999993488852651	0.9999993305382711	1.0	0.9999992938442829	0.17452947994675183	0.0	0.15755594826130884	0.0	0.0	0.0	0.9999991654153243	1.0	0.9999991287213362	1.0	0.9999990920273479	1.0	0.9999990553333599	1.0	0.9999990186393717	1.0	0.9999989819453835	1.0
0.0	0.9999987433815775	0.9999987525574772	1.0	0.9999987709092766	0.1745303440423504	0.0	0.15755573399195552	0.0	0.0	0.0	0.9999988351405746	1.0	0.9999988534923742	1.0	0.9999988718441736	1.0	0.999998890195973	1.0	0.9999989085477725	1.0	0.9999989268995719	1.0
0.0	0.9999991464845575	0.9999991373375932	1.0	0.999999119043665	0.1745316567696632	0.0	0.15755612220460502	0.0	0.0	0.0	0.9999990550149159	1.0	0.9999990367209877	1.0	0.9999990184270593	1.0	0.9999990001331309	1.0	0.9999989818392028	1.0	0.9999989635452745	1.0
0.0	0.9999989455276868	0.9999989455151217	1.0	0.9999989454899914	0.17453364297952645	0.0	0.15755595258150987	0.0	0.0	0.0	0.9999989454020354	1.0	0.999998945376905	1.0	0.9999989453517747	1.0	0.9999989453266446	1.0	0.9999989453015142	1.0	0.9999989452763839	1.0
0.0	0.9999989329827638	0.999998933540419	1.0	0.9999989346557296	0.17453663566214564	0.0	0.15755611069243838	0.0	0.0	0.0	0.999998938559317	1.0	0.9999989396746276	1.0	0.9999989407899382	1.0	0.9999989419052489	1.0	0.9999989430205596	1.0	0.9999989441358702	1.0
0.0	0.9999991634871239	0.9999991535673038	1.0	0.9999991337276636	0.1745411254482673	0.0	0.15755631274463552	0.0	0.0	0.0	0.9999990642889224	1.0	0.999999044449282	1.0	0.9999990246096417	1.0	0.9999990047700015	1.0	0.9999989849303612	1.0	0.9999989650907208	1.0
0.0	0.9999989416322221	0.9999989417967075	1.0	0.9999989421256785	0.1745478314264055	0.0	0.15755657142408605	0.0	0.0	0.0	0.9999989432770771	1.0	0.999998943606048	1.0	0.9999989439350191	1.0	0.99999894426399	1.0	0.999998944592961	1.0	0.9999989449219321	1.0
0.0	0.9999989482925091	0.9999989481542401	1.0	0.9999989478777017	0.17455780175334537	0.0	0.15755690317931548	0.0	0.0	0.0	0.999998946909818	1.0	0.9999989466332798	1.0	0.9999989463567417	1.0	0.9999989460802033	1.0	0.9999989458036651	1.0	0.999998945527127	1.0
0.0	0.9999985911850425	0.9999986072789138	1.0	0.9999986394666562	0.17457255555221293	0.0	0.15755732931742017	0.0	0.0	0.0	0.9999987521237547	1.0	0.9999987843114971	1.0	0.9999988164992396	1.0	0.9999988486869819	1.0	0.9999988808747244	1.0	0.9999989130624668	1.0
0.0	0.999999094284063	0.9999990875097693	1.0	0.9999990739611818	0.17459428150463635	0.0	0.15755785221571997	0.0	0.0	0.0	0.9999990265411258	1.0	0.9999990129925383	1.0	0.9999989994439508	1.0	0.9999989858953634	1.0	0.9999989723467759	1.0	0.9999989587981886	1.0
0.0	0.9999990980208208	0.9999990910766334	1.0	0.9999990771882586	0.17462611353534183	0.0	0.15755849118984322	0.0	0.0	0.0	0.9999990285789472	1.0	0.9999990146905725	1.0	0.9999990008021977	1.0	0.9999989869138229	1.0	0.9999989730254483	1.0	0.9999989591370736	1.0
0.0	0.9999987962129661	0.9999988029872593	1.0	0.9999988165358455	0.1746725102227858	0.0	0.15755927105891301	0.0	0.0	0.0	0.9999988639558981	1.0	0.9999988775044845	1.0	0.999998891053071	1.0	0.9999989046016575	1.0	0.9999989181502438	1.0	0.9999989316988303	1.0
0.0	0.9999989415078878	0.9999989416777825	1.0	0.9999989420175718	0.17473977218711745	0.0	0.15756022175600262	0.0	0.0	0.0	0.9999989432068345	1.0	0.9999989435466238	1.0	0.9999989438864131	1.0	0.9999989442262025	1.0	0.9999989445659918	1.0	0.9999989449057811	1.0
0.0	0.9999987962084038	0.999998802982697	1.0	0.9999988165312834	0.17483674074350117	0.0	0.15756137927761837	0.0	0.0	0.0	0.999998863951336	1.0	0.9999988774999223	1.0	0.9999988910485087	1.0	0.9999989045970953	1.0	0.9999989181456815	1.0	0.999998931694268	1.0
0.0	0.9999990942734537	0.9999990874991604	1.0	0.999999073950574	0.1749757314522641	0.0	0.15756278679124708	0.0	0.0	0.0	0.9999990265305215	1.0	0.999999012981935	1.0	0.9999989994333488	1.0	0.9999989858847623	1.0	0.9999989723361759	1.0	0.9999989587875894	1.0
0.0	0.9999985415637727	0.9999985599123965	1.0	0.9999985966096443	0.1751737674772036	0.0	0.15756449592305968	0.0	0.0	0.0	0.9999987250500111	1.0	0.9999987617472588	1.0	0.9999987984445065	1.0	0.9999988351417542	1.0	0.9999988718390019	1.0	0.9999989085362496	1.0
0.0	0.9999989452257072	0.9999989452257072	1.0	0.9999989452257072	0.1754541891361641	0.0	0.15756656820989362	0.0	0.0	0.0	0.9999989452257072	1.0	0.9999989452257072	1.0	0.9999989452257072	1.0	0.9999989452257072	1.0	0.9999989452257072	1.0	0.9999989452257072	1.0
0.0	0.9999989452147446	0.9999989452147446	1.0	0.9999989452147446	0.17584872641191265	0.0	0.15756907677520424	0.0	0.0	0.0	0.9999989452147446	1.0	0.9999989452147446	1.0	0.9999989452147446	1.0	0.9999989452147446	1.0	0.9999989452147446	1.0	0.9999989452147447	1.0
0.0	0.9999993488691516	0.9999993305205278	1.0	0.99999929382328	0.17640012851608655	0.0	0.1575721081496614	0.0	0.0	0.0	0.9999991653829131	1.0	0.9999991286856653	1.0	0.9999990919884176	1.0	0.99999905529117	1.0	0.9999990185939223	1.0	0.9999989818966747	1.0
0.0	0.9999987961437118	0.999998802918005	1.0	0.9999988164665914	0.17716544601384057	0.0	0.15757576418673552	0.0	0.0	0.0	0.9999988638866439	1.0	0.9999988774352302	1.0	0.9999988909838167	1.0	0.9999989045324031	1.0	0.9999989180809895	1.0	0.999998931629576	1.0
0.0	0.9999989414112079	0.9999989415811026	1.0	0.9999989419208919	0.17822005267316496	0.0	0.15758016396486133	0.0	0.0	0.0	0.9999989431101546	1.0	0.9999989434499439	1.0	0.9999989437897333	1.0	0.9999989441295226	1.0	0.9999989444693118	1.0	0.9999989448091012	1.0
0.0	0.9999989141459862	0.9999989155533862	1.0	0.9999989183681863	0.17966247119817358	0.0	0.1575854429847604	0.0	0.0	0.0	0.9999989282199869	1.0	0.999998931034787	1.0	0.9999989338495873	1.0	0.9999989366643873	1.0	0.9999989394791875	1.0	0.9999989422939877	1.0
0.0	0.9999993392735308	0.9999993213544804	1.0	0.9999992855163797	0.18162002351729023	0.0	0.1575917552703972	0.0	0.0	0.0	0.9999991600830271	1.0	0.9999991242449264	1.0	0.9999990884068257	1.0	0.999999052568725	1.0	0.9999990167306243	1.0	0.9999989808925235	1.0
0.0	0.9999989385753225	0.9999989388664995	1.0	0.9999989394488534	0.18425525597227954	0.0	0.1575992718334419	0.0	0.0	0.0	0.9999989414870922	1.0	0.9999989420694462	1.0	0.9999989426518001	1.0	0.9999989432341541	1.0	0.999998943816508	1.0	0.9999989443988619	1.0
0.0	0.9999989436271552	0.9999989436842616	1.0	0.999998943798474	0.18777298652458052	0.0	0.15760818016227562	0.0	0.0	0.0	0.9999989441982177	1.0	0.9999989443124302	1.0	0.9999989444266426	1.0	0.9999989445408551	1.0	0.9999989446550676	1.0	0.9999989080720324	1.0
0.0	0.9999985404321341	0.9999985588104091	1.0	0.999998595566959	0.19242768046913813	0.0	0.1576186819067867	0.0	0.0	0.0	0.9999987242148841	1.0	0.9999987609714341	1.0	0.9999987977279842	1.0	0.9999988344845342	1.0	0.9999988712410841	1.0	0.9999989443550926	1.0
0.0	0.999998940649396	0.9999989408282716	1.0	0.9999989411860226	0.19853068216416125	0.0	0.1576309884462628	0.0	0.0	0.0	0.9999989424381516	1.0	0.9999989427959027	1.0	0.9999989431536538	1.0	0.999998943511405	1.0	0.9999989438691561	1.0	0.9999989078694488	1.0
0.0	0.9999989479662053	0.9999989478024885	1.0	0.9999989474750554	0.20645661800963394	0.0	0.1576453837587439	0.0	0.0	0.0	0.9999987241068165	1.0	0.9999987608164204	1.0	0.999998797526024	1.0	0.9999988342356277	1.0	0.9999988709452314	1.0	0.9999989443520829	1.0
0.0	0.9999989403266052	0.9999989404972748	1.0	0.9999989408386136	0.2166480543480718	0.0	0.15766229518589928	0.0	0.0	0.0	0.999998944072036	1.0	0.9999989440735856	1.0	0.9999989440751352	1.0	0.9999989440766849	1.0	0.9999989440782345	1.0	0.9999989440797842	1.0
0.0	0.9999985400386758	0.999998558387873	1.0	0.9999985950862673	0.22961726881495753	0.0	0.15768218988393856	0.0	0.0	0.0	0.9999989437141338	1.0	0.9999989437152803	1.0	0.999998943716427	1.0	0.9999989437175736	1.0	0.9999989437187202	1.0	0.9999989437198669	1.0
0.0	0.9999989432632774	0.999998943263466	1.0	0.9999989432638429	0.24594381391412626	0.0	0.15770566968264665	0.0	0.0	0.0	0.9999989432651621	1.0	0.9999989432655392	1.0	0.9999989432659161	1.0	0.999998943266293	1.0	0.9999989432666699	1.0	0.999998943267047	1.0
0.0	0.9999993463710534	0.9999993280224959	1.0	0.9999992913253815	0.266266468190601	0.0	0.1577334982432604	0.0	0.0	0.0	0.9999991628854805	1.0	0.9999991261883658	1.0	0.9999990894912513	1.0	0.9999990527941367	1.0	0.9999990160970221	1.0	0.9999989793999077	1.0
0.0	0.9999989457448679	0.999998945575015	1.0	0.9999989452353094	0.29126823967411875	0.0	0.15776665279411986	0.0	0.0	0.0	0.9999989440463397	1.0	0.999998943706634	1.0	0.9999989433669284	1.0	0.9999989430272226	1.0	0.9999989426875171	1.0	0.9999989423478115	1.0
0.0	0.9999991410939428	0.999999132006211	1.0	0.9999991138307472	0.3216533549055308	0.0	0.15780629446336286	0.0	0.0	0.0	0.9999990502166244	1.0	0.9999990320411604	1.0	0.9999990138656968	1.0	0.9999989956902331	1.0	0.9999989775147694	1.0	0.9999989593393057	1.0
0.0	0.9999987905886164	0.9999987973868868	1.0	0.999998810983428	0.3581156449554074	0.0	0.15785184919452336	0.0	0.0	0.0	0.9999988585713221	1.0	0.9999988721678633	1.0	0.9999988857644044	1.0	0.9999988993609457	1.0	0.9999989129574868	1.0	0.999998926554028	1.0
0.0	0.99999894963934	0.999998949153482	1.0	0.9999989481817663	0.401298360578008	0.0	0.15790814652273186	0.0	0.0	0.0	0.999998944780761	1.0	0.9999989438090452	1.0	0.9999989428373295	1.0	0.9999989418656137	1.0	0.9999989408938978	1.0	0.9999989399221821	1.0
0.0	0.9999989192421801	0.9999989200742684	1.0	0.999998921738445	0.4517460172474081	0.0	0.15797916375826937	0.0	0.0	0.0	0.9999989275630631	1.0	0.9999989292272397	1.0	0.9999989308914162	1.0	0.9999989325555929	1.0	0.9999989342197695	1.0	0.9999989358839461	1.0
0.0	0.999998907848198	0.9999989091247612	1.0	0.9999989116778876	0.5098490175073203	0.0	0.15807103797368577	0.0	0.0	0.0	0.9999989206138302	1.0	0.9999989231669566	1.0	0.999998925720083	1.0	0.9999989282732094	1.0	0.999998930826336	1.0	0.9999989333794626	1.0
0.0	0.9999993280855126	0.9999993101770253	1.0	0.9999992743600504	0.5757809723866042	0.0	0.15819347921186677	0.0	0.0	0.0	0.9999991490006386	1.0	0.9999991131836639	1.0	0.999999077366689	1.0	0.9999990415497142	1.0	0.999998932338244	1.0	0.9999989332185169	1.0
0.0	0.9999989323494479	0.9999989323358103	1.0	0.999998932308535	0.6494262289300167	0.0	0.15836265950633316	0.0	0.0	0.0	0.9999989322130715	0.9999991340342962	0.9999989321857962	1.0	0.9999989321585208	1.0	0.9999988210201345	1.0	0.9999989314243916	1.0	0.9999989317369056	1.0
0.0	0.9999989249234496	0.9999989251449978	1.0	0.9999989255880943	0.7302907991535988	0.0	0.15906200052820363	0.0	0.0	0.0	0.9999989271389326	0.9999989273604808	0.9999989275820291	1.0	0.9999989280251256	1.0	0.9999989294875903	1.0	0.9999989295908975	1.0	0.9999989296942048	1.0
0.0	0.9999985233006403	0.9999985416674044	1.0	0.9999985784009326	0.8173845247903772	0.0	0.15929392810150442	0.0	0.0	0.0	0.9999987069682812	0.9999987253350453	0.9999987437018093	1.0	0.9999987804353376	1.0	0.9999989272606088	1.0	0.9999989272968892	1.0	0.9999989273331696	1.0
0.0	0.9999989246851917	0.9999989246908416	1.0	0.9999989247021416	0.9090594567336252	0.0	0.1596507968258428	0.0	0.0	0.0	0.999998924741691	0.999998924747341	0.9999989247529909	1.0	0.9999989247642908	1.0	0.9999989247755906	1.0	0.9999989247868906	1.0	0.9999989247981903	1.0
0.0	0.9999989222175689	0.999998922219631	1.0	0.9999989222237554	1.0	0.0	0.1601955915311136	0.0	0.0	0.0	0.9999989222381905	0.9999989222402527	0.9999989222423148	1.0	0.9999989222464392	1.0	0.9999989222505485	1.0	0.9999989215624069	1.0	0.9999989219126717	1.0
0.0	0.9999989184084475	0.9999989185822551	1.0	0.9999989189298712	1.0	0.0	0.1610203238600378	0.0	0.0	0.0	0.9999989201465288	0.999998920320337	0.9999989204941452	1.0	0.9999989208417617	1.0	0.999998921189393	1.0	0.999998921549697	1.0	0.9999989218909623	1.0
0.0	0.9999989184429261	0.9999989186130719	1.0	0.9999989189533625	1.0	0.0	0.16225772779538544	0.0	0.0	0.0	0.9999989201443789	0.999998920314524	0.9999989204846691	1.0	0.9999989208249592	1.0	0.9999989211652495	1.0	0.999998848790623	1.0	0.9999988854883711	1.0
0.0	0.9999985184459652	0.9999985367946744	1.0	0.999998573492093	1.0	0.0	0.16409668833338303	0.0	0.0	0.0	0.9999987019330575	0.9999987202817667	0.9999987386304756	1.0	0.9999989221168843	1.0	0.9999988120253103	1.0	0.9999989221172184	1.0	0.9999989221171395	1.0
0.0	0.9999989220160547	0.9999989220160831	1.0	0.999998922016139	1.0	0.0	0.16680196193621166	0.0	0.0	0.0	0.9999989220162729	0.9999989220162405	0.9999989220160971	1.0	0.9999989222167132	1.0	0.9999989209587145	1.0	0.9999989213113063	1.0	0.999998921664265	1.0
0.0	0.9999989179904282	0.9999989181667644	1.0	0.9999989185194439	1.0	0.0	0.17073848473624598	0.0	0.0	0.0	0.9999989197539135	0.99999891993032	0.9999989201068378	1.0	0.9999989202589716	1.0	0.9999989208313003	1.0	0.9999989211776057	1.0	0.9999989215237889	1.0
0.0	0.9999989178510672	0.9999989180241523	1.0	0.999998918370317	1.0	4.425330578830986e-8	0.1763999260078537	0.0	0.0	0.0	0.999998919581864	0.9999989197549402	0.999998919928016	1.0	0.9999987734851762	1.0	0.9999989206393709	1.0	0.9999989209791695	1.0	0.9999989213189676	1.0
0.0	0.9999989176209769	0.9999989177908732	1.0	0.9999989181306657	1.0	0.0	0.1844400594849051	0.0	0.0	0.0	0.9999989193199393	0.9999989194898355	0.9999989196597319	1.0	0.9999989199995242	1.0	0.9999988112669415	0.9999989213586862	0.9999988479641921	1.0	0.9999988846614427	1.0
0.0	0.9999985172682629	0.9999985356168872	1.0	0.999998572314136	1.0	2.0003951523057515e-7	0.1957038299080393	0.0	0.0	0.0	0.9999987007545068	0.9999987191031312	0.9999987374517556	1.0	0.9999987741490043	1.0	0.9999989209379962	0.9999989209379968	0.9999989209379972	1.0	0.9999989209379984	1.0
0.0	0.9999993240265199	0.9999993056778963	1.0	0.999999268980649	1.0	8.832361687227685e-8	0.21125258933662844	0.0	0.0	0.0	0.9999991405402833	0.9999991221916595	0.999999103843036	1.0	0.9999990671457887	1.0	0.9999990304485413	0.9999990120999178	0.9999989937512941	1.0	0.9999989570540466	1.0
0.0	0.999998886851259	0.9999988866813645	1.0	0.9999988863415754	1.0	0.9726230039282903	0.23237485560295962	0.0	0.0	0.0	0.9999988851523132	0.9999988849824185	0.999998884812524	1.0	0.9999988844727348	1.0	0.9999988841329455	0.9999988839630509	0.9999988837931563	1.0	0.9999988834533671	1.0
0.0	0.9999988851040114	0.999998884930941	1.0	0.9999988845848005	1.0	1.0	0.26057070311388175	0.0	0.0	0.0	0.999998883373309	0.9999988832002388	0.9999988830271684	1.0	0.9999988826810281	1.0	0.9999988823348875	0.9999988821618172	0.9999989553832423	1.0	0.9999989183398543	1.0
0.0	0.9999988786127871	0.9999988787858574	1.0	0.9999988791319978	1.0	1.0	0.29749390829176503	0.0	0.0	0.0	0.9999988803434898	0.9999988805165602	0.9999988806896304	1.0	0.999998881035771	1.0	0.9999988813819115	0.9999988815549817	0.9999988083335565	1.0	0.9999988453769448	1.0
0.0	0.9999988769004959	0.9999988770703906	1.0	0.99999887741018	1.0	1.0	0.34483549518154943	0.0	0.0	0.0	0.9999988785994428	0.9999988787693374	0.9999988789392321	1.0	0.9999988792790214	1.0	0.9999988796188107	0.9999988797887055	0.9999988799586002	1.0	0.9999988802983895	1.0
0.0	0.9999984747281122	0.999998493076736	1.0	0.9999985297739838	1.0	1.0	0.404132827225976	0.0	0.0	0.0	0.9999986582143507	0.9999986765629746	0.9999986949115984	1.0	0.9999987316088462	1.0	0.9999987683060939	0.9999987866547178	0.9999988050033416	1.0	0.9999988417005893	1.0
0.0	0.9999988756498687	0.9999988756498687	1.0	0.9999988756498687	1.0	1.0	0.47649661149636235	0.0	0.0	0.0	0.9999988756498687	0.9999988756498687	0.9999988756498687	1.0	0.9999988756498687	1.0	0.9999988756498687	0.9999988756498687	0.9999988756498687	1.0	0.9999988756498687	1.0
0.0	0.9999988723689286	0.9999988723689286	1.0	0.9999988723689286	1.0	1.0	0.5622639837088028	0.0	0.0	0.0	0.9999988723689286	0.9999988723689286	0.9999988723689286	1.0	0.9999988723689286	1.0	0.9999988723689286	0.9999988723689286	0.9999988723689286	1.0	0.9999988723689286	1.0
0.0	0.9999988685659439	0.9999988685659439	1.0	0.9999988685659439	1.0	1.0	0.6606116515331115	0.0	0.0	0.0	0.9999988685659439	0.9999988685659439	0.9999988685659439	0.9999988685659439	0.9999988685659439	1.0	0.9999988685659439	0.9999988685659439	0.9999988685659439	1.0	0.9999988685659439	1.0
0.0	0.999998864298049	0.999998864298049	1.0	0.999998864298049	1.0	1.0	0.7691975509323268	0.0	0.0	0.0	0.999998864298049	0.999998864298049	0.999998864298049	0.999998864298049	0.999998864298049	1.0	0.999998864298049	0.999998864298049	0.999998864298049	1.0	0.999998864298049	1.0
0.0	0.99999885967276	0.99999885967276	1.0	0.99999885967276	1.0	1.0	0.8839364698506954	0.0	0.0	0.0	0.99999885967276	0.99999885967276	0.99999885967276	0.99999885967276	0.99999885967276	1.0	0.99999885967276	0.99999885967276	0.99999885967276	1.0	0.99999885967276	0.9999997781741372
0.0	0.9999988548408206	0.9999988548408206	1.0	0.9999988548408206	1.0	1.0	0.9990421734528862	0.0	0.0	0.0	0.9999988548408206	0.9999988548408206	0.9999988548408206	0.9999988548408206	0.9999988548408206	1.0	0.9999988548408206	0.9999988548408206	0.9999988548408206	1.0	0.9999988548408206	0.9999995740571997
0.0	0.9999988539728913	0.9999988539728913	1.0	0.9999988539728913	1.0	1.0	1.0	0.0	0.0	0.0	0.9999988539728913	0.9999988539728913	0.9999988539728913	0.9999988539728913	0.9999988539728913	1.0	0.9999988539728913	0.9999988539728913	0.9999988539728913	1.0	0.9999988539728913	0.9999988865348952
0.0	0.9999988527337211	0.9999988527337211	1.0	0.9999988527337211	1.0	1.0	1.0	9.174434646118958e-9	0.0	0.0	0.9999988527337211	0.9999988527337211	0.9999988527337211	0.9999988527337211	0.9999988527337211	1.0	0.9999988527337211	0.9999988527337211	0.9999988527337211	1.0	0.9999988527337211	0.9999988597807037
0.0	0.9999988508530716	0.9999988508530716	1.0	0.9999988508530716	1.0	1.0	1.0	0.008305865436634313	0.0	0.0	0.9999988508530716	0.9999988508530716	0.9999988508530716	0.9999988508530716	0.9999988508530716	1.0	0.9999988508530716	0.9999988508530716	0.9999988508530716	1.0	0.9999988508530716	0.9999988516915047
0.0	0.9999988475120205	0.9999988475120205	1.0	0.9999988475120205	1.0	1.0	1.0	0.09343110747499747	0.0	0.0	0.9999988475120205	0.9999988475120205	0.9999988475120205	0.9999988475120205	0.9999988475120205	1.0	0.9999988475120205	0.9999988475120205	0.9999988475120205	1.0	0.9999988475120205	0.9999988475120205
0.0	0.9999988430398418	0.9999988430398418	1.0	0.9999988430398418	1.0	1.0	1.0	0.19706853912964656	0.0	0.0	0.9999988430398418	0.9999988430398418	0.9999988430398418	0.9999988430398418	0.9999988430398418	1.0	0.9999988430398418	0.9999988430398418	0.9999988430398418	1.0	0.9999988430398418	0.9999988430398418
0.0	0.9999988372132982	0.9999988372132982	1.0	0.9999988372132982	1.0	1.0	1.0	0.32362950659016354	0.0	0.0	0.9999988372132982	0.9999988372132982	0.9999988372132982	0.9999988372132982	0.9999988372132982	1.0	0.9999988372132982	0.9999988372132982	0.9999988372132982	0.9999988372132982	0.9999988372132982	0.9999988372132982
0.0	0.9999988299157274	0.9999988299157274	1.0	0.9999988299157274	1.0	1.0	1.0	0.47577001895718923	0.0	0.0	0.9999988299157274	0.9999988299157274	0.9999988299157274	0.9999988299157274	0.9999988299157274	1.0	0.9999988299157274	0.9999988299157274	0.9999988299157274	0.9999988299157274	0.9999988299157274	0.9999988299157274
0.0	0.9999987944120937	0.9999987944120937	1.0	0.9999987944120937	1.0	1.0	1.0	0.6521566252730525	0.0	0.7213703957899047	0.9999987944120937	0.9999987944120937	0.9999987944120937	0.9999987944120937	0.9999987944120937	1.0	0.9999987944120937	0.9999987944120937	0.9999987944120937	0.9999987944120937	0.9999987944120937	0.9999987944120937
0.0	0.9999991855857748	0.999999167237151	1.0	0.9999991305399033	1.0	1.0	1.0	0.8447983215493488	0.0	0.8006285823430574	0.9999990020995363	0.9999989837509125	0.9999989654022886	0.9999989470536648	0.9999989287050409	0.999999710873206	0.9999988920077932	0.9999988736591694	0.9999988553105456	0.9999988369619217	0.9999988186132978	0.9999988002646739
0.0	0.9999987769797152	0.9999987768098205	1.0	0.9999987764700312	1.0	1.0	1.0	1.0	0.0	0.877716365992792	0.9999987752807685	0.9999987751108739	0.9999987749409792	0.9999987747710846	0.9999987746011898	0.9999997073172198	0.9999987742614005	0.9999987740915058	0.9999987739216113	0.9999987737517165	0.9999987735818219	0.9999987734119272
0.0	0.9999991770841644	0.9999991585624703	1.0	0.9999991215190821	1.0	1.0	1.0	1.0	0.0	0.9420124961215571	0.9999989918672233	0.9999989733455291	0.9999989548238349	0.999998936302141	0.9999989177804467	0.9999997061320125	0.9999988807370584	0.9999988622153644	0.9999988436936703	0.9999988251719761	0.9999988066502821	0.9999987881285879
0.0	0.9999987748646778	0.9999987745184473	1.0	0.9999987738259865	1.0	1.0	1.0	1.0	0.0	0.9837416859822666	0.9999987714023737	0.9999987710561433	0.9999987707099127	0.9999987703636823	0.9999987700174521	0.999999640547981	0.9999987693249913	0.9999987689787607	0.9999987686325305	0.9999987682863001	0.9999987679400696	0.9999987675938392
0.0	0.9999991249187719	0.9999991085051166	1.0	0.9999990756778064	1.0	1.0	1.0	1.0	0.0	0.9999986376047653	0.99999896078222	0.9999989443685647	0.9999989279549094	0.9999989115412543	0.9999988951275991	0.9999988799032066	0.9999988623002886	0.9999988458866335	0.9999988294729784	0.9999988130593233	0.9999987966456679	0.9999987802320127
0.0	0.9999987995198409	0.9999987978970473	1.0	0.99999879465146	1.0	1.0	1.0	1.0	0.0	0.999998752793211	0.9999987832919046	0.9999987816691109	0.9999987800463174	0.9999987784235237	0.9999987768007301	0.9999989036183033	0.9999987735551429	0.9999987719323492	0.9999987703095555	0.999998768686762	0.9999987670639683	0.9999987654411747
0.0	0.9999987663654774	0.9999987662496984	1.0	0.9999987660181406	1.0	1.0	1.0	1.0	0.0	0.9999987608224721	0.9999987652076886	0.9999987650919097	0.9999987649761307	0.9999987648603519	0.9999987647445729	0.9999987646287942	0.9999987645130153	0.9999987643972363	0.9999987642814575	0.9999987641656786	0.9999987640498997	0.9999987639341207
0.0	0.9999987638183908	0.9999987638183908	1.0	0.9999987638183908	1.0	1.0	1.0	1.0	0.0	0.9999987638183908	0.9999987638183908	0.9999987638183908	0.9999987638183908	0.9999987638183908	0.9999987638183908	0.9999987638183908	0.9999987638183908	0.9999987638183908	0.9999987638183908	0.9999987638183908	0.9999987638183908	0.9999987638183908
