65.26599317606352
62.132831995537515
51.04368873972177
49.99493134994876
49.962503950561626
49.93199145958898
49.91063374694361
49.886062586330056
49.86269497905617
49.83609728417837
49.80943153294958
49.779907164297015
49.75024698905808
49.71879146565275
49.69067532129544
49.658343904052536
49.62888239780611
49.59373566584299
49.56340470679636
49.528589821167365
49.50153574457413
49.462983527603704
49.43377418978188
49.39531993496103
49.369427259313035
49.32703501808351
49.29890215850215
49.258763372607845
49.22988878239134
49.18669043493083
49.15952646376925
49.119157199405215
49.0863315341664
49.049993249972516
49.01716573811256
48.97954383037239
48.94845352740381
48.91099284800853
48.8794015173062
48.845323764423284
48.810799885152
48.77974345747766
48.74516187156
48.71441018918872
48.6817707036002
48.64954130042156
48.61869421621417
48.585097549049586
48.55598098195336
48.52176519557064
48.49376340733713
48.46070312731558
48.43233325407072
48.40024365719276
48.37174651185089
48.34036271805529
48.311994861030755
48.281077641755815
48.253114789668395
48.22243795497735
48.19506714107208
48.16435639440508
48.13776799276327
48.10678148843076
48.081144013968895
48.049890437478105
48.025121003741575
47.99543411503638
47.96970226766115
47.94170949849233
47.91473835954883
47.888472110667465
47.86005688940767
47.835526346891314
47.80611383785981
47.78265548499659
47.755579380437304
47.72991292488734
47.705075427540855
47.67705175465667
47.6542732619007
47.62742326551528
47.60321233539137
47.57893584403183
47.55173938118164
47.5297398235913
47.50411237590684
47.479918367841194
47.45701623459466
47.43009427657057
47.408794041759094
47.385010508199436
47.35963195945101
47.33851869282693
47.314158042117036
47.290727309843696
47.26929523884845
47.244537719430596
47.222704594086245
47.20116912943183
47.176192872979684
