14.002169283576643
7.978150422707645
7.8333386195404
6.276285787245
6.183564855913656
7.304574164434248
7.116296463118445
4.59911913056919
5.761428457338134
4.28232080802881
3.3815614488673265
8.966476288331611
3.8818869648956427
7.012003614675672
2.3950051607684557
3.1593652208119605
2.8976936324524556
6.536177588261835
1.28938349736199
3.376924150932131
3.7579624120550026
3.3560499913389172
3.7207427603163703
4.8414068977752995
8.303599786439836
3.7478676981841867
12.818780052867503
5.844629654232246
4.320232647132435
5.105262408187935
7.140033510599928
8.640915459200796
0.5783827040446573
2.669138084568411
3.9704560104893134
6.166666147216855
5.9700560288786
2.3522724053162647
4.750980788282575
3.757847245398778
2.131414515881094
8.742872622685084
3.2969028951682455
8.01053551554615
10.220578944711104
4.447315383385731
4.95372076695582
1.9426421012884714
1.8984840759352557
3.4206150872749563
11.191701026356776
