1.01
7.351845974957898
10.296472458179739
4.850693111442428
8.689768392085787
6.025700566220364
7.625915096086099
6.107056041173033
4.695704416196624
5.986608027614346
5.885737897186467
8.002152310029437
4.032222173267398
7.086576685177895
5.862145893143952
5.7626820898511895
4.71074533277343
6.979244213804815
4.5650305150047075
7.4145739545275315
5.369909715456692
7.661786834141307
5.687478593573181
7.129359450063029
6.352632896914429
8.434301082198834
5.638130214586614
10.470972943384094
12.060795705504276
7.446586597080477
6.864850067399753
4.258440768016889
6.2506802110250606
3.829628224261109
5.842677696048827
5.456210834308356
5.727001185710238
5.657676011026683
6.765751039523554
4.731293034824357
6.81799715098834
7.02415184293005
4.383496803289984
6.463888773309358
9.537160994344317
11.351035466171037
8.241624042183004
4.311770133786526
7.409137178345127
4.641183011497001
5.937295025809456
