7.919999999999985e-14
4.000000000000057
4.0000000000000675
11.00000000000005
8.000000000000048
13.00000000000005
9.000000000000048
8.000000000000057
10.000000000000046
11.000000000000032
5.000000000000059
8.000000000000062
12.00000000000005
9.00000000000005
13.000000000000053
2.000000000000072
6.000000000000069
4.000000000000058
5.000000000000066
6.000000000000043
7.000000000000051
6.000000000000048
6.0000000000000595
4.000000000000051
3.0000000000000613
4.000000000000065
6.000000000000057
8.000000000000052
5.000000000000072
8.000000000000068
6.000000000000046
8.000000000000044
10.000000000000053
7.000000000000066
2.000000000000071
4.000000000000054
6.000000000000044
7.00000000000006
5.000000000000057
11.000000000000057
4.000000000000066
8.000000000000059
12.000000000000046
10.000000000000037
9.000000000000057
10.000000000000059
10.000000000000053
6.000000000000067
4.00000000000006
6.0000000000000595
7.000000000000048
