14.002169283576643
8.135345784059274
5.752540000654474
8.589478161730407
6.147113799417733
11.129446136536655
9.633026045547174
8.734941027947613
8.16036664797213
7.957716756509338
5.8882155742262725
5.1212016545714425
8.015074859696766
6.920733293380811
4.605272344572418
4.259261331684005
4.244626371372565
4.2705326797234
4.3238357220545005
3.74561001985923
6.1750738476743035
3.5002036676967507
3.0906533491290937
3.02039411425445
2.918215684630036
2.8712714568182807
2.7989003282052614
2.7505282012645185
2.6445939824415774
2.6312648195920048
2.5238248565051538
2.5271506171769587
2.413736644689878
2.433053864051063
3.2571047961208337
3.9410639384061885
2.7767729940368926
2.1777147480174435
2.1928784725976724
3.016037875240894
3.4288055636718537
4.745215989842432
1.291711687531186
2.7335646735799024
1.2699160293491192
4.468207465698784
0.8411860423825206
1.1591926157100776
1.1052256861664649
3.8139052416646737
0.7736287557651599
0.6160454472197447
2.8152652424233793
0.8193749263379855
2.396948505844114
2.7453371933856494
2.2956755398726485
1.3588070634292455
3.478824791646318
0.45036352795789314
1.9729079103467955
0.6206659896147846
3.283759202523022
0.5120012644607763
2.5316484010918425
0.5163543826957749
2.345461314683292
0.4797393909685861
1.5351899070686719
0.5321762104864155
1.9405892860865677
1.1839553940090195
3.8972076784976584
0.6724546353826054
0.34014724075361163
0.18904309565351754
0.0866178777957923
0.07317934015488003
0.07189727415040836
0.058267466133541015
4.818111274024278
