1.01
7.351845974957898
8.31753877632462
6.763632099854674
5.687800477563341
9.442911011111683
4.254915371508669
2.991638672599584
2.792922121461182
2.338759700792521
2.309160633455373
5.190601408790777
6.8744387759184225
2.7847404427365428
3.8204948572789625
4.892975916191831
3.83730680815763
6.335585718757216
4.666812970734062
3.1992769470235833
1.8824675543317486
5.866314787810554
2.812658043244951
1.8935972240455534
1.6745940250611033
1.9192589759668173
1.7546919180445182
1.7871246093868545
1.600586258581051
1.779751595284452
1.6961869231046924
1.8497586678220392
1.731599610817821
1.9613231215770037
3.185440691921764
9.257328043131627
4.62027324750062
3.9327553083126445
3.1269933145445585
5.1035474910743135
5.269620969143296
7.586321644066318
6.0656656234704265
5.159734549762988
5.077709534895725
8.224456209214834
6.21343038970685
3.4881552442572494
3.578521738764483
7.952741615719378
5.667559417637153
2.888679131801513
6.2955268977030245
4.896543381382678
5.692709271169545
4.473589360872846
6.347283523217667
4.312131469041305
8.178294622357825
5.5687899085185135
4.230698791892828
4.278073579693235
6.687202569633053
5.049243813862735
5.366092662386362
4.543781684858472
5.51960893686098
4.565500647402966
4.856045385032216
3.9709542297783926
4.298054001576598
6.074629840831228
9.145477963965446
7.2027305565754185
7.444348322892453
2.979053331082046
1.5369779983496328
0.7011809486517961
0.6837891686976643
0.5499798470987619
0.48609243018919024
