7.919999999999985e-14
2.4240049793145273
3.902968202964303
6.503351131268143
5.661077844675269
7.741326210409334
9.754708877946456
11.885582607168116
13.467260592619006
13.614914764605068
9.175697656049952
10.215203990088662
10.554654815289267
10.413537556064373
12.104135930207097
13.135744071873361
13.20617532160898
9.49365697613286
9.406764348088457
9.527969653931278
9.492700057611746
9.101687687543757
8.83573663553061
8.290728747860594
8.21830399073313
8.830111768629193
9.895419343967857
9.387591421512886
9.461604068307992
8.83871647089996
9.416375914445334
9.016680462975094
9.660102490557552
9.32382825992308
9.25450051679883
7.975591237259475
8.691679124509452
8.249967789612533
9.60984310624012
10.477558876700908
6.836263076275681
8.022202337413994
9.966051678676507
10.427609326122116
8.213523986207022
10.05898678993774
8.959758395085005
9.258553445246388
8.661031817391775
9.852481584000875
8.463520096838849
7.832618190784025
9.899526455211998
8.627418726578615
9.68284304370949
8.453028432994891
10.666216355518655
9.069776873551355
9.63878358377761
8.707093372187355
9.225994692609953
8.118785729390922
8.86299878121379
7.926344733725994
8.396586763090218
7.530325852994218
8.14484101515179
7.273471586045029
7.885954291705829
7.284273216785246
9.03858545255677
10.393168601357216
10.301083633902689
11.382868843203486
10.253090314592393
9.424159710592068
9.483829039610512
9.615348613422602
9.267778829898393
9.713334307762786
12.619982831605428
