0.0
0.1016949152542373
0.2033898305084746
0.3050847457627119
0.4067796610169492
0.5084745762711864
0.6101694915254238
0.711864406779661
0.8135593220338984
0.9152542372881356
1.0169491525423728
1.11864406779661
1.2203389830508475
1.3220338983050848
1.423728813559322
1.5254237288135593
1.6271186440677967
1.728813559322034
1.8305084745762712
1.9322033898305084
2.0338983050847457
2.135593220338983
2.23728813559322
2.3389830508474576
2.440677966101695
2.542372881355932
2.6440677966101696
2.7457627118644066
2.847457627118644
2.9491525423728815
3.0508474576271185
3.152542372881356
3.2542372881355934
3.3559322033898304
3.457627118644068
3.559322033898305
3.6610169491525424
3.76271186440678
3.864406779661017
3.9661016949152543
4.067796610169491
4.169491525423729
4.271186440677966
4.372881355932203
4.47457627118644
4.576271186440678
4.677966101694915
4.779661016949152
4.88135593220339
4.983050847457627
5.084745762711864
5.186440677966102
5.288135593220339
5.389830508474576
5.491525423728813
5.593220338983051
5.694915254237288
5.796610169491525
5.898305084745763
6.0
