14.002169283576643
8.135345784059274
5.752540000654474
8.589478161730407
6.147113799417733
9.477225535520779
7.457045226803438
5.796808100757192
4.974979489878063
5.056507572781958
5.933788766400393
5.378230002020604
5.1311190274313505
6.104295860752973
5.270427260046839
4.66700235646219
4.6389934151897645
4.543033829087964
4.525985664818412
4.441744924697946
4.418498518379739
4.353037522116835
4.497059193770497
4.271932454155983
4.277423040270332
4.185265398929694
4.163128835136283
4.086873925202815
4.072294567967778
4.005334080144008
4.001431667976311
3.9213789320767
3.896128679934801
3.8378688116430504
3.866323293295638
3.77082288069923
3.749892961320096
3.6903196971050054
3.716814175857128
3.6235948241001887
3.6007756320654094
3.533611487810382
3.514909270641625
3.4512122272702075
3.4480112976301274
3.371002006363343
3.335889271433437
3.273547552310858
3.27872889836698
3.189956269071881
3.1558193649018724
3.0786670874257056
3.0460637526777705
2.9745885073598397
2.956742373875924
2.8776987451317195
2.840099315725139
2.773290827953904
2.7709520276125716
2.6861898125630663
2.645589956035673
2.582232366719304
2.5646153353966628
2.4870301451642653
2.4496923142197393
2.3890021291993984
2.4021034932188194
2.3076012616606656
2.272602659232069
2.2041376916103896
2.1729007504217845
2.106852822591132
2.090098974003748
2.0176611677337792
1.9793428205710344
1.919221270400696
1.9178275517014982
1.8385903386024258
1.8056414180395122
1.7389060234410076
1.7074626235883053
1.6686615842823997
1.9900493494752807
3.9542369596199367
2.505333341762287
1.4261176292393807
0.9847505306127772
3.5735409250265078
0.6886108443223353
0.5068115602770109
2.3072173181634654
0.7451680444035782
2.4101382706922165
0.4473202079231257
1.0271306384166408
0.7266817582700144
2.4425953447859645
1.4172448607874621
3.2083076427015986
1.4084183318105397
1.172935959022291
1.1605466778313975
1.1323315341195432
1.090562800074295
1.0810138746921494
1.053716513873548
1.0383586452626363
0.9858925725309708
0.997301925435227
0.9588168154674389
0.9648712608795728
0.8740984365018662
0.9080122257507773
0.8232197984051771
0.8504188075625086
0.7228704933497929
2.1286404468520055
0.9641267060659616
2.4795318231328607
0.4108172509827805
0.04595112925008107
0.09558472603943473
0.03623574500312127
0.04700972313940884
0.020487079215699654
0.07990986158544658
0.028024612542382785
0.04040272470885785
0.013511707913331887
0.047022988867578316
0.01524508501276375
0.05667610538816022
0.019876683998538106
0.06264847348124229
0.021340641483623152
0.0347395401673023
0.011403008079411704
0.052623641734650416
0.01532101605745343
0.02685256976739215
0.007993554528294883
0.07252511937391883
0.025525298884196825
0.03154362834405342
0.010763280234489572
0.05356611668135086
0.015694622125667235
0.02540864487817673
0.0068562579634924735
0.06326547202308375
0.021394231058174416
0.028706477362763744
0.009216652616332427
0.05994398964866545
0.01972547090009508
0.026936778056140476
0.007512047076385809
0.04602577648803913
0.012483697584178695
0.0229869683223547
0.0049380295431755246
0.06620527462526982
0.023938158171265336
0.029293316740607863
0.009930988767114759
0.04500401670673108
0.01261443193608121
0.023238618674169917
0.005270155449490516
0.05740742481471332
0.01941441092143052
0.025737010720655738
0.007178540983539226
0.042033334576031735
0.010913532128615875
0.020831361453002364
0.003914746463206818
0.061689961332261935
0.022572099781811
0.02747772689320978
0.009189853409078172
0.042110007258443535
0.011768577871575947
0.021497747021714402
0.004622044160773521
0.05276721755195223
0.01777193975630914
0.023936497107022378
0.006191861152293428
0.0389446844702454
0.009853314222398591
0.019228188791524287
0.0031942496037464315
0.059227582280382746
0.022464051477788283
0.026949763294167886
0.009568778752033323
0.04040851233440063
0.011799890416194439
0.02094064276284858
0.004913575728084081
