1.01
7.351845974957898
8.31753877632462
6.763632099854674
5.687800477563341
9.442911011111683
6.2522581048780825
5.6648952314427685
3.970956537943598
1.5878929050690362
3.4662321637365583
7.929538133054486
3.642250314747161
3.3555193341100322
4.119666163311191
3.5131084044161938
0.9440981116149729
0.8117325898517583
0.8175701446138437
0.727266739010128
0.6972382536272153
0.6522793297736863
3.563089311675024
2.218070402467794
1.0121351162536942
0.7819093924492284
0.7494496102405142
0.6987310497829368
0.7651154446445982
0.6519293442742002
0.9351531199781434
0.7323439771435809
0.7024041290533577
0.597690480250648
1.4069012627443778
0.8624157067859693
0.756519239371323
0.6538350917730518
2.3003391623403835
0.9003725776667314
1.6131733640305301
1.0821476192479327
0.7214122072696136
0.6468187807470127
0.954281643882501
0.7819016590122739
0.6848024700520952
0.6520904255914799
1.1905363228931727
0.8246111027100949
0.8000259731318758
0.7259999080382111
0.7855023758351787
0.7256275612920602
0.9480402374087566
0.7559861915826757
0.7652680223163513
0.6713225754204478
1.1879094926579383
0.8223352472391933
0.7461079641975515
0.6804856033832587
0.9358339329421123
0.7563510971399102
0.73783613207172
0.685949769626915
1.7946111050540285
0.8639241869722875
0.8128742111622824
0.7368574298678625
0.7587157544624684
0.6885957165049637
0.9503775678197426
0.7705516101771466
0.7384137648019752
0.6680246397695484
1.31899879753266
0.819055676194286
0.8243805732938191
0.7059107720822672
0.7609908178190509
0.7224079302638199
3.5415768996941477
8.673651998266687
5.272077849445502
6.511864816618055
4.188639589893477
8.33187924524335
5.343323713371729
3.2812946865801083
6.040101389432701
4.588136397548791
6.810735778654564
4.577184528411983
3.728708981150091
3.584770054928749
5.634966283965583
5.850613365703482
7.768731130526102
4.827155927084469
3.246096853450322
1.1834681448770987
1.3979367012159665
1.0354059417879484
1.4399917432442286
1.2701103662789324
1.5559412039412703
1.1620932056392348
1.6656094940090298
1.7402061236969741
1.8216001667841575
1.2707272404235612
1.8841737794035414
1.5245632023463378
2.0099055576494167
1.4482919915162895
4.439613628800972
4.378151701318869
9.315915204283312
5.551294486028535
3.7019048924894418
1.3880869793806108
0.7019162837509052
0.610355334788685
0.3479399761121286
1.3828417707723055
0.5987048415200071
0.6036573026954722
0.3136512765864478
0.833573420407425
0.3725976377544626
1.3077424148587222
0.47015727748997377
1.3838908174555855
0.476642138891913
0.5211943788877094
0.2759115044867574
0.9583520860581848
0.42298516590917057
0.4617711204581625
0.20306279549734393
1.754985755430498
0.5531114714551112
0.4968448414984667
0.2718826998376166
1.0575896236353757
0.43926718858839625
0.4651417278511683
0.20168892564167284
1.727641204208745
0.4991950924567089
0.4779090609717457
0.24015117950712198
1.3268412119802815
0.4799292198828726
0.48221667981111976
0.23280731342643593
0.9732157588745721
0.38881964937337
0.45322087159682173
0.17905410871505154
1.8384774311325798
0.517127039210844
0.48904209982035834
0.2622162200947107
0.9354226513067824
0.3761724479284169
0.4601566377920313
0.1882644708413253
1.4886010347803547
0.46960999484240046
0.4824186676878271
0.2354556775281864
0.9537851678957918
0.36205003274563324
0.4516398018515935
0.1664151375386749
1.862124285852862
0.49551300680800364
0.4857920829369412
0.25254998170131626
0.9362527622644311
0.3566275887911991
0.454984284106118
0.1820101214767037
1.444857425848001
0.44616681916449613
0.48017884801193494
0.22933592137321565
0.9562737988521158
0.34238039251896457
0.4542262764989052
0.15574915398874786
2.036064833902697
0.4780426214301565
0.48397752932980465
0.25199817258249435
0.9334861040413645
0.3411496090814327
0.45453235149554533
0.17605546683819565
