7.919999999999985e-14
2.4240049793145273
3.902968202964303
6.503351131268143
5.661077844675269
7.13847035469722
8.551975912411356
8.41962556722801
7.637194233967561
9.835972953666902
8.571352903635123
7.647351978824907
8.148179971895566
8.114810205025346
8.24978006370903
8.383785069525718
9.059953269725508
8.575818158009014
9.25702446744381
8.540809730082636
9.197069598170556
8.449212495323177
7.706377814149333
7.721914365928414
8.552693782389492
8.233627183224645
8.612910529968817
7.87450180661547
8.714163211377308
8.118584568152162
8.813218777681692
8.276193419223997
8.53579046508394
7.980693572468219
8.84643689724438
8.739088824998198
9.04170015345473
8.608843061994357
8.80001421214957
8.803301886718307
10.051736297806231
10.758520717007091
11.02714778950106
10.452377737536661
10.897298326211015
10.412859344648165
10.415687101670002
9.934817832275392
10.526456534289872
10.249303418629356
10.581779207627394
10.107181824864142
10.41524220059272
9.943438943330683
10.42459237914051
10.13216114435103
10.303295999323083
9.944940605119246
10.553434936134273
10.385721036291
10.517435886350572
10.087945377086664
10.4701158739931
10.113397898573721
10.089703323680348
9.712982473765187
10.305943586476799
10.308655680185026
10.66342339058352
10.302505805939022
10.810310247950035
10.311160452741072
11.074439036732818
10.621437533092587
10.57377556866964
10.24010039111512
10.834999198894693
10.64615663788969
10.903305068596323
10.419271214454291
10.638865507382697
10.158096073293514
8.786849751026653
9.04005609464653
9.552202720208491
8.760753925066144
6.601551130018145
9.868014120462156
8.748341490945805
9.167025984861372
9.931280624042046
8.45701826261588
8.892067295035465
7.981511636489236
8.291709093359904
7.45662707480234
10.284311376094562
10.892853464212564
10.823624912949752
10.372087764857433
10.287363283510958
10.739996695062153
10.57019188793511
10.660481881893885
10.280757756666581
10.893507010806132
10.583604064466696
10.508728733766185
10.255054482775462
10.745014008240299
10.75668019276479
10.895589360981404
10.680169789142589
10.950570112288764
10.939513359389988
10.949981802884174
10.777901318901655
10.372600737702633
10.25786878722965
9.921236496259102
9.66437340347829
10.094899085875891
9.980955930019253
10.370637098962566
9.767868066517286
10.216677791368102
10.091762422746697
10.421104818057318
9.71866852508015
10.545372084372017
9.822646271926725
10.07315143145909
9.795381768784168
10.531952675263563
10.237314258877026
10.6859387258268
10.048222429956144
10.806464814748336
10.320164523225898
10.231545734955217
9.701206890438893
10.394182145222654
10.264293438678187
10.563631822804334
10.056332740777513
10.634996127145731
10.25918501678221
10.34054888017226
9.73896317137212
10.534118399029893
10.323584432873673
10.517341459383077
10.045003112522831
10.730959194553304
10.53760413054926
10.716845033176082
10.117249293294698
10.775425994913506
10.28444341198471
10.251215279215094
9.74942398783913
10.57371492313028
10.479828720479578
10.763843146837049
10.308564634116008
10.870446896534638
10.497267152048058
10.51570960102785
9.991939151717967
10.526752325283692
10.383799511067899
10.59193655707869
10.058998858894022
10.470537765134177
10.054665374070757
10.08167062074654
9.576523893365676
10.383712630000355
10.339627770200574
10.649488006439233
10.238184057574335
10.770818142815346
10.413552211241466
10.456656299661717
9.940920252977833
10.43414097210724
10.301943567246838
10.49677213965175
9.993843106084569
10.350355933667071
9.968605697535844
9.978436507794678
9.494912077205198
10.320404336130004
10.27919437992829
10.56561532976637
10.186155782561634
10.737685271434877
10.416062936955123
10.48104739717937
10.020202023448565
