1.0	0.0	0.252000000012569
1.0	0.0	0.17428280001480237
1.0	0.0	0.1666666666834546
1.0	0.0	0.16666666668532845
1.0	0.0	0.16666666668709834
1.0	0.0	0.166666666688759
1.0	0.0	0.16666666669030503
1.0	0.0	0.16666666669173258
1.0	0.0	0.16666666669303778
1.0	0.0	0.16666666669421673
1.0	0.0	0.1666666666952654
1.0	0.0	0.16666666669617952
1.0	0.0	0.16666666669695465
1.0	0.0	0.166666666697586
1.0	0.0	0.16666666669806818
1.0	0.0	0.16666666669839486
1.0	0.0	0.16666666669855829
1.0	0.0	0.16666666669855829
1.0	0.0	0.1666666666985584
1.0	0.0	0.1666666666985584
1.0	0.0	0.1666666666985584
1.0	0.0	0.1666666666985584
1.0	0.0	0.16666666669855862
1.0	0.0	0.16666666669855862
1.0	0.0	0.16666666669855862
1.0	0.0	0.16666666669855862
1.0	0.0	0.16666666669855862
1.0	0.0	0.16666666669855873
1.0	0.0	0.16666666669855873
1.0	0.0	0.16666666669855895
1.0	0.0	0.16666666669855895
1.0	0.0	0.16666666669855895
1.0	0.0	0.16666666669855895
1.0	0.0	0.16666666669855873
1.0	0.0	0.16666666669855873
1.0	0.0	0.16666666669855873
1.0	0.0	0.16666666669855895
1.0	0.0	0.16666666669855895
1.0	0.0	0.16666666669855895
1.0	0.0	0.16666666669855895
1.0	0.0	0.16666666669855895
1.0	0.0	0.16666666669855895
1.0	0.0	0.16666666669855906
1.0	0.0	0.16666666669855906
1.0	0.0	0.16666666669855906
1.0	0.0	0.16666666669855906
1.0	0.0	0.16666666669855906
1.0	0.0	0.16666666669855906
1.0	0.0	0.16666666669855906
1.0	0.0	0.16666666669855928
1.0	0.0	0.16666666669855928
1.0	0.0	0.16666666669855928
1.0	0.0	0.16666666669855928
1.0	0.0	0.16666666669855906
1.0	0.0	0.16666666669855906
1.0	0.0	0.16666666669855906
1.0	0.0	0.16666666669855906
1.0	0.0	0.16666666669855906
1.0	0.0	0.16666666669855895
1.0	0.0	0.16666666669855895
1.0	0.0	0.16666666669855895
1.0	0.0	0.16666666669855895
1.0	0.0	0.16666666669855895
1.0	0.0	0.16666666669855895
1.0	0.0	0.16666666669855895
1.0	0.0	0.16666666669855895
1.0	0.0	0.16666666669855895
1.0	0.0	0.16666666669855895
1.0	0.0	0.16666666669855895
1.0	0.0	0.16666666669855895
1.0	0.0	0.16666666669855873
1.0	0.0	0.16666666669855873
1.0	0.0	0.16666666669855873
1.0	0.0	0.16666666669855895
1.0	0.0	0.16666666669855895
1.0	0.0	0.16666666669855895
1.0	0.0	0.16666666669855895
1.0	0.0	0.16666666669855895
1.0	0.0	0.16666666669855895
1.0	0.0	0.16666666669855895
1.0	0.0	0.16666666669855895
1.0	0.0	0.16666666669855895
1.0	0.0	0.16666666669855895
1.0	0.0	0.16666666669855895
1.0	0.0	0.16666666669855895
1.0	0.0	0.16666666669855895
1.0	0.0	0.16666666669855895
1.0	0.0	0.16666666669855895
1.0	0.0	0.16666666669855895
1.0	0.0	0.16666666669855895
1.0	0.0	0.16666666669855895
1.0	0.0	0.16666666669855895
1.0	0.0	0.16666666669855895
1.0	0.0	0.16666666669855895
1.0	0.0	0.16666666669855895
1.0	0.0	0.16666666669855895
1.0	0.0	0.16666666669855895
1.0	0.0	0.16666666669855895
1.0	0.0	0.16666666669855895
1.0	0.0	0.16666666669855895
1.0	0.0	0.16666666669855895
1.0	0.0	0.16666666669855895
1.0	0.0	0.16666666669855895
1.0	0.0	0.16666666669855895
1.0	0.0	0.16666666669855895
1.0	0.0	0.16666666669855895
1.0	0.0	0.16666666669855895
1.0	0.0	0.16666666669855895
1.0	0.0	0.16666666669855895
1.0	0.0	0.16666666669855895
1.0	0.0	0.16666666669855895
1.0	0.0	0.16666666669855895
1.0	0.0	0.16666666669855895
1.0	0.0	0.16666666669855895
1.0	0.0	0.16666666669855895
1.0	0.0	0.16666666669855895
1.0	0.0	0.16666666669855873
1.0	0.0	0.16666666669855873
1.0	0.0	0.16666666669855873
1.0	0.0	0.16666666669855873
1.0	0.0	0.16666666669855873
1.0	0.0	0.16666666669855862
1.0	0.0	0.16666666669855862
1.0	0.0	0.16666666669855862
1.0	0.0	0.16666666669855862
1.0	0.0	0.16666666669855862
1.0	0.0	0.16666666669855862
1.0	0.0	0.16666666669855862
1.0	0.0	0.16666666669855862
1.0	0.0	0.16666666669855862
1.0	0.0	0.16666666669855862
1.0	0.0	0.16666666669855862
1.0	0.0	0.16666666669855862
1.0	0.0	0.16666666669855862
1.0	0.0	0.16666666669855862
1.0	0.0	0.16666666669855862
1.0	0.0	0.16666666669855862
1.0	0.0	0.16666666669855862
1.0	0.0	0.16666666669855862
1.0	0.0	0.16666666669855862
1.0	0.0	0.16666666669855862
1.0	0.0	0.16666666669855862
1.0	0.0	0.16666666669855862
1.0	0.0	0.16666666669855862
1.0	0.0	0.16666666669855862
1.0	0.0	0.16666666669855862
1.0	0.0	0.16666666669855862
1.0	0.0	0.16666666669855862
1.0	0.0	0.16666666669855862
1.0	0.0	0.16666666669855862
1.0	0.0	0.16666666669855862
1.0	0.0	0.16666666669855862
1.0	0.0	0.16666666669855862
1.0	0.0	0.16666666669855862
1.0	0.0	0.16666666669855862
1.0	0.0	0.16666666669855862
1.0	0.0	0.16666666669855862
1.0	0.0	0.16666666669855862
1.0	0.0	0.16666666669855862
1.0	0.0	0.16666666669855862
1.0	0.0	0.16666666669855862
1.0	0.0	0.16666666669855862
1.0	0.0	0.16666666669855862
1.0	0.0	0.16666666669855862
1.0	0.0	0.16666666669855862
1.0	0.0	0.16666666669855862
1.0	0.0	0.16666666669855862
1.0	0.0	0.16666666669855862
1.0	0.0	0.16666666669855862
1.0	0.0	0.16666666669855862
1.0	0.0	0.16666666669855862
1.0	0.0	0.16666666669855862
1.0	0.0	0.16666666669855862
1.0	0.0	0.16666666669855862
1.0	0.0	0.16666666669855862
1.0	0.0	0.16666666669855862
1.0	0.0	0.16666666669855862
1.0	0.0	0.16666666669855862
1.0	0.0	0.16666666669855862
1.0	0.0	0.16666666669855862
1.0	0.0	0.16666666669855862
1.0	0.0	0.16666666669855862
1.0	0.0	0.16666666669855862
1.0	0.0	0.16666666669855862
1.0	0.0	0.16666666669855862
1.0	0.0	0.16666666669855862
1.0	0.0	0.16666666669855862
1.0	0.0	0.16666666669855862
1.0	0.0	0.16666666669855862
1.0	0.0	0.16666666669855862
1.0	0.0	0.16666666669855862
1.0	0.0	0.16666666669855862
1.0	0.0	0.16666666669855862
1.0	0.0	0.16666666669855862
1.0	0.0	0.16666666669855862
1.0	0.0	0.16666666669855862
1.0	0.0	0.16666666669855862
1.0	0.0	0.16666666669855862
1.0	0.0	0.16666666669855862
1.0	0.0	0.16666666669855862
1.0	0.0	0.16666666669855862
1.0	0.0	0.16666666669855862
1.0	0.0	0.16666666669855862
1.0	0.0	0.16666666669855862
1.0	0.0	0.16666666669855862
1.0	0.0	0.16666666669855862
1.0	0.0	0.16666666669855862
1.0	0.0	0.16666666669855862
1.0	0.0	0.16666666669855862
1.0	0.0	0.16666666669855862
1.0	0.0	0.16666666669855862
1.0	0.0	0.16666666669855862
1.0	0.0	0.16666666669855862
1.0	0.0	0.16666666669855862
1.0	0.0	0.16666666669855862
1.0	0.0	0.16666666669855862
1.0	0.0	0.16666666669855862
1.0	0.0	0.16666666669855862
1.0	0.0	0.16666666669855862
1.0	0.0	0.16666666669855862
1.0	0.0	0.16666666669855862
1.0	0.0	0.16666666669855862
1.0	0.0	0.16666666669855862
1.0	0.0	0.16666666669855862
1.0	0.0	0.16666666669855862
1.0	0.0	0.16666666669855862
1.0	0.0	0.16666666669855862
1.0	0.0	0.16666666669855862
1.0	0.0	0.16666666669855862
1.0	0.0	0.16666666669855862
1.0	0.0	0.16666666669855862
1.0	0.0	0.16666666669855862
1.0	0.0	0.16666666669855862
1.0	0.0	0.16666666669855862
1.0	0.0	0.16666666669855862
1.0	0.0	0.16666666669855862
1.0	0.0	0.16666666669855862
1.0	0.0	0.16666666669855862
1.0	0.0	0.16666666669855862
1.0	0.0	0.16666666669855862
1.0	0.0	0.16666666669855862
1.0	0.0	0.16666666669855862
1.0	0.0	0.16666666669855862
1.0	0.0	0.16666666669855862
1.0	0.0	0.16666666669855862
1.0	0.0	0.16666666669855862
1.0	0.0	0.16666666669855862
1.0	0.0	0.16666666669855862
1.0	0.0	0.16666666669855862
1.0	0.0	0.16666666669855862
1.0	0.0	0.16666666669855862
1.0	0.0	0.16666666669855862
1.0	0.0	0.16666666669855862
1.0	0.0	0.16666666669855862
1.0	0.0	0.16666666669855862
1.0	0.0	0.16666666669855862
1.0	0.0	0.16666666669855862
1.0	0.0	0.16666666669855862
1.0	0.0	0.16666666669855862
1.0	0.0	0.16666666669855862
1.0	0.0	0.16666666669855862
1.0	0.0	0.16666666669855862
1.0	0.0	0.16666666669855862
1.0	0.0	0.16666666669855862
1.0	0.0	0.16666666669855862
1.0	0.0	0.16666666669855862
1.0	0.0	0.16666666669855862
1.0	0.0	0.16666666669855862
1.0	0.0	0.16666666669855862
1.0	0.0	0.16666666669855862
1.0	0.0	0.16666666669855862
1.0	0.0	0.16666666669855862
1.0	0.0	0.16666666669855862
1.0	0.0	0.16666666669855862
1.0	0.0	0.16666666669855862
1.0	0.0	0.16666666669855862
1.0	0.0	0.16666666669855862
1.0	0.0	0.16666666669855862
1.0	0.0	0.16666666669855862
1.0	0.0	0.16666666669855862
1.0	0.0	0.16666666669855862
1.0	0.0	0.16666666669855862
1.0	0.0	0.16666666669855862
1.0	0.0	0.16666666669855862
1.0	0.0	0.16666666669855862
1.0	0.0	0.16666666669855862
1.0	0.0	0.16666666669855862
1.0	0.0	0.16666666669855862
1.0	0.0	0.16666666669855862
1.0	0.0	0.16666666669855862
1.0	0.0	0.16666666669855862
1.0	0.0	0.16666666669855862
1.0	0.0	0.16666666669855862
1.0	0.0	0.16666666669855862
1.0	0.0	0.16666666669855862
1.0	0.0	0.16666666669855862
1.0	0.0	0.16666666669855862
1.0	0.0	0.16666666669855862
1.0	0.0	0.16666666669855862
1.0	0.0	0.16666666669855862
1.0	0.0	0.16666666669855862
1.0	0.0	0.16666666669855862
1.0	0.0	0.16666666669855862
1.0	0.0	0.16666666669855862
1.0	0.0	0.16666666669855862
1.0	0.0	0.16666666669855862
1.0	0.0	0.16666666669855862
1.0	0.0	0.16666666669855862
1.0	0.0	0.16666666669855862
1.0	0.0	0.16666666669855862
1.0	0.0	0.16666666669855862
1.0	0.0	0.16666666669855862
1.0	0.0	0.16666666669855862
1.0	0.0	0.16666666669855862
1.0	0.0	0.16666666669855862
1.0	0.0	0.16666666669855862
1.0	0.0	0.16666666669855862
1.0	0.0	0.16666666669855862
1.0	0.0	0.16666666669855862
1.0	0.0	0.16666666669855862
1.0	0.0	0.16666666669855862
1.0	0.0	0.16666666669855862
1.0	0.0	0.16666666669855862
1.0	0.0	0.16666666669855862
1.0	0.0	0.16666666669855862
1.0	0.0	0.16666666669855862
1.0	0.0	0.16666666669855862
1.0	0.0	0.16666666669855862
1.0	0.0	0.16666666669855862
1.0	0.0	0.16666666669855862
1.0	0.0	0.16666666669855862
1.0	0.0	0.16666666669855862
1.0	0.0	0.16666666669855862
1.0	0.0	0.16666666669855862
1.0	0.0	0.16666666669855862
1.0	0.0	0.16666666669855862
1.0	0.0	0.16666666669855862
1.0	0.0	0.16666666669855862
1.0	0.0	0.16666666669855862
1.0	0.0	0.16666666669855862
1.0	0.0	0.16666666669855862
1.0	0.0	0.16666666669855862
1.0	0.0	0.16666666669855862
1.0	0.0	0.16666666669855862
1.0	0.0	0.16666666669855862
1.0	0.0	0.16666666669855862
1.0	0.0	0.16666666669855862
1.0	0.0	0.16666666669855862
1.0	0.0	0.16666666669855862
1.0	0.0	0.16666666669855862
1.0	0.0	0.16666666669855862
1.0	0.0	0.16666666669855862
1.0	0.0	0.16666666669855862
1.0	0.0	0.16666666669855862
1.0	0.0	0.16666666669855862
1.0	0.0	0.16666666669855862
1.0	0.0	0.16666666669855862
1.0	0.0	0.16666666669855862
1.0	0.0	0.16666666669855862
1.0	0.0	0.16666666669855862
1.0	0.0	0.16666666669855862
1.0	0.0	0.16666666669855862
1.0	0.0	0.16666666669855862
1.0	0.0	0.16666666669855862
1.0	0.0	0.16666666669855862
1.0	0.0	0.16666666669855862
1.0	0.0	0.16666666669855862
1.0	0.0	0.16666666669855862
1.0	0.0	0.16666666669855862
1.0	0.0	0.16666666669855862
1.0	0.0	0.16666666669855862
1.0	0.0	0.16666666669855862
1.0	0.0	0.16666666669855862
1.0	0.0	0.16666666669855862
1.0	0.0	0.16666666669855865
1.0	0.0	0.16666666669855865
1.0	0.0	0.16666666669855865
1.0	0.0	0.16666666669855865
1.0	0.0	0.16666666669855865
1.0	0.0	0.16666666669855865
1.0	0.0	0.16666666669855865
1.0	0.0	0.16666666669855865
1.0	0.0	0.16666666669855865
1.0	0.0	0.16666666669855865
1.0	0.0	0.16666666669855865
1.0	0.0	0.16666666669855865
1.0	0.0	0.16666666669855865
1.0	0.0	0.16666666669855865
1.0	0.0	0.16666666669855865
1.0	0.0	0.16666666669855865
1.0	0.0	0.16666666669855865
1.0	0.0	0.16666666669855867
1.0	0.0	0.16666666669855867
1.0	0.0	0.16666666669855867
1.0	0.0	0.16666666669855867
1.0	0.0	0.16666666669855867
1.0	0.0	0.1666666666985587
1.0	0.0	0.1666666666985587
1.0	0.0	0.1666666666985587
1.0	0.0	0.16666666669855873
1.0	0.0	0.16666666669855876
1.0	0.0	0.16666666669855876
1.0	0.0	0.16666666669855879
1.0	0.0	0.1666666666985588
1.0	0.0	0.16666666669855884
1.0	0.0	0.16666666669855887
1.0	0.0	0.1666666666985589
1.0	0.0	0.16666666669855895
1.0	0.0	0.16666666669855898
1.0	0.0	0.16666666669855904
1.0	0.0	0.16666666669855912
1.0	0.0	0.16666666669855917
1.0	0.0	0.16666666669855928
1.0	0.0	0.16666666669855937
1.0	0.0	0.16666666669855948
1.0	0.0	0.16666666669855962
1.0	0.0	0.16666666669855976
1.0	0.0	0.16666666669855995
1.0	0.0	0.16666666669856015
1.0	0.0	0.16666666669856037
1.0	0.0	0.16666666669856064
1.0	0.0	0.16666666669856095
1.0	0.0	0.1666666666985613
1.0	0.0	0.1666666666985617
1.0	0.0	0.16666666669856217
1.0	0.0	0.1666666666985627
1.0	0.0	0.16666666669856334
1.0	0.0	0.16666666669856403
1.0	0.0	0.16666666669856484
1.0	0.0	0.16666666669856578
1.0	0.0	0.16666666669856686
1.0	0.0	0.16666666669856808
1.0	0.0	0.16666666669856953
1.0	0.0	0.16666666669857114
1.0	0.0	0.16666666669857302
1.0	0.0	0.16666666669857516
1.0	0.0	0.16666666669857763
1.0	0.0	0.16666666669858046
1.0	0.0	0.1666666666985837
1.0	0.0	0.16666666669858743
1.0	0.0	0.16666666669859168
1.0	0.0	0.1666666666985966
1.0	0.0	0.1666666666986022
1.0	0.0	0.16666666669860863
1.0	0.0	0.166666666698616
1.0	0.0	0.16666666669862443
1.0	0.0	0.1666666666986341
1.0	0.0	0.1666666666986452
1.0	0.0	0.16666666669865787
1.0	0.0	0.16666666669867242
1.0	0.0	0.16666666669868904
1.0	0.0	0.16666666669870808
1.0	0.0	0.16666666669872984
1.0	0.0	0.16666666669875477
1.0	0.0	0.16666666669878327
1.0	0.0	0.16666666669881586
1.0	0.0	0.16666666669885313
1.0	0.0	0.16666666669889574
1.0	0.0	0.16666666669894445
1.0	0.0	0.1666666666990001
1.0	0.0	0.1666666666990637
1.0	0.0	0.16666666669913632
1.0	0.0	0.1666666666992193
1.0	0.0	0.16666666669931404
1.0	0.0	0.1666666666994222
1.0	0.0	0.16666666669954566
1.0	0.0	0.16666666669968658
1.0	0.0	0.16666666669984737
1.0	0.0	0.16666666670003077
1.0	0.0	0.16666666670023997
1.0	0.0	0.16666666670047856
1.0	0.0	0.16666666670075053
1.0	0.0	0.1666666667010606
1.0	0.0	0.16666666670141395
1.0	0.0	0.1666666667018166
1.0	0.0	0.1666666667022753
1.0	0.0	0.16666666670279778
1.0	0.0	0.16666666670339275
1.0	0.0	0.16666666670407015
1.0	0.0	0.1666666667048413
1.0	0.0	0.1666666667057189
1.0	0.0	0.16666666670671748
1.0	0.0	0.1666666667078535
1.0	0.0	0.16666666670914562
1.0	0.0	0.16666666671061497
1.0	0.0	0.16666666671228553
1.0	0.0	0.16666666671418445
1.0	0.0	0.16666666671634248
1.0	0.0	0.16666666671879452
1.0	0.0	0.16666666672158
1.0	0.0	0.16666666672474362
1.0	0.0	0.16666666672833597
1.0	0.0	0.16666666673241426
1.0	0.0	0.16666666673704325
1.0	0.0	0.16666666674229622
1.0	0.0	0.16666666674825598
1.0	0.0	0.16666666675501618
1.0	0.0	0.16666666676268269
1.0	0.0	0.16666666677137515
1.0	0.0	0.16666666678122868
1.0	0.0	0.166666666792396
1.0	0.0	0.16666666680504946
1.0	0.0	0.16666666681938375
1.0	0.0	0.1666666668356185
1.0	0.0	0.16666666685400167
1.0	0.0	0.16666666687481294
1.0	0.0	0.16666666689836776
1.0	0.0	0.16666666692502188
1.0	0.0	0.16666666695517632
1.0	0.0	0.16666666698928306
1.0	0.0	0.16666666702785138
1.0	0.0	0.166666667071455
1.0	0.0	0.16666666712074008
1.0	0.0	0.1666666671764341
1.0	0.0	0.166666667239356
1.0	0.0	0.16666666731042737
1.0	0.0	0.16666666739068506
1.0	0.0	0.16666666748129533
1.0	0.0	0.16666666758356966
1.0	0.0	0.16666666769898233
1.0	0.0	0.16666666782919043
1.0	0.0	0.1666666679760558
1.0	0.0	0.16666666814166997
1.0	0.0	0.16666666832838167
1.0	0.0	0.16666666853882797
1.0	0.0	0.16666666877596875
1.0	0.0	0.1666666690431254
1.0	0.0	0.16666666934402385
1.0	0.0	0.16666666968284283
1.0	0.0	0.16666667006426758
1.0	0.0	0.16666667049354977
1.0	0.0	0.1666666709765744
1.0	0.0	0.16666667151993428
1.0	0.0	0.1666666721310132
1.0	0.0	0.1666666728180784
1.0	0.0	0.1666666735903838
1.0	0.0	0.16666667445828473
1.0	0.0	0.16666667543336566
1.0	0.0	0.16666667652858258
1.0	0.0	0.16666667775842106
1.0	0.0	0.16666667913907215
1.0	0.0	0.166666680688628
1.0	0.0	0.1666666824272991
1.0	0.0	0.16666668437765572
1.0	0.0	0.16666668656489597
1.0	0.0	0.1666666890171434
1.0	0.0	0.16666669176577725
1.0	0.0	0.16666669484579888
1.0	0.0	0.16666669829623806
1.0	0.0	0.1666667021606034
1.0	0.0	0.16666670648738144
1.0	0.0	0.16666671133058975
1.0	0.0	0.1666667167503892
1.0	0.0	0.16666672281376185
1.0	0.0	0.1666667295952612
1.0	0.0	0.16666673717784167
1.0	0.0	0.16666674565377657
1.0	0.0	0.16666675512567203
1.0	0.0	0.1666667657075878
1.0	0.0	0.16666677752627504
1.0	0.0	0.16666679072254315
1.0	0.0	0.16666680545276802
1.0	0.0	0.16666682189055632
1.0	0.0	0.16666684022858078
1.0	0.0	0.1666668606806034
1.0	0.0	0.16666688348370517
1.0	0.0	0.16666690890074176
1.0	0.0	0.16666693722304787
1.0	0.0	0.1666669687734135
1.0	0.0	0.16666700390935843
1.0	0.0	0.16666704302673346
1.0	0.0	0.166667086563679
1.0	0.0	0.16666713500497507
1.0	0.0	0.1666671888868189
1.0	0.0	0.16666724880207065
1.0	0.0	0.16666731540601
1.0	0.0	0.16666738942265083
1.0	0.0	0.1666674716516653
1.0	0.0	0.16666756297597254
1.0	0.0	0.1666676643700524
1.0	0.0	0.16666777690904902
1.0	0.0	0.16666790177873514
1.0	0.0	0.16666804028641347
1.0	0.0	0.16666819387283788
1.0	0.0	0.16666836412524358
1.0	0.0	0.1666685527915831
1.0	0.0	0.16666876179607212
1.0	0.0	0.16666899325615783
1.0	0.0	0.166669249501031
1.0	0.0	0.16666953309181246
1.0	0.0	0.16666984684355474
1.0	0.0	0.16667019384921056
1.0	0.0	0.16667057750573028
1.0	0.0	0.1666710015424642
1.0	0.0	0.1666714700520568
1.0	0.0	0.16667198752403467
1.0	0.0	0.16667255888130428
1.0	0.0	0.1666731895197908
1.0	0.0	0.1666738853514655
1.0	0.0	0.16667465285102695
1.0	0.0	0.16667549910651863
1.0	0.0	0.16667643187418518
1.0	0.0	0.16667745963788957
1.0	0.0	0.16667859167343463
1.0	0.0	0.16667983811815457
1.0	0.0	0.1666812100461655
1.0	0.0	0.16668271954968839
1.0	0.0	0.16668437982688317
1.0	0.0	0.16668620527665975
1.0	0.0	0.1666882116009592
1.0	0.0	0.16669041591502676
1.0	0.0	0.16669283686622915
1.0	0.0	0.16669549476199863
1.0	0.0	0.16669841170751912
1.0	0.0	0.16670161175380188
1.0	0.0	0.16670512105683266
1.0	0.0	0.1667089680485069
1.0	0.0	0.16671318362010487
1.0	0.0	0.16671780131909492
1.0	0.0	0.16672285756009048
1.0	0.0	0.1667283918508222
1.0	0.0	0.16673444703402562
1.0	0.0	0.16674106954618306
1.0	0.0	0.16674830969409118
1.0	0.0	0.16675622195027173
1.0	0.0	0.16676486526827122
1.0	0.0	0.16677430341893643
1.0	0.0	0.1667846053487861
1.0	0.0	0.16679584556163313
1.0	0.0	0.16680810452464337
1.0	0.0	0.16682146910004758
1.0	0.0	0.16683603300374952
1.0	0.0	0.16685189729209904
1.0	0.0	0.16686917087811867
1.0	0.0	0.16688797107849054
1.0	0.0	0.16690842419262242
1.0	0.0	0.16693066611511956
1.0	0.0	0.16695484298299132
1.0	0.0	0.16698111185891654
1.0	0.0	0.16700964145188088
1.0	0.0	0.1670406128764798
1.0	0.0	0.16707422045215362
1.0	0.0	0.1671106725435836
1.0	0.0	0.16715019244343163
1.0	0.0	0.16719301929854696
1.0	0.0	0.16723940908069482
1.0	0.0	0.16728963560277715
1.0	0.0	0.16734399158142094
1.0	0.0	0.16740278974669698
1.0	0.0	0.16746636399960546
1.0	0.0	0.1675350706178214
1.0	0.0	0.16760928951003118
1.0	0.0	0.1676894255190122
1.0	0.0	0.16777590977340814
1.0	0.0	0.16786920108793274
1.0	0.0	0.16796978741149352
1.0	0.0	0.16807818732246468
1.0	0.0	0.16819495157005113
1.0	0.0	0.16832066466037654
1.0	0.0	0.16845594648559412
1.0	0.0	0.16860145399395968
1.0	0.0	0.1687578828984224
1.0	0.0	0.1689259694208792
1.0	0.0	0.16910649206880288
1.0	0.0	0.16930027344049267
1.0	0.0	0.1695081820547099
1.0	0.0	0.16973113419994826
1.0	0.0	0.1699700957980523
1.0	0.0	0.17022608427633762
1.0	0.0	0.17050017044178134
1.0	0.0	0.170793480350249
1.0	0.0	0.1711071971630977
1.0	0.0	0.1714425629828538
1.0	0.0	0.17180088065900534
1.0	0.0	0.17218351555427816
1.0	0.0	0.17259189726108307
1.0	0.0	0.17302752125713441
1.0	0.0	0.17349195048854787
1.0	0.0	0.17398681686803621
1.0	0.0	0.17451382267513624
1.0	0.0	0.17507474184472632
1.0	0.0	0.17567142112943468
1.0	0.0	0.1763057811209017
1.0	0.0	0.17697981711424898
1.0	0.0	0.17769559979953314
1.0	0.0	0.17845527576342607
1.0	0.0	0.17926106778387793
1.0	0.0	0.18011527490008739
1.0	0.0	0.1810202722397373
1.0	0.0	0.1819785105851579
1.0	0.0	0.18299251565986624
1.0	0.0	0.18406488711680405
1.0	0.0	0.18519829720956923
1.0	0.0	0.1863954891280153
1.0	0.0	0.1876592749797886
1.0	0.0	0.18899253339969252
1.0	0.0	0.19039820676922162
1.0	0.0	0.1918792980292036
1.0	0.0	0.1934388670692331
1.0	0.0	0.1950800266784847
1.0	0.0	0.19680593804356147
1.0	0.0	0.19861980578027788
1.0	0.0	0.20052487248769402
1.0	0.0	0.2025244128143228
1.0	0.0	0.20462172702822123
1.0	0.0	0.20682013408466035
1.0	0.0	0.20912296418723847
1.0	0.0	0.21153355084067804
1.0	0.0	0.2140552223960964
1.0	0.0	0.21669129309230062
1.0	0.0	0.2194450535995877
1.0	0.0	0.222319761075648
1.0	0.0	0.22531862874646158
1.0	0.0	0.2284448150285284
1.0	0.0	0.23170141221236998
1.0	0.0	0.23509143473098926
1.0	0.0	0.23861780704082347
1.0	0.0	0.24228335114669372
1.0	0.0	0.2460907738062923
1.0	0.0	0.25004265345384774
1.0	0.0	0.25414142688674096
1.0	0.0	0.2583893757629713
1.0	0.0	0.2627886129614875
1.0	0.0	0.26734106886143383
1.0	0.0	0.272048477600312
1.0	0.0	0.2769123633748772
1.0	0.0	0.28193402685221425
1.0	0.0	0.28711453176186513
1.0	0.0	0.2924546917430242
1.0	0.0	0.2979550575236559
1.0	0.0	0.30361590451085685
1.0	0.0	0.30943722087382736
1.0	0.0	0.31541869620238616
1.0	0.0	0.32155971082497653
1.0	0.0	0.327859325870535
1.0	0.0	0.3343162741583377
1.0	0.0	0.3409289519989594
1.0	0.0	0.34769541198772347
1.0	0.0	0.3546133568694405
1.0	0.0	0.361680134549874
1.0	0.0	0.3688927343252575
1.0	0.0	0.376247784396577
1.0	0.0	0.3837415507305909
1.0	0.0	0.39136993732547626
1.0	0.0	0.3991284879368935
1.0	0.0	0.40701238932243783
1.0	0.0	0.4150164760727279
1.0	0.0	0.4231352371220294
1.0	0.0	0.4313628240805931
1.0	0.0	0.4396930616212906
1.0	0.0	0.44811946031116795
1.0	0.0	0.45663523254643656
1.0	0.0	0.46523331269420115
1.0	0.0	0.47390638327175943
1.0	0.0	0.4826469101711778
1.0	0.0	0.49144719182405583
1.0	0.0	0.5002994302063238
1.0	0.0	0.5091958363384865
1.0	0.0	0.5181287904217509
1.0	0.0	0.5270910884701779
1.0	0.0	0.5360763255533187
1.0	0.0	0.545079494039199
1.0	0.0	0.554097918757098
1.0	0.0	0.5631327175384776
1.0	0.0	0.5721910764411549
1.0	0.0	0.5812897801925594
1.0	0.0	0.5904606620983953
1.0	0.0	0.5997589626065942
1.0	0.0	0.6092760458330885
1.0	0.0	0.6191585508000669
1.0	0.0	0.6296368595401822
1.0	0.0	0.6410666891218753
1.0	0.0	0.6539884255522874
1.0	0.0	0.6692088805516863
1.0	0.0	0.6879079680529121
1.0	0.0	0.7117650607664109
1.0	0.0	0.7430795134179313
1.0	0.0	0.7848126710520171
1.0	0.0	0.8403756720696284
1.0	0.0	0.0
1.0	0.0	0.0
1.0	0.0	0.0
1.0	0.0	0.0
1.0	0.0	0.0
1.0	0.0	0.0
1.0	0.0	0.0
1.0	0.0	0.0
1.0	0.0	0.0
1.0	0.0	0.6337771958440003
1.0	0.0	0.6832880147989028
1.0	0.0	0.726548210972158
1.0	0.0	0.7641043892686773
1.0	0.0	0.7965120452310253
1.0	0.0	0.8243121700433003
1.0	0.0	0.8482105651305941
1.0	0.0	0.8687119076586287
1.0	0.0	0.886282164439573
1.0	0.0	0.9013675025988135
1.0	0.0	0.914356946526698
1.0	0.0	0.9255963201579436
1.0	0.0	0.9353941066642375
1.0	0.0	0.9440187179802098
1.0	0.0	0.9517042351376307
1.0	0.0	0.9586537094082237
1.0	0.0	0.9650415936300103
1.0	0.0	0.9710176073750878
1.0	0.0	0.9767095237829178
1.0	0.0	0.9822258690171668
1.0	0.0	0.9876585524725232
1.0	0.0	0.9930850843611598
1.0	0.0	0.9985705827426978
1.0	0.0	1.0
1.0	0.0	1.0
1.0	0.0	1.0
1.0	0.0	1.0
1.0	0.0	1.0
1.0	0.0	1.0
1.0	0.0	1.0
1.0	0.0	1.0
1.0	0.0	1.0
1.0	0.0	1.0
1.0	0.0	1.0
1.0	0.0	1.0
1.0	0.0	1.0
1.0	0.0	1.0
1.0	0.0	1.0
1.0	0.0	1.0
1.0	0.0	1.0
1.0	0.0	1.0
1.0	0.0	1.0
1.0	0.0	1.0
1.0	0.0	1.0
1.0	0.0	1.0
1.0	0.0	1.0
1.0	0.0	1.0
1.0	0.0	1.0
1.0	0.0	1.0
1.0	0.0	1.0
1.0	0.0	1.0
1.0	0.0	1.0
1.0	0.0	1.0
1.0	0.0	1.0
1.0	0.0	1.0
1.0	0.0	1.0
1.0	0.0	1.0
1.0	0.0	1.0
1.0	0.0	1.0
1.0	0.0	1.0
1.0	0.0	1.0
1.0	0.0	1.0
1.0	0.0	1.0
1.0	0.0	1.0
1.0	0.0	1.0
1.0	0.0	1.0
1.0	0.0	1.0
1.0	0.0	1.0
1.0	0.0	1.0
1.0	0.0	1.0
1.0	0.0	1.0
1.0	0.0	1.0
1.0	0.0	1.0
1.0	0.0	1.0
1.0	0.0	1.0
1.0	0.0	1.0
1.0	0.0	1.0
1.0	0.0	1.0
1.0	0.0	1.0
1.0	0.0	1.0
1.0	0.0	1.0
1.0	0.0	1.0
1.0	0.0	1.0
1.0	0.0	1.0
1.0	0.0	1.0
1.0	0.0	1.0
1.0	0.0	1.0
1.0	0.0	1.0
1.0	0.0	1.0
1.0	0.0	1.0
1.0	0.0	1.0
1.0	0.0	1.0
1.0	0.0	1.0
1.0	0.0	1.0
1.0	0.0	1.0
1.0	0.0	1.0
1.0	0.0	1.0
1.0	0.0	1.0
1.0	0.0	1.0
1.0	0.0	1.0
1.0	0.0	1.0
1.0	0.0	1.0
1.0	0.0	1.0
1.0	0.0	1.0
1.0	0.0	1.0
1.0	0.0	1.0
1.0	0.0	1.0
1.0	0.0	1.0
1.0	0.0	1.0
1.0	0.0	1.0
1.0	0.0	1.0
1.0	0.0	1.0
1.0	0.0	1.0
1.0	0.0	1.0
1.0	0.0	1.0
1.0	0.0	1.0
1.0	0.0	1.0
1.0	0.0	1.0
1.0	0.0	1.0
1.0	0.0	1.0
1.0	0.0	1.0
1.0	0.0	1.0
1.0	0.0	1.0
1.0	0.0	1.0
1.0	0.0	1.0
1.0	0.0	1.0
1.0	0.0	1.0
1.0	0.0	1.0
1.0	0.0	1.0
1.0	0.0	1.0
1.0	0.0	1.0
1.0	0.0	1.0
1.0	0.0	1.0
1.0	0.0	1.0
1.0	0.0	1.0
1.0	0.0	1.0
1.0	0.0	1.0
1.0	0.0	1.0
1.0	0.0	1.0
1.0	0.0	1.0
1.0	0.0	1.0
1.0	0.0	1.0
1.0	0.0	1.0
1.0	0.0	1.0
1.0	0.0	1.0
1.0	0.0	1.0
1.0	0.0	1.0
1.0	0.0	1.0
1.0	0.0	1.0
1.0	0.0	1.0
1.0	0.0	1.0
1.0	0.0	1.0
1.0	0.0	1.0
1.0	0.0	1.0
1.0	0.0	1.0
1.0	0.0	1.0
1.0	0.0	1.0
1.0	0.0	1.0
1.0	0.0	1.0
1.0	0.0	1.0
1.0	0.0	1.0
1.0	0.0	1.0
1.0	0.0	1.0
1.0	0.0	1.0
1.0	0.0	1.0
1.0	0.0	1.0
1.0	0.0	1.0
1.0	0.0	1.0
1.0	0.0	1.0
1.0	0.0	1.0
1.0	0.0	1.0
1.0	0.0	1.0
1.0	0.0	1.0
1.0	0.0	1.0
1.0	0.0	1.0
1.0	0.0	1.0
1.0	0.0	1.0
1.0	0.0	1.0
1.0	0.0	1.0
1.0	0.0	1.0
1.0	0.0	1.0
1.0	0.0	1.0
1.0	0.0	1.0
1.0	0.0	1.0
1.0	0.0	1.0
1.0	0.0	1.0
1.0	0.0	1.0
1.0	0.0	1.0
1.0	0.0	1.0
1.0	0.0	1.0
1.0	0.0	1.0
1.0	0.0	1.0
1.0	0.0	1.0
1.0	0.0	1.0
1.0	0.0	1.0
1.0	0.0	1.0
1.0	0.0	1.0
1.0	0.0	1.0
1.0	0.0	1.0
1.0	0.0	1.0
1.0	0.0	1.0
1.0	0.0	1.0
1.0	0.0	1.0
1.0	0.0	1.0
1.0	0.0	1.0
1.0	0.0	1.0
1.0	0.0	1.0
1.0	0.0	1.0
1.0	0.0	1.0
1.0	0.0	1.0
1.0	0.0	1.0
1.0	0.0	1.0
