35.85733414788308
42.91392243214848
40.146433208705176
37.18345340100048
34.698830516655754
32.46509484080349
30.44815850843491
28.616500435107035
26.944637156046966
25.409607655302153
23.9937588335067
22.67882171109339
21.451863783007813
20.300223877905918
19.21210389721825
18.18106015293518
17.19545840293589
16.25018031657754
15.33797958560734
14.45424730633424
13.593633872063617
12.755604837264286
11.935344382683777
11.13175836282236
10.343292723054814
9.56891131515395
8.807793501496562
8.059752134152493
7.324866994019447
6.600967331794922
5.888473671885603
5.187373148700592
4.49717617710602
3.817590299800065
3.1479229862758027
2.488623015392392
1.838559181371782
1.1970112769051506
0.5687362811183263
0.13482395850638923
0.05351418640647125
0.03336923436088462
0.02422829508465323
0.019128538584666316
0.015770365226372884
0.013459804529277843
0.011768837137312435
0.010458615901084148
0.009415929161392672
0.008567146169942101
0.007890593612867456
0.007319238930465655
0.006829626641419498
0.006405577276146019
0.006034778160002673
0.005707930832898235
0.005417987298062721
0.005159171628066495
0.004926704497085448
0.0047247411627792035
0.00454126457054238
0.00437347743870342
0.004219483105150832
0.004077669247969653
0.00394668113658871
0.0038253603193664338
0.0037126749086719424
0.003607734435339242
0.003509766452228485
0.0034180969285240517
0.003332135919082002
0.003251377583747722
0.00317536516370388
0.003103679810779683
0.00303596060427527
0.0029718857040785113
0.002911170834831698
0.002854144491831987
0.002801556153495844
0.002751455851782618
0.0027036710158398983
0.002658051459823031
0.0026144440267279827
0.0025727198442817463
0.0025327639394540787
0.0024944600473649687
0.002457703786004363
0.002422402001355262
0.0023884688627653365
0.0023558251800574483
0.002324397762640166
0.0022941188409942646
0.002264925608682504
0.002236759799610327
0.0022095672961213353
0.002183297530453924
0.0021579034762006562
0.002133341257148956
0.002109569891402578
0.002086551031807667
0.002064248786320792
