0.09090909090909091
0.08333333333333334
0.07692307692307693
0.07142857142857144
0.06666666666666667
0.0625
0.05882352941176471
0.05555555555555556
0.052631578947368425
0.05
0.047619047619047616
0.045454545454545456
0.04347826086956522
0.04166666666666667
0.04
0.038461538461538464
0.037037037037037035
0.03571428571428572
0.034482758620689655
0.03333333333333333
0.03225806451612903
0.03125
0.030303030303030307
0.029411764705882356
0.028571428571428574
0.02777777777777778
0.02702702702702703
0.026315789473684213
0.025641025641025644
0.025
0.02439024390243903
0.023809523809523808
0.023255813953488375
0.022727272727272728
0.022222222222222223
0.02173913043478261
0.02127659574468085
0.020833333333333336
0.02040816326530612
0.02
0.019607843137254905
0.019230769230769232
0.01886792452830189
0.018518518518518517
0.018181818181818184
0.01785714285714286
0.017543859649122806
0.017241379310344827
0.01694915254237288
0.016666666666666666
0.01639344262295082
0.016129032258064516
0.015873015873015876
0.015625
0.015384615384615385
0.015151515151515154
0.014925373134328358
0.014705882352941178
0.014492753623188406
0.014285714285714287
0.014084507042253523
0.01388888888888889
0.013698630136986302
0.013513513513513514
0.013333333333333334
0.013157894736842106
0.012987012987012988
0.012820512820512822
0.012658227848101266
0.0125
0.01234567901234568
0.012195121951219514
0.012048192771084336
0.011904761904761904
0.011764705882352941
0.011627906976744188
0.01149425287356322
0.011363636363636364
0.011235955056179775
0.011111111111111112
0.01098901098901099
0.010869565217391306
0.01075268817204301
0.010638297872340425
0.010526315789473684
0.010416666666666668
0.010309278350515465
0.01020408163265306
0.010101010101010102
0.01
0.009900990099009901
0.009803921568627453
0.009708737864077669
0.009615384615384616
0.009523809523809525
0.009433962264150945
0.009345794392523366
0.009259259259259259
0.009174311926605505
0.009090909090909092
