14.249805874439629
8.02908120467145
6.452321470038975
5.869041355046434
5.690783564881992
5.530110255176818
5.387462889810594
5.259163520374221
5.146952303156488
5.04917595975231
4.9600782813132245
4.887813979260996
4.825773780358092
4.777830108377769
4.735890719576522
4.706244487702789
4.681102087352261
4.665780825915631
4.656232632969728
4.650579792927501
4.649826088229497
4.649099097175829
4.653164193178448
4.653665793699039
4.656213567448702
4.6592677256544786
4.66329722559972
4.667241750975473
4.66835915435784
4.674220728000525
4.674233546349958
4.677440244927361
4.682471112337109
4.685064380907915
4.687446747652229
4.691033428028804
4.691936453464754
4.693054279720759
4.66955485017805
4.1267094915601685
3.5645375151746657
3.213835464815784
2.9493117765698025
2.7308818363379
2.534030865481489
2.3575984278225057
2.1864146156915787
2.022748418277204
1.877895672515713
1.750034995471321
1.6410839209875636
1.5433051781430382
1.4585235758104966
1.3810664353470825
1.3128425661908827
1.251514070352427
1.1943187266508846
1.142874839296237
1.09644680717401
1.055794208225334
1.0187888356837518
0.9846950657944494
0.9522967661246766
0.9221150808946367
0.8939198218715056
0.8677213439793521
0.8433128808182226
0.8205134518299996
0.799171292499326
0.7791484519208991
0.7603255564122794
0.7424757388439921
0.7257380499179368
0.7099179125691464
0.6949413476137899
0.6807377483602972
0.6671560876802545
0.6544491140124437
0.6425657432630097
0.6312157581159061
0.6203055788169134
0.6099227983116469
0.5997957635019339
0.5900321949704224
0.5807017421769851
0.5717778859741511
0.5632045117244576
0.5549611266638418
0.5470287202332388
0.5393895862252627
0.532027738492147
0.52492812191644
0.5180762375125371
0.5114585850942506
0.5050651656106491
0.49888366708335186
0.49290356590293105
0.4871149013847306
0.4815087551349605
0.4760763804262383
