1.9960000000000099e-13
1.9809892741118402
3.9505159619775854
3.620127081628475
3.6170862547885347
3.614265433490524
3.611635847575455
3.609173967147085
3.606860309399196
3.6046785654435256
3.6026149496472137
3.6006577075310613
3.598796737513764
3.5970232965181586
3.5953297681205774
3.5937094779812986
3.592156545463081
3.5906657632625
3.5892324989521542
3.587852613825877
3.586522395529679
3.5852385017666784
3.5839979129658914
3.582797892258718
3.5816359514527054
3.580509821957973
3.579417429827607
3.578356874234255
3.577326408831714
3.5763244255506184
3.575349440457277
3.574400081384181
3.5734750770475423
3.5725732117464495
3.5716933876656274
3.570834585455409
3.5699958541066055
3.5691763049878356
3.56837510648262
3.5675921653836373
3.566853675451276
3.5661649053286077
3.565511353521103
3.564886691012689
3.56428665607287
3.563708630305138
3.56315027177342
3.562609746210084
3.5620856531297296
3.561576782535826
3.561082083774908
3.5606004414514127
3.5601310572172524
3.559673225122906
3.5592263086726206
3.558789731545145
3.558362968379828
3.5579455362584125
3.5575369914594983
3.5571369258266157
3.55674487975368
3.556360510111209
3.555983502071437
3.555613561544047
3.555250413321393
3.5548937989010945
3.5545434751682645
3.5541992135109157
3.5538607986304984
3.553528027342467
3.553200707662812
3.5528786579413345
3.5525617060584773
3.5522496885648653
3.5519424503700208
3.551639844005531
3.551341729101079
3.5510479719010517
3.5507584370790672
3.5504729817734644
3.550191491571947
3.5499138569906874
3.5496399731296258
3.549369739540271
3.5491030598678694
3.548839841590588
3.5485799958962256
3.548323437477757
3.548070084315283
3.5478198575029083
3.547572681087249
3.547328481916588
3.5470871895002434
3.5468487358960212
3.546613055553393
3.546380085204669
3.546149763764562
3.5459220322273484
3.5456968335709322
3.545474112666451
3.5452538161934175
