0.5677405830547371	0.8477577035985766	0.9874634512566264	0.005471975011075632	0.0003250548323835149	0.0	0.43854191025442796	0.00921235163112459
0.6703424774133749	0.8313603654604256	0.9972121675105778	0.0027882797106866712	0.0003869683622752888	0.0	0.7061818631896826	0.1471828673652628
0.7691821816586595	0.8291777752950431	0.6847042735539266	0.008373636215315618	0.0004606356622162156	0.0	0.719510320863674	0.14358268853706138
0.8610236729134828	0.829171407037179	0.6844912512855794	0.008373657685589639	0.0005482811661060838	0.0	0.719886000309073	0.13246391898924859
0.946332591581831	0.8291714487590859	0.9727711678301455	0.0028458971407596652	0.0006525475759242536	0.0	0.720830658637793	0.12224586659209673
1.0	0.829171601106345	0.9739947594870143	0.0028292558284140085	0.0007766095291376642	0.0	0.7222504917831579	0.11288951567524592
1.0	0.8291719694784359	0.9752104369146147	0.0028128610906634315	0.0009239673459070188	0.0	0.7240315576685715	0.10422836362425994
1.0	0.8291728163280002	0.9764030986389238	0.0027964484967656915	0.0010981022221459506	0.0	0.726075286377771	0.09603670126018186
1.0	0.8291747950110411	0.977560416144579	0.0027797287240413386	0.0013029313453773595	0.0	0.7885920953259352	0.1460813238917842
1.0	0.8128942655376123	0.9786782994788821	0.0027623674622871677	0.0015426766150168374	0.0	0.789354317215747	0.14013471027721255
1.0	0.4799936006760981	0.9797418790402205	0.002743960991729796	0.0018219152309196926	0.0	0.8151202170360891	0.15813178488248394
1.0	0.14921527290830822	0.9807362710456247	0.002724016746956042	0.002145648746937902	0.0	0.8133636137785406	0.1509941524679143
1.0	0.13041113809278626	0.9816383671237413	0.0027019489528223146	0.002519384296167526	0.0	0.8117620053338888	0.1431090846037108
1.0	0.12199165305398782	0.9971934676948785	0.002677440585007441	0.002949222927072211	0.0	0.8103466574847352	0.13446664985791526
1.0	0.1177580757349465	0.9971923516048147	0.002658173945275825	0.0034419517667974094	0.0	0.8091486081580528	0.12504049865064681
1.0	0.11631026250754321	0.9971904717304625	0.0026368782700812517	0.004005138356658882	0.0	0.8081976681393209	0.1147847492891977
1.0	0.11610786070684259	0.99718792125552	0.002613107746754551	0.004647226615768786	0.0	0.8075213633776401	0.1036300609085462
1.0	0.11616648786598588	0.997184797179295	0.0025863637797161015	0.005377634381041161	0.0	0.8071438828792031	0.09147884891150423
1.0	0.1162305906583227	0.9971811953935059	0.002556093361072289	0.006206852397221458	0.0	0.8070850892542102	0.07819965104495233
1.0	0.11629918772992463	0.9971772888910033	0.0025217966793973376	0.007146544091754389	0.0	0.8073596398135432	0.06362068956564113
1.0	0.11637109883214689	0.997173208052661	0.0024828983105430647	0.008209644556951744	0.0	0.8079762589357884	0.04752269299003679
1.0	0.1164450461515616	0.9971690882192406	0.002438798053955082	0.009410455928909165	0.0	0.8089371933961752	0.02963104301023906
1.0	0.11651989074252082	0.9971650564127373	0.0023888554572109237	0.010764734812403044	0.0	0.8102119730283317	0.015100602261611718
1.0	0.11659495982731617	0.997161231364831	0.002332385965293226	0.01228976553859374	0.0	0.8117353331270133	0.009873580786203665
1.0	0.11667034241352477	0.9971577298600995	0.0022686639030033793	0.014004410830485392	0.0	0.8134710347422325	0.009874414100884316
1.0	0.11674692701829595	0.9971546682593351	0.0021969199051063946	0.015929128868439425	0.0	0.8153858069134647	0.009875403530277233
1.0	0.11682642126329862	0.9971521644760066	0.002116338355847228	0.018085942799663874	0.0	0.8174429471940916	0.0098765787614973
1.0	0.11691136534405765	0.9971503402462258	0.002026054895198107	0.02049834547698022	0.0	0.24010494291468099	0.016906053655236928
1.0	0.11700514553478093	0.9971493236555783	0.0019251541335498195	0.023191118774143957	0.0	0.24010325250394038	0.016907737656331162
1.0	0.11711201082654803	0.9971492519054772	0.0018126676951728104	0.02619004346227893	0.0	0.2400993736122794	0.01691159998066174
1.0	0.11723709377361755	0.992062251999777	0.00309848200173308	0.029521472732322192	0.0	0.24008958959336585	0.016921342063842302
1.0	0.11738643503623258	0.9847438960838854	0.009864399208460242	0.033211740615461394	0.0	0.24007292648904932	0.016937930107628004
1.0	0.11756701003912236	0.9773753547739585	0.016629369954706694	0.03728637660253375	0.0	0.24004554459071545	0.016965184004519924
1.0	0.11778675432215574	0.9702435479927697	0.023105169015649775	0.04176759262287419	0.0	0.2400011205604672	0.017009082837340914
1.0	0.11805458442633272	0.9635668971789809	0.029072397025786408	0.04666691338741918	0.0	0.23992930067078666	0.017079846167805068
1.0	0.11838041022422272	0.9574895912449867	0.03438617167386052	0.05198971148828508	0.0	0.2398131697709	0.017194001266605863
1.0	0.11877518565766222	0.9520870672404093	0.03897061082516098	0.05773508825173779	0.0	0.23962718565654975	0.01737642168719152
1.0	0.11925132688071209	0.9473782112874748	0.04280659604476386	0.06389529930064984	0.0	0.23935459925734162	0.017642659509355327
1.0	0.11982223162055951	0.9433401431309913	0.045916989823105804	0.0704549646836296	0.0	0.23896125054659337	0.018024710895985466
1.0	0.12050245402567003	0.9399225727269102	0.04835810261576166	0.07739035265412864	0.0	0.2383998809245616	0.018568382700227506
1.0	0.12130774169077119	0.937059963874571	0.050196111046143084	0.08466921078966921	0.0	0.2376035039465984	0.019337592827960673
1.0	0.12225518397287428	0.9346789160289963	0.05149930651517278	0.09225055312643944	0.0	0.23648236139915016	0.020417468453595964
1.0	0.12336305518412122	0.9327016510915984	0.05232877110351311	0.10008487831904345	0.0	0.23491869812226493	0.02191892197741263
1.0	0.12465082743832245	0.9310708814928843	0.05275731967072386	0.10811350036473583	0.0	0.2327576864842724	0.023989008943381667
1.0	0.12613915021614755	0.9297260719541556	0.05283999263061103	0.11627300568088846	0.0	0.22978116908268942	0.02683423005318507
1.0	0.12784987368459774	0.9286178232547482	0.05262682167256508	0.12449595840125875	0.0	0.9692623236245324	0.030737676375467853
1.0	0.12980607351822568	0.9277016014447927	0.05215605514464733	0.13270955130037543	0.0	0.9639149090207157	0.03608509097928372
1.0	0.13203210223732148	0.92755831627513	0.05206200808921797	0.14083692138181064	0.0	0.9588818630008242	0.04111813699917592
1.0	0.1345536720776365	0.9291490144906936	0.05340264494406644	0.14881182730999865	0.0	0.953501789501727	0.04649821049827338
1.0	0.13739795336263522	0.9285849858461577	0.052547598503452045	0.15666500299848168	0.0	0.9478206888362691	0.052179311163731056
1.0	0.1405937751255613	0.9281061661371568	0.05150577839842774	0.1644558910482888	0.0	0.9418654412894664	0.058134558710532996
1.0	0.14417196210993133	0.9277025761192873	0.050280599053586776	0.17224847983687833	0.0	0.9356737788968638	0.06432622110313617
1.0	0.14816586831325088	0.9273710994834645	0.048868218929561225	0.18011366818432875	0.0	0.9292702998687933	0.0707297001312068
1.0	0.15261217620891246	0.9271171647767026	0.0472558365110572	0.18812686687177568	0.0	0.9226652805877197	0.07733471941228015
1.0	0.15755201978044253	0.9269577581600353	0.045418654319606476	0.19637512508801885	0.0	0.9158532079006075	0.08414679209939335
1.0	0.16303269917298757	0.9269265601978629	0.04331471770688537	0.20495296702346502	0.0	0.9088456739630998	0.09115432603690031
1.0	0.16910987999604024	0.92708216349028	0.04087667156548483	0.21396256386228402	0.0	0.9016603431048668	0.09833965689513355
1.0	0.17584490438705527	0.9275208857944467	0.037998920257832386	0.22351695613237837	0.0	0.8943124024096811	0.10568759759031879
1.0	0.18330834300048393	0.9283965732319085	0.034517796111400094	0.23374131314564012	0.0	0.8868151934932555	0.1131848065067441
1.0	0.19158276222563567	0.9299503607765787	0.03018176922873508	0.24478710001177026	0.0	0.8791810467246891	0.12081895327531102
1.0	0.20076554123443013	0.9325548212837496	0.024607267293442495	0.2567638470664358	0.0	0.8714221930721512	0.1285778069278485
1.0	0.21097207900293785	0.9367780988665662	0.01721450950533559	0.2697522099461857	0.0	0.8635518344817624	0.13644816551823757
1.0	0.2223394574545156	0.943475831504588	0.007135549697931218	0.2838351924911447	0.0	0.8555863156432149	0.1444136843567847
1.0	0.2350305393253266	0.9539222514393373	0.0	0.29909997621865336	0.0	0.8475463239263397	0.1524536760736603
1.0	0.2492384627642563	0.9699967777369617	0.0	0.3156563227567764	0.0	0.8394324308017891	0.16056756919821097
1.0	0.2651914347297925	0.9944467109333311	0.0	0.3336165814334113	0.0	0.8312363199308679	0.16876368006913237
1.0	0.28315779518295475	1.0	0.0	0.37171246812767844	0.0	0.8229544165138705	0.1770455834861294
1.0	0.30345331240158974	1.0	0.0	0.5316681782556997	0.0	0.8145880901766767	0.1854119098233235
1.0	0.326451142630052	1.0	0.0	0.658427581701841	0.0	0.8061441771050804	0.19385582289491962
1.0	0.3525962669944115	1.0	0.0	0.7313703954111983	0.0	0.7976396884904211	0.2023603115095791
1.0	0.38242954875394924	1.0	0.0	0.7593366565434445	0.0	0.7891049944603779	0.21089500553962232
1.0	0.4166299138453427	1.0	0.0	0.7634935345047922	0.0	0.7805883051525356	0.21941169484746453
1.0	0.4560684521489364	1.0	0.0	0.7703334264980471	0.0	0.11451828559966463	0.22783923289667032
1.0	0.5033633417465224	1.0	0.0	0.7811932295435808	0.0	0.05425872383320411	0.23607566103245142
1.0	0.5666036406293806	1.0	0.0	0.797951872721781	0.0	0.7520615852408216	0.24793841475917908
1.0	0.6306388950791042	1.0	0.0	0.8234620143435329	0.0	0.6620745884816467	0.26461406729493214
1.0	0.7129056837976582	1.0	0.0	0.861229482493282	0.0	0.10444428225675387	0.2802135700152323
1.0	0.8035601286073559	1.0	0.0	0.9168809526084875	0.0	0.0	1.0
1.0	0.9034517476751913	1.0	0.0	0.9956528497505548	0.0	0.0	1.0
1.0	0.991747330016156	1.0	0.0	0.9683532440733852	0.0	0.0	1.0
1.0	1.0	1.0	0.0	1.0	0.0	0.0	1.0
1.0	1.0	1.0	0.0	1.0	0.0	0.0	1.0
1.0	0.871167356885684	1.0	0.0	0.865544864568544	0.0	0.0	1.0
1.0	0.9145007014756504	1.0	0.0	0.9079770429238381	0.0	0.0	1.0
1.0	0.9735569443906776	1.0	0.0	0.9671338715951707	0.0	0.0	1.0
1.0	1.0	1.0	0.0	1.0	0.0	0.0	1.0
1.0	1.0	1.0	0.0	1.0	0.0	0.0	1.0
1.0	1.0	1.0	0.0	1.0	0.0	0.0	1.0
1.0	1.0	1.0	0.0	1.0	0.0	0.0	1.0
1.0	1.0	1.0	0.0	1.0	0.0	0.0	1.0
1.0	1.0	1.0	0.0	1.0	0.0	0.0	1.0
1.0	1.0	1.0	0.0	1.0	0.0	0.0	1.0
1.0	1.0	1.0	0.0	1.0	0.0	0.0	1.0
1.0	1.0	1.0	0.0	1.0	0.0	0.0	1.0
1.0	1.0	1.0	0.0	1.0	0.0	0.0	1.0
1.0	1.0	1.0	0.0	1.0	0.0	0.0	1.0
1.0	1.0	1.0	0.0	1.0	0.0	0.0	1.0
1.0	1.0	1.0	0.0	1.0	0.0	0.0	1.0
1.0	1.0	1.0	0.0	1.0	0.0	0.0	1.0
1.0	1.0	1.0	0.0	1.0	0.0	0.0	1.0
