10.903601367334637
30.087508679999445
7.085531324516303
30.087508679999445
7.085531324516303
30.087508679999445
7.085531324516303
30.087508679999445
7.085531324516303
30.087508679999445
7.085531324516303
30.087508679999445
7.085531324516303
30.087508679999445
7.085531324516303
30.087508679999445
7.085531324516303
30.087508679999445
7.085531324516303
30.087508679999445
7.085531324516303
30.087508679999445
7.085531324516303
30.087508679999445
7.085531324516303
30.087508679999445
7.085531324516303
30.087508679999445
7.085531324516303
30.087508679999445
7.085531324516303
30.087508679999445
7.085531324516303
30.087508679999445
7.085531324516303
30.087508679999445
7.085531324516303
30.087508679999445
7.085531324516303
30.087508679999445
7.085531324516303
30.087508679999445
7.085531324516303
30.087508679999445
7.085531324516303
30.087508679999445
7.085531324516303
30.087508679999445
7.085531324516303
30.087508679999445
7.085531324516303
30.087508679999445
7.085531324516303
30.087508679999445
7.085531324516303
30.087508679999445
7.085531324516303
30.087508679999445
7.085531324516303
30.087508679999445
7.085531324516303
30.087508679999445
7.085531324516303
30.087508679999445
7.085531324516303
30.087508679999445
7.085531324516303
30.087508679999445
7.085531324516303
30.087508679999445
7.085531324516303
30.087508679999445
7.085531324516303
30.087508679999445
7.085531324516303
30.087508679999445
7.085531324516303
30.087508679999445
7.085531324516303
30.087508679999445
7.085531324516303
30.087508679999445
7.085531324516303
30.087508679999445
7.085531324516303
30.087508679999445
7.085531324516303
30.087508679999445
7.085531324516303
30.087508679999445
7.085531324516303
30.087508679999445
7.085531324516303
30.087508679999445
7.085531324516303
30.087508679999445
7.085531324516303
30.087508679999445
7.085531324516303
30.087508679999445
