0.1
0.30000000000000004
0.5
0.7000000000000001
0.9
1.1
1.3000000000000003
1.5
1.7000000000000002
1.9
2.1
2.3000000000000003
2.5
2.7
2.9000000000000004
3.1
3.3000000000000003
3.5
3.7
3.9000000000000004
4.1
4.300000000000001
4.5
4.700000000000001
4.9
5.1
5.300000000000001
5.5
5.700000000000001
5.9
6.1
6.300000000000001
6.5
6.700000000000001
6.9
7.1
7.300000000000001
7.5
7.700000000000001
7.9
8.100000000000001
8.3
8.5
8.7
8.9
9.100000000000001
9.3
9.5
9.700000000000001
9.9
10.100000000000001
10.3
10.5
10.700000000000001
10.9
11.100000000000001
11.3
11.5
11.700000000000001
11.9
12.100000000000001
12.3
12.5
12.700000000000001
12.9
13.100000000000001
13.3
13.5
13.700000000000001
13.9
14.100000000000001
14.3
14.5
14.700000000000001
14.9
15.100000000000001
15.3
15.5
15.700000000000001
15.9
16.1
16.3
16.5
16.700000000000003
16.9
17.1
17.3
17.5
17.700000000000003
17.9
18.1
18.3
18.5
18.700000000000003
18.9
19.1
19.300000000000004
19.5
19.700000000000003
19.9
20.1
20.300000000000004
20.5
20.700000000000003
20.9
21.1
21.300000000000004
21.5
21.700000000000003
21.9
22.1
22.300000000000004
22.5
22.700000000000003
22.9
