0.025
0.07500000000000001
0.125
0.17500000000000002
0.225
0.275
0.32500000000000007
0.375
0.42500000000000004
0.475
0.525
0.5750000000000001
0.625
0.675
0.7250000000000001
0.775
0.8250000000000001
0.875
0.925
0.9750000000000001
1.025
1.0750000000000002
1.125
1.1750000000000003
1.225
1.275
1.3250000000000002
1.375
1.4250000000000003
1.475
1.525
1.5750000000000002
1.625
1.6750000000000003
1.725
1.775
1.8250000000000002
1.875
1.9250000000000003
1.975
2.0250000000000004
2.075
2.125
2.175
2.225
2.2750000000000004
2.325
2.375
2.4250000000000003
2.475
2.5250000000000004
2.575
2.625
2.6750000000000003
2.725
2.7750000000000004
2.825
2.875
2.9250000000000003
2.975
3.0250000000000004
3.075
3.125
3.1750000000000003
3.225
3.2750000000000004
3.325
3.375
3.4250000000000003
3.475
3.5250000000000004
3.575
3.625
3.6750000000000003
3.725
3.7750000000000004
3.825
3.875
3.9250000000000003
3.975
4.025
4.075
4.125
4.175000000000001
4.225
4.275
4.325
4.375
4.425000000000001
4.475
4.525
4.575
4.625
4.675000000000001
4.725
4.775
4.825000000000001
4.875
4.925000000000001
4.975
5.025
5.075000000000001
5.125
5.175000000000001
5.225
5.275
5.325000000000001
5.375
5.425000000000001
5.475
5.525
5.575000000000001
5.625
5.675000000000001
5.725
5.775
5.825000000000001
5.875
5.925000000000001
5.975
6.025
6.075000000000001
6.125
6.175000000000001
6.225
6.275
6.325000000000001
6.375
6.425000000000001
6.475
6.525
6.575000000000001
6.625
6.675000000000001
6.725
6.775
6.825000000000001
6.875
6.925000000000001
6.975
7.025
7.075000000000001
7.125
7.175000000000001
7.225
7.275
7.325000000000001
7.375
7.425000000000001
7.475
7.525
7.575000000000001
7.625
7.675000000000001
7.725
7.775
7.825000000000001
7.875
7.925000000000001
7.975
